-----------------------------------------------------------------------------
   PRES   HGHT   TEMP   DWPT   RELH   MIXR   DRCT   SKNT   THTA   THTE   THTV
    hPa     m      C      C      %    g/kg    deg   knot     K      K      K 
-----------------------------------------------------------------------------
 1000.0    104                                                               
  996.0    108   25.4   24.6     95  20.02    310      8  298.9  357.5  302.5
  995.0    117   26.6   24.5     88  19.92    312      8  300.2  358.9  303.7
  978.0    276   24.5   22.7     89  18.08    340     10  299.6  352.6  302.8
  972.0    332   23.8   22.0     90  17.46    338     11  299.4  350.6  302.5
  925.0    783   21.4   19.9     91  16.09    325     15  301.2  348.7  304.1
  901.0   1011   19.8   16.7     82  13.45    313     14  301.8  341.7  304.2
  875.0   1264   21.4   15.4     69  12.73    299     14  306.0  344.5  308.3
  850.0   1515   21.2   12.2     56  10.61    285     13  308.3  340.8  310.3
  840.0   1618   21.0   11.0     53   9.91    278     12  309.2  339.7  311.0
  823.0   1792   19.8   10.2     54   9.55    265     10  309.7  339.2  311.5
  794.0   2097   17.7    8.7     55   8.94    265      6  310.7  338.5  312.4
  767.0   2392   15.7    7.2     57   8.38    225      4  311.6  337.8  313.2
  700.0   3170   10.4    3.4     62   7.03    210      5  314.0  336.3  315.3
  696.0   3218   10.0    4.0     66   7.38    205      5  314.0  337.4  315.4
  689.0   3302    9.8    3.5     65   7.18    195      5  314.7  337.6  316.1
  675.0   3472    9.4    2.4     62   6.79    201      4  316.1  337.9  317.4
  665.0   3594    8.6    2.0     63   6.71    205      4  316.5  338.1  317.8
  618.0   4191    4.4    0.2     74   6.32    200      5  318.5  339.0  319.7
  571.0   4836    0.0   -1.8     88   5.91    164      5  320.6  339.9  321.7
  555.0   5063   -0.3   -2.8     83   5.64    152      5  322.8  341.5  323.9
  553.0   5092   -0.5   -3.0     83   5.58    150      5  323.0  341.5  324.1
  532.0   5398   -2.3   -5.0     82   4.99    150      4  324.3  341.0  325.3
  512.0   5702   -4.2   -7.0     81   4.45      0      0  325.7  340.8  326.6
  500.0   5890   -5.3   -8.2     80   4.15      0      1  326.5  340.6  327.3
  493.0   6001   -5.9   -9.0     79   3.94     75      1  327.1  340.6  327.9
  475.0   6292   -7.5  -11.2     75   3.44     80      3  328.6  340.6  329.3
  455.0   6630   -9.3  -13.7     70   2.93     64      3  330.4  340.7  331.0
  439.0   6907  -11.2  -13.6     83   3.06     50      3  331.4  342.1  332.0
  437.0   6942  -11.5  -13.6     84   3.08     43      3  331.5  342.3  332.1
  425.0   7157  -12.5  -15.9     76   2.62      2      3  332.8  342.2  333.4
  423.0   7193  -12.7  -15.8     77   2.64    355      3  333.0  342.4  333.5
  408.0   7469  -14.5  -15.5     92   2.82    337      3  334.2  344.2  334.7
  406.0   7507  -14.7  -15.8     91   2.77    335      3  334.4  344.3  335.0
  400.0   7620  -15.1  -16.7     88   2.60    335      3  335.3  344.6  335.8
  390.0   7809  -16.3  -18.0     86   2.39    345      2  336.1  344.8  336.6
  375.0   8101  -18.1  -20.1     85   2.09     85      2  337.5  345.2  337.9
  360.0   8405  -20.0  -22.2     83   1.81      0      1  338.9  345.6  339.3
  349.0   8636  -21.5  -23.8     82   1.61     35      3  339.9  346.0  340.3
  346.0   8699  -22.0  -24.2     82   1.57     45      3  340.1  346.0  340.4
  332.0   8998  -24.4  -26.3     84   1.35     25      4  340.9  346.0  341.2
  319.0   9288  -26.7  -28.3     86   1.17     50      3  341.6  346.1  341.9
  308.0   9542  -28.7  -30.1     88   1.02     46      4  342.2  346.2  342.4
  306.0   9589  -29.0  -30.7     85   0.98     45      4  342.4  346.3  342.6
  300.0   9730  -29.9  -32.4     79   0.84     20      5  343.1  346.4  343.3
  293.0   9897  -31.0  -35.0     67   0.67    355      6  343.9  346.6  344.0
  291.0   9946  -31.3  -35.8     64   0.62    351      6  344.1  346.6  344.3
  269.0  10492  -35.9  -39.5     69   0.46    305      6  345.3  347.2  345.4
  251.0  10973  -39.9  -42.8     74   0.35    296      5  346.2  347.7  346.3
  250.0  11000  -40.3                         295      5  346.0         346.0
  246.0  11108  -41.2                         310      5  346.2         346.2
  236.0  11385  -43.5                         335      5  346.8         346.8
  225.0  11704  -46.2                         335      7  347.5         347.5
  215.0  12007  -48.8                           5      6  348.0         348.0
  200.0  12490  -52.9                          45     10  348.8         348.8
  187.0  12906  -56.5                          65     12  349.9         349.9
  150.0  14270  -68.1                          85     34  352.6         352.6
  142.0  14597  -71.1                          87     40  352.9         352.9
  133.0  14981  -74.3                          90     48  353.8         353.8
  132.0  15025  -74.7                          90     48  353.9         353.9
  128.0  15204  -74.1                          88     50  358.1         358.1
  102.0  16497  -82.6                          75     63  365.9         365.9
  100.0  16610  -83.3                          75     62  366.5         366.5
   99.3  16649  -83.7                          70     60  366.5         366.5
   96.1  16833  -78.9                          66     43  379.3         379.3
   92.0  17082  -78.0                          60     21  385.8         385.8
   88.0  17336  -77.1                         104     16  392.6         392.6
   87.0  17401  -77.2                         115     15  393.6         393.6
   78.0  18024  -78.6                         100     26  403.2         403.2
   74.0  18324  -79.3                         110     14  407.9         407.9
   71.8  18496  -79.7                         132     14  410.6         410.6
   71.0  18560  -79.3                         140     14  412.6         412.6
   70.0  18640  -78.9                         135     15  415.3         415.3
   64.0  19159  -75.1                         125     21  434.5         434.5
   62.3  19314  -73.9                         120     22  440.4         440.4
   57.1  19824  -74.7                         103     24  449.7         449.7
   52.0  20378  -70.8                          85     27  471.0         471.0
   50.0  20610  -69.1                         100     24  480.2         480.2
   49.0  20730  -69.2                         100     24  482.8         482.8
   47.6  20903  -69.3                          96     26  486.6         486.6
   44.6  21295  -64.7                          88     30  506.9         506.9
   42.0  21664  -64.2                          80     34  516.9         516.9
   31.9  23350  -61.9                          88     32  565.3         565.3
   30.4  23648  -61.3                          90     32  574.8         574.8
   30.0  23730  -60.1                          90     32  580.2         580.2
   29.0  23942  -57.7                          95     26  592.5         592.5
   25.0  24881  -55.3                         103     36  625.0         625.0
   24.0  25139  -55.9                         105     39  630.7         630.7
   20.1  26259  -58.3                         100     47  656.0         656.0
   20.0  26290  -58.7                         100     47  655.8         655.8
   17.8  27025  -56.9                          95     57  683.6         683.6
   16.7  27432  -52.7                          92     62  709.8         709.8
   14.1  28535  -48.5                          85     76  759.1         759.1
   14.0  28582  -48.5                          85     77  760.5         760.5
   13.2  28968  -48.9                          83     80  772.2         772.2
   12.0  29600  -45.9                          80     85  804.2         804.2
   11.8  29711  -45.3                          80     85  810.0         810.0
   11.5  29882  -44.5                                     819.0         819.0
