-----------------------------------------------------------------------------
   PRES   HGHT   TEMP   DWPT   RELH   MIXR   DRCT   SKNT   THTA   THTE   THTV
    hPa     m      C      C      %    g/kg    deg   knot     K      K      K 
-----------------------------------------------------------------------------
 1000.0     89                                                               
  994.0    108   27.4   25.1     87  20.69    300      4  301.1  362.3  304.8
  976.0    278   26.1   24.1     89  19.84    275      8  301.4  360.1  304.9
  944.0    587   23.8   22.3     91  18.36    320     14  301.9  356.3  305.2
  928.0    745   22.6   21.4     93  17.63    324     16  302.1  354.4  305.3
  925.0    775   22.6   20.5     88  16.71    325     16  302.4  352.0  305.4
  912.0    898   21.9   19.7     87  16.11    320     16  302.9  350.9  305.8
  881.0   1199   20.2   17.7     86  14.72    295     16  304.1  348.2  306.8
  850.0   1510   18.4   15.7     84  13.37    295     19  305.4  345.7  307.9
  823.0   1787   16.4   14.6     89  12.86    293     15  306.1  345.0  308.5
  810.0   1923   16.8   13.2     79  11.91    292     13  307.9  344.2  310.1
  793.0   2102   15.9   12.1     78  11.30    290     11  308.9  343.5  310.9
  766.0   2394   14.4   10.3     76  10.37    265      5  310.3  342.3  312.3
  739.0   2697   12.9    8.4     74   9.46    265      3  311.9  341.3  313.6
  713.0   3000   11.4    6.6     72   8.62    305      4  313.4  340.5  315.0
  700.0   3155   10.6    5.6     71   8.21    295      5  314.2  340.1  315.8
  664.0   3592    7.9    4.3     78   7.91    255      4  315.9  341.1  317.4
  658.0   3668    7.4    4.1     80   7.86    260      4  316.2  341.2  317.7
  640.0   3896    6.6    1.2     68   6.57    275      4  317.8  339.0  319.1
  635.0   3960    6.4    0.4     65   6.24    270      4  318.3  338.5  319.5
  617.0   4195    5.1   -1.6     62   5.54    250      2  319.4  337.6  320.5
  610.0   4288    4.6   -2.4     60   5.29    248      2  319.9  337.2  320.9
  594.0   4504    3.2   -3.8     60   4.89    242      4  320.7  336.9  321.6
  590.0   4559    3.0   -7.0     48   3.85    241      4  321.1  334.0  321.8
  574.0   4781    2.0   -9.0     44   3.39    236      5  322.4  333.9  323.1
  554.0   5066    0.0  -10.0     47   3.25    228      6  323.4  334.4  324.0
  531.0   5404   -1.3  -13.3     40   2.60    220      8  325.7  334.8  326.2
  512.0   5693   -3.1  -13.1     46   2.74    232      7  327.0  336.5  327.5
  504.0   5817   -3.7  -17.7     33   1.90    237      7  327.7  334.5  328.1
  500.0   5880   -3.7  -17.7     33   1.91    240      7  328.5  335.3  328.8
  494.0   5975   -4.1  -18.1     33   1.87    241      7  329.1  335.8  329.5
  474.0   6300   -6.1  -12.8     59   3.02    245      7  330.6  341.2  331.1
  472.0   6333   -6.3  -12.3     62   3.17    242      7  330.7  341.8  331.3
  465.0   6450   -6.7  -15.7     49   2.43    233      7  331.6  340.3  332.1
  463.0   6483   -6.9  -17.9     41   2.03    231      6  331.8  339.1  332.2
  458.0   6568   -7.3  -19.3     38   1.82    224      6  332.3  338.9  332.7
  455.0   6619   -7.7  -18.7     41   1.93    220      6  332.4  339.4  332.8
  454.0   6636   -7.7  -14.7     57   2.71    219      6  332.6  342.3  333.2
  453.0   6653   -7.9  -18.9     41   1.91    218      6  332.6  339.5  333.0
  445.0   6791   -8.5  -22.5     31   1.42    207      5  333.5  338.8  333.8
  429.0   7074  -10.1  -19.1     48   1.98    185      4  335.0  342.2  335.4
  422.0   7201  -10.9  -19.9     48   1.88    175      4  335.6  342.5  336.0
  413.0   7366  -11.9  -20.9     47   1.76    179      5  336.3  342.9  336.7
  403.0   7553  -12.9  -24.9     36   1.27    184      6  337.4  342.2  337.7
  400.0   7610  -13.1  -25.1     36   1.25    185      6  337.9  342.6  338.1
  397.0   7667  -13.7  -21.7     51   1.71    187      6  337.8  344.2  338.2
  393.0   7744  -13.9  -26.9     32   1.08    189      6  338.5  342.7  338.8
  387.0   7861  -14.9  -26.9     35   1.10    193      6  338.7  342.9  338.9
  385.0   7901  -15.1  -27.1     35   1.08    194      6  339.0  343.1  339.2
  384.0   7920  -15.1  -31.1     24   0.75    195      6  339.2  342.1  339.4
  383.0   7940  -15.1  -30.1     27   0.82    195      6  339.5  342.7  339.6
  382.0   7960  -15.5  -23.5     50   1.51    196      6  339.2  344.9  339.5
  360.0   8405  -18.9  -24.9     59   1.42    210      5  340.4  345.8  340.7
  346.0   8700  -20.9  -26.9     59   1.22    240      4  341.5  346.2  341.8
  345.0   8722  -21.1  -27.1     58   1.21    240      4  341.6  346.3  341.9
  340.0   8830  -21.7  -30.7     44   0.88    240      5  342.2  345.7  342.4
  325.0   9161  -24.3  -34.3     39   0.65    240      6  343.1  345.7  343.2
  319.0   9296  -25.3  -33.3     47   0.73    240      7  343.5  346.4  343.7
  316.0   9365  -25.9  -31.9     57   0.84    241      7  343.6  346.9  343.8
  315.0   9388  -26.1  -35.1     43   0.62    241      7  343.7  346.1  343.8
  310.0   9504  -26.9  -31.9     63   0.86    242      7  344.1  347.5  344.3
  300.0   9740  -28.5  -32.1     71   0.87    245      8  345.1  348.5  345.3
  295.0   9860  -29.7  -32.8     74   0.83    245      8  345.1  348.3  345.2
  293.0   9909  -30.1  -34.4     66   0.71    245      8  345.2  348.1  345.4
  287.0  10056  -31.1  -39.1     45   0.45    241      8  345.8  347.6  345.9
  285.0  10105  -31.3  -41.3     37   0.36    240      7  346.2  347.7  346.3
  278.0  10281  -32.9  -41.9     40   0.35    236      7  346.3  347.8  346.4
  277.0  10306  -33.1  -43.1     36   0.31    235      7  346.4  347.7  346.5
  276.0  10332  -33.1  -43.1     36   0.31    235      7  346.8  348.1  346.8
  275.0  10357  -33.5  -39.5     55   0.45    234      7  346.6  348.4  346.6
  269.0  10512  -34.5  -42.5     44   0.34    230      6  347.3  348.7  347.4
  268.0  10538  -34.5  -47.5     26   0.20    233      6  347.7  348.5  347.7
  266.0  10590  -34.7  -44.7     35   0.27    238      6  348.1  349.3  348.2
  265.0  10616  -34.9  -41.9     49   0.37    241      6  348.2  349.7  348.3
  262.0  10696  -35.5  -47.5     28   0.20    249      5  348.4  349.3  348.5
  258.0  10802  -36.4  -48.0     29   0.19    260      5  348.7  349.6  348.8
  250.0  11020  -38.1  -49.1     31   0.18    245      4  349.3  350.1  349.3
  241.0  11271  -40.1  -53.1     24   0.11    239      3  350.0  350.5  350.0
  236.0  11410  -41.3                         235      3  350.2         350.2
  226.0  11698  -43.9                         275      1  350.6         350.6
  216.0  11999  -46.6                           0      1  351.1         351.1
  207.0  12281  -49.1                         285      2  351.4         351.4
  200.0  12510  -51.1                         345      3  351.7         351.7
  197.0  12605  -52.0                         345      4  351.9         351.9
  188.0  12897  -54.6                         310      7  352.3         352.3
  171.0  13490  -59.9                           0      6  353.2         353.2
  163.0  13790  -62.6                          60      7  353.5         353.5
  150.0  14310  -67.3                          60     13  354.0         354.0
  142.0  14638  -70.1                          51     20  354.7         354.7
  141.0  14679  -70.5                          50     21  354.7         354.7
  127.0  15291  -75.9                          80     36  355.7         355.7
  125.0  15384  -76.7                                     355.9         355.9
  114.0  15913  -76.9                                     365.0         365.0
