-----------------------------------------------------------------------------
   PRES   HGHT   TEMP   DWPT   RELH   MIXR   DRCT   SKNT   THTA   THTE   THTV
    hPa     m      C      C      %    g/kg    deg   knot     K      K      K 
-----------------------------------------------------------------------------
 1000.0     90                                                               
  994.0    108   27.0   24.9     88  20.44    180      4  300.7  361.0  304.3
  992.0    127   27.8   23.1     76  18.32    193      4  301.6  355.9  304.9
  977.0    269   26.7   22.7     79  18.18    295      4  301.8  355.7  305.1
  944.0    591   24.1   21.9     87  17.87    275      4  302.2  355.2  305.4
  925.0    781   22.6   21.4     93  17.69    235      7  302.4  354.9  305.6
  921.0    819   22.4   20.5     89  16.79    232      8  302.6  352.5  305.6
  916.0    866   23.2   16.2     65  12.80    228      8  303.9  342.2  306.2
  912.0    904   22.9   16.9     69  13.48    225      9  303.9  344.2  306.4
  898.0   1039   21.6   19.5     88  16.16    239      8  303.9  352.3  306.9
  890.0   1116   22.6   11.6     50   9.73    247      7  305.8  335.3  307.6
  882.0   1195   22.0   12.5     55  10.44    255      6  305.9  337.6  307.8
  859.0   1423   20.2   15.2     73  12.80    340      6  306.4  345.1  308.7
  851.0   1504   20.6   14.7     69  12.48     10      6  307.6  345.5  309.9
  850.0   1514   20.6   14.6     68  12.44     10      6  307.7  345.6  310.0
  833.0   1689   20.8   12.8     60  11.27     10      7  309.7  344.4  311.8
  823.0   1794   20.2   11.5     57  10.49     10      8  310.1  342.5  312.1
  788.0   2169   18.0    7.0     49   8.04     37     11  311.7  336.8  313.2
  740.0   2704   13.7    7.7     67   8.97     75     15  312.6  340.6  314.2
  731.0   2808   12.8    7.8     72   9.16     74     15  312.7  341.4  314.5
  700.0   3172   10.6    2.6     58   6.64     70     15  314.2  335.3  315.4
  697.0   3208   10.4    2.4     58   6.57     69     15  314.4  335.3  315.6
  689.0   3304   10.4   -3.8     37   4.21     65     14  315.4  329.1  316.2
  688.0   3316   10.4   -4.6     35   3.97     66     14  315.5  328.5  316.3
  680.0   3413    9.6   -1.4     46   5.11     72     13  315.7  332.2  316.7
  663.0   3622    9.0  -10.0     25   2.71     86     11  317.3  326.4  317.8
  657.0   3697    8.8  -13.2     20   2.12     91     11  317.9  325.1  318.3
  649.0   3799    8.4   -9.6     27   2.86     98     10  318.6  328.2  319.1
  643.0   3875    7.4   -0.6     57   5.73    103      9  318.3  336.9  319.4
  641.0   3900    7.2   -0.7     57   5.70    105      9  318.4  337.0  319.5
  596.0   4491    3.9   -3.2     60   5.10    180      5  321.1  338.0  322.1
  574.0   4796    2.1   -4.5     62   4.81    195      2  322.5  338.6  323.5
  553.0   5099    0.3   -5.8     64   4.53    150      2  323.9  339.1  324.8
  549.0   5158    0.0   -6.0     64   4.48    150      2  324.2  339.2  325.1
  537.0   5335   -0.9  -10.9     47   3.12    150      2  325.2  335.9  325.8
  533.0   5394   -1.3   -9.9     52   3.40    150      2  325.4  337.0  326.0
  526.0   5499   -2.1   -8.1     63   3.97    136      2  325.7  339.2  326.4
  522.0   5560   -2.3  -11.3     50   3.11    128      2  326.1  336.9  326.8
  513.0   5697   -3.2  -11.4     53   3.14    110      2  326.7  337.5  327.3
  500.0   5900   -4.5  -11.5     58   3.19     90      2  327.5  338.5  328.1
  475.0   6300   -7.2  -14.2     57   2.71    120      1  329.0  338.6  329.6
  457.0   6601   -9.2  -16.2     57   2.38      0      1  330.2  338.6  330.7
  454.0   6652   -9.5  -16.5     57   2.33     23      2  330.4  338.7  330.9
  449.0   6737   -9.9  -14.9     67   2.69     61      2  330.9  340.5  331.5
  440.0   6893  -10.7  -16.3     63   2.45    130      4  331.8  340.5  332.3
  423.0   7195  -12.3  -19.0     57   2.02    130      5  333.5  340.9  333.9
  419.0   7267  -12.7  -19.7     56   1.93    121      6  333.9  340.9  334.3
  411.0   7414  -13.1  -29.1     25   0.84    102      9  335.3  338.5  335.4
  406.0   7507  -13.7  -31.1     22   0.71     90     11  335.6  338.4  335.8
  400.0   7620  -14.5  -33.5     18   0.57    100     13  336.1  338.3  336.2
  375.0   8106  -18.1  -35.1     21   0.52    130     19  337.5  339.6  337.6
  368.0   8246  -18.9  -32.9     28   0.66    125     17  338.3  340.9  338.4
  359.0   8431  -19.3  -43.3     10   0.23    119     15  340.2  341.1  340.2
  346.0   8702  -21.3  -44.5     10   0.21    110     12  341.1  342.0  341.1
  326.0   9140  -24.5  -46.5     11   0.18    128     16  342.5  343.3  342.5
  319.0   9297  -25.7  -45.1     15   0.22    135     17  343.0  343.9  343.0
  300.0   9740  -29.1  -41.1     30   0.35    130     15  344.2  345.7  344.3
  297.0   9812  -29.9  -39.9     37   0.40    128     15  344.1  345.8  344.2
  284.0  10130  -32.7  -40.7     45   0.39    122     15  344.5  346.1  344.6
  281.0  10205  -33.3  -40.7     47   0.39    120     15  344.7  346.3  344.8
  279.0  10255  -33.7  -40.7     49   0.39    116     15  344.8  346.5  344.9
  270.0  10486  -35.1  -53.1     14   0.10     97     14  346.1  346.5  346.1
  269.0  10511  -35.3  -53.3     14   0.10     95     14  346.2  346.6  346.2
  258.0  10801  -37.2  -55.8     13   0.08     90      9  347.4  347.8  347.5
  250.0  11020  -38.7  -57.7     12   0.06    100     10  348.4  348.7  348.4
  247.0  11102  -39.3  -57.9     12   0.06    105     10  348.7  349.0  348.7
  243.0  11214  -40.1  -58.1     13   0.06     94      9  349.1  349.4  349.1
  226.0  11697  -44.1                          45      5  350.3         350.3
  216.0  11998  -46.6                          55      2  351.0         351.0
  207.0  12281  -49.0                          85      3  351.6         351.6
  200.0  12510  -50.9                          75      4  352.0         352.0
  188.0  12899  -54.1                          45     10  353.1         353.1
  150.0  14320  -65.7                          70     28  356.7         356.7
  135.0  14950  -70.9                          85     31  358.4         358.4
  123.0  15493  -75.5                          98     34  359.7         359.7
  121.0  15586  -75.9                         100     34  360.6         360.6
  100.0  16670  -80.9                          95     33  371.2         371.2
   98.0  16783  -81.9                          95     30  371.4         371.4
   93.0  17076  -84.5                          90     22  371.8         371.8
   92.3  17118  -84.9                          85     21  371.9         371.9
   88.0  17383  -84.6                          65     12  377.5         377.5
   83.4  17681  -84.3                          80     13  384.0         384.0
   80.7  17866  -78.9                          89     14  398.7         398.7
   75.0  18284  -79.2                         110     15  406.5         406.5
   73.8  18376  -79.3                         101     16  408.2         408.2
   71.8  18533  -78.7                          86     17  412.7         412.7
   71.0  18598  -76.3                          80     17  419.1         419.1
   70.8  18614  -75.7                          78     16  420.8         420.8
   70.0  18680  -75.3                          70     14  423.0         423.0
   67.0  18933  -75.7                          15      5  427.4         427.4
   64.0  19197  -76.2                         165      7  432.0         432.0
   59.5  19617  -76.9                         113     18  439.5         439.5
   58.2  19744  -77.7                          97     21  440.5         440.5
   58.0  19764  -77.2                          95     22  442.0         442.0
   55.8  19988  -71.9                          70     17  459.0         459.0
   55.0  20074  -71.5                          60     15  461.9         461.9
   50.0  20640  -68.5                          50     18  481.6         481.6
   48.6  20811  -66.3                          78     20  490.8         490.8
   47.0  21015  -66.3                         110     23  495.5         495.5
   43.7  21456  -66.3                          89     25  505.9         505.9
   41.0  21849  -64.1                          70     26  520.8         520.8
   39.0  22157  -62.3                          80     19  532.7         532.7
   36.6  22549  -60.1                          77     21  548.2         548.2
   35.0  22828  -60.2                          75     23  554.9         554.9
   32.0  23387  -60.5                          90     23  568.5         568.5
   30.0  23790  -60.7                         125     31  578.6         578.6
   28.0  24218  -62.1                         115     35  586.2         586.2
   27.3  24375  -60.1                                     596.1         596.1
