-----------------------------------------------------------------------------
   PRES   HGHT   TEMP   DWPT   RELH   MIXR   DRCT   SKNT   THTA   THTE   THTV
    hPa     m      C      C      %    g/kg    deg   knot     K      K      K 
-----------------------------------------------------------------------------
 1000.0     84                                                               
  993.0    108   26.8   22.5     77  17.63    310      2  300.6  352.5  303.7
  976.0    269   25.8   22.1     80  17.48    350      9  301.0  352.6  304.1
  925.0    768   22.6   20.8     90  17.03    335     16  302.4  353.0  305.5
  916.0    854   21.6   20.3     92  16.67    332     16  302.2  351.7  305.2
  890.0   1107   21.8   17.5     77  14.35    323     14  304.9  348.0  307.6
  880.0   1206   21.4   17.2     77  14.24    320     14  305.5  348.3  308.1
  851.0   1499   20.1   16.3     79  13.92    340      8  307.0  349.2  309.6
  850.0   1509   20.0   16.3     79  13.91    340      8  307.1  349.2  309.6
  822.0   1795   18.2   14.4     78  12.68    315      2  308.2  346.8  310.5
  794.0   2091   16.4   12.4     77  11.49     10      2  309.3  344.5  311.4
  753.0   2544   13.6    9.3     75   9.86     25      6  311.0  341.5  312.8
  738.0   2714   13.0    6.0     62   8.01     30      7  312.1  337.2  313.6
  713.0   3003   11.8    6.3     69   8.48     40     10  313.9  340.6  315.5
  700.0   3157   11.2    6.5     73   8.75     40      9  314.9  342.5  316.5
  688.0   3301   10.4    5.8     73   8.47     25      9  315.5  342.4  317.1
  664.0   3596    8.7    4.3     74   7.92     40      5  316.9  342.1  318.4
  654.0   3723    8.0    3.7     74   7.69    344      4  317.4  342.1  318.9
  640.0   3900    6.4    3.2     80   7.61    265      3  317.5  341.9  319.0
  617.0   4200    3.6    2.5     93   7.48    300      5  317.7  341.7  319.1
  552.0   5100    0.2   -1.7     87   6.15    330      9  323.9  344.3  325.2
  548.0   5159    0.0   -2.0     86   6.07    326      9  324.4  344.5  325.6
  534.0   5366   -1.7   -2.8     92   5.87    312     10  324.7  344.3  325.9
  532.0   5396   -1.7   -3.2     90   5.72    310     10  325.1  344.2  326.2
  519.0   5594   -1.7   -5.7     74   4.85    349      9  327.4  343.8  328.4
  512.0   5701   -2.2   -6.6     72   4.59     10      8  328.1  343.7  329.0
  500.0   5890   -3.1   -8.1     68   4.18     35      7  329.2  343.6  330.0
  494.0   5986   -3.1   -9.1     63   3.91     65      5  330.3  343.9  331.1
  493.0   6001   -3.2   -9.2     63   3.89     70      5  330.4  343.9  331.2
  474.0   6309   -5.5  -10.6     68   3.62     75      7  331.2  343.8  331.9
  439.0   6908  -10.1  -13.4     77   3.12     38      7  332.8  343.8  333.4
  426.0   7140  -11.1  -16.1     67   2.57     23      7  334.4  343.6  334.9
  423.0   7194  -11.5  -16.5     66   2.50     20      7  334.6  343.6  335.1
  410.0   7432  -13.3  -18.3     66   2.22     23      7  335.2  343.3  335.7
  403.0   7563  -14.1  -15.4     90   2.88     24      7  335.9  346.2  336.4
  400.0   7620  -14.3  -15.4     91   2.90     25      7  336.3  346.7  336.9
  396.0   7696  -14.5  -17.4     79   2.48     25      6  337.0  346.0  337.5
  395.0   7715  -14.5  -16.3     86   2.73     25      6  337.3  347.1  337.8
  391.0   7793  -14.3  -23.3     46   1.51     25      5  338.5  344.2  338.8
  390.0   7812  -14.5  -18.8     70   2.24     28      5  338.5  346.7  338.9
  381.0   7989  -15.7  -20.7     65   1.94     59      5  339.2  346.4  339.6
  377.0   8068  -16.1  -24.1     50   1.45     73      5  339.7  345.2  340.0
  375.0   8108  -16.3  -25.9     43   1.24     80      5  339.9  344.6  340.1
  367.0   8270  -17.3  -33.3     24   0.63     83      6  340.7  343.2  340.8
  361.0   8393  -18.4  -34.4     23   0.58     85      7  340.9  343.2  341.0
  349.0   8645  -20.5  -36.5     23   0.48     68      6  341.3  343.3  341.4
  347.0   8688  -20.9  -37.1     22   0.46     65      6  341.4  343.2  341.5
  340.0   8838  -22.1  -39.1     20   0.38     70      6  341.7  343.2  341.8
  337.0   8903  -22.5  -40.5     18   0.33     72      6  342.0  343.4  342.1
  336.0   8925  -22.7  -41.7     16   0.29     73      6  342.0  343.2  342.1
  333.0   8991  -23.0  -34.9     33   0.60     75      6  342.5  344.9  342.6
  330.0   9057  -23.3  -28.0     65   1.16     86      7  343.0  347.5  343.2
  329.0   9079  -23.1  -34.1     36   0.65     89      7  343.5  346.1  343.7
  327.0   9124  -23.1  -37.1     27   0.49     97      7  344.1  346.1  344.2
  306.0   9606  -26.2  -44.0     17   0.25    175     12  346.4  347.5  346.4
  300.0   9750  -27.1  -46.1     15   0.20    175     14  347.1  348.0  347.1
  250.0  11040  -37.3  -56.3     12   0.07    180     15  350.5  350.8  350.5
  240.0  11319  -39.9  -58.9     11   0.06    178     15  350.7  350.9  350.7
  227.0  11689  -43.1                         175     14  351.4         351.4
  217.0  11988  -45.6                         140      9  352.0         352.0
  207.0  12301  -48.3                          70      5  352.6         352.6
  200.0  12530  -50.3                          60     11  352.9         352.9
  180.0  13193  -55.6                          65     23  355.1         355.1
  150.0  14340  -64.7                          55     37  358.4         358.4
  149.0  14379  -65.0                          55     37  358.6         358.6
  128.0  15263  -71.9                          25     12  362.1         362.1
  115.0  15887  -76.8                         105      9  364.3         364.3
  109.0  16198  -79.2                          90     14  365.4         365.4
  100.0  16700  -83.1                         135     10  366.9         366.9
   98.0  16811  -83.6                         135     10  368.0         368.0
   88.0  17403  -86.5                         110     15  373.8         373.8
   86.0  17530  -87.1                         110     13  375.0         375.0
   83.0  17727  -85.3                         125      8  382.4         382.4
   75.0  18291  -80.4                         105     18  404.1         404.1
   72.5  18480  -78.7                          80     18  411.6         411.6
   70.0  18680  -78.1                          55     18  417.0         417.0
   67.0  18933  -77.7                          30     17  423.0         423.0
   61.0  19474  -77.0                          70     25  436.2         436.2
   60.5  19521  -76.9                          76     23  437.4         437.4
   58.0  19767  -75.7                         105     14  445.5         445.5
   56.1  19961  -74.7                         105     18  451.9         451.9
   54.2  20165  -70.1                         105     23  467.0         467.0
   52.0  20414  -69.1                         105     28  474.9         474.9
   50.0  20650  -68.1                         110     25  482.6         482.6
   42.8  21585  -65.9                          97     33  509.9         509.9
   37.0  22492  -60.5                          85     40  545.4         545.4
   30.3  23736  -53.1                          90     46  597.6         597.6
   30.0  23800  -52.9                          90     46  599.8         599.8
   29.0  24019  -52.9                          80     40  605.6         605.6
   27.0  24481  -53.0                          60     27  617.9         617.9
   24.0  25242  -53.1                          80     28  638.7         638.7
   23.0  25517  -53.2                          65     21  646.4         646.4
   21.0  26105  -53.2                          95     33  663.1         663.1
   20.0  26420  -53.3                          95     36  672.3         672.3
   19.6  26550  -53.3                                     676.2         676.2
