-----------------------------------------------------------------------------
   PRES   HGHT   TEMP   DWPT   RELH   MIXR   DRCT   SKNT   THTA   THTE   THTV
    hPa     m      C      C      %    g/kg    deg   knot     K      K      K 
-----------------------------------------------------------------------------
 1000.0     90                                                               
  994.0    108   26.8   25.1     90  20.69    240      6  300.5  361.5  304.2
  977.0    269   26.3   22.7     81  18.16    325      8  301.4  355.2  304.7
  947.0    559   25.4   18.4     65  14.27    334     15  303.2  345.8  305.8
  944.0    589   25.2   18.3     66  14.24    335     16  303.3  345.8  305.9
  925.0    777   23.8   17.8     69  14.06    335     16  303.6  345.7  306.2
  912.0    900   22.9   17.2     71  13.75    325     15  303.9  345.1  306.4
  889.0   1123   21.2   16.2     73  13.20    303     16  304.4  344.0  306.8
  881.0   1201   21.0   15.6     71  12.77    295     16  304.9  343.4  307.3
  850.0   1511   20.0   13.0     64  11.19    285     16  307.1  341.1  309.1
  814.0   1885   18.8    8.8     52   8.80    291     10  309.6  336.9  311.3
  794.0   2097   17.1    8.6     57   8.93    295      6  310.1  337.7  311.7
  766.0   2403   14.7    8.4     66   9.11      0      1  310.7  338.9  312.4
  733.0   2778   11.8    8.1     78   9.33     63      3  311.4  340.4  313.1
  714.0   2998   10.9    7.1     77   8.92    100      4  312.7  340.7  314.4
  700.0   3164   10.2    6.3     77   8.63     95      5  313.8  340.9  315.4
  688.0   3306    9.3    5.7     78   8.43     90      5  314.3  340.8  315.9
  664.0   3599    7.3    4.5     82   8.02    110      2  315.3  340.8  316.8
  640.0   3902    5.3    3.3     86   7.62    280      7  316.4  340.7  317.8
  622.0   4137    3.8    2.3     90   7.32    299      6  317.2  340.6  318.6
  617.0   4202    3.5    2.0     90   7.22    305      6  317.6  340.8  319.0
  554.0   5072    0.0   -1.9     87   6.05    297      8  323.4  343.4  324.5
  548.0   5159    0.0   -3.6     77   5.38    297      8  324.4  342.3  325.4
  518.0   5609   -1.5   -5.9     72   4.78    293      9  327.8  344.1  328.8
  500.0   5890   -3.3   -7.3     74   4.45    290     10  328.9  344.2  329.8
  493.0   6001   -4.2   -7.7     76   4.38    285     10  329.2  344.3  330.1
  474.0   6309   -6.5   -8.7     85   4.20    265      6  330.0  344.5  330.8
  462.0   6511   -8.1   -9.4     90   4.08    205      4  330.5  344.6  331.3
  456.0   6612   -8.5  -10.2     88   3.88    175      3  331.2  344.7  332.0
  439.0   6906   -9.8  -12.6     80   3.34    115      6  333.2  345.0  333.9
  424.0   7175  -10.9  -14.7     74   2.90    115      2  335.1  345.5  335.7
  422.0   7211  -11.2  -15.2     72   2.79    115      2  335.2  345.2  335.8
  406.0   7506  -13.2  -19.6     59   2.01    135      3  336.3  343.7  336.8
  402.0   7582  -13.7  -20.7     56   1.84    148      3  336.6  343.4  337.0
  400.0   7620  -13.9  -20.9     55   1.82    155      3  336.8  343.6  337.2
  392.0   7773  -14.9  -21.9     55   1.70    195      2  337.5  343.8  337.8
  391.0   7793  -14.9  -25.9     39   1.19    200      2  337.7  342.2  338.0
  390.0   7812  -15.0  -25.5     40   1.24    205      2  337.8  342.5  338.1
  387.0   7870  -15.3  -24.3     46   1.39    187      3  338.2  343.4  338.5
  375.0   8108  -15.8  -27.4     36   1.09    115      5  340.6  344.8  340.8
  373.0   8148  -15.9  -27.9     35   1.04    116      5  341.0  345.0  341.2
  342.0   8795  -21.3  -29.3     49   0.99    124     10  342.2  346.1  342.4
  334.0   8970  -22.1  -37.1     24   0.48    126     11  343.4  345.4  343.5
  319.0   9304  -24.6  -39.6     24   0.39    130     13  344.5  346.1  344.6
  306.0   9606  -26.8  -41.8     23   0.32    120     13  345.5  346.8  345.6
  300.0   9750  -27.9  -42.9     22   0.29    130     12  345.9  347.2  346.0
  258.0  10809  -36.3  -49.7     24   0.16    185     13  348.8  349.4  348.8
  250.0  11030  -38.1  -51.1     24   0.14    185     11  349.3  349.9  349.3
  241.0  11281  -40.1  -52.1     27   0.13    194     12  350.0  350.5  350.0
  226.0  11708  -43.9                         210     13  350.6         350.6
  217.0  11978  -46.3                         195      8  351.0         351.0
  207.0  12291  -49.1                         110      4  351.4         351.4
  200.0  12520  -51.1                         105      5  351.7         351.7
  198.0  12583  -51.6                         105      5  351.8         351.8
  188.0  12909  -54.5                          45      9  352.6         352.6
  150.0  14330  -66.7                          70     12  355.0         355.0
  143.0  14616  -69.3                          74     11  355.3         355.3
  136.0  14916  -68.3                          79     10  362.2         362.2
  134.0  15001  -69.0                          80     10  362.5         362.5
  115.0  15884  -76.3                         180     11  365.2         365.2
  100.0  16690  -82.9                         115     14  367.3         367.3
   98.0  16802  -83.4                         115     13  368.6         368.6
   88.0  17398  -85.8                         150     15  375.2         375.2
   84.6  17616  -86.7                         130     21  377.6         377.6
   81.4  17828  -86.3                         109     17  382.6         382.6
   80.2  17910  -83.9                         101     16  389.2         389.2
   75.0  18284  -83.0                          65      9  398.6         398.6
   71.0  18591  -82.3                         150      7  406.4         406.4
   70.0  18670  -82.1                         145      7  408.4         408.4
   69.8  18686  -82.1                         143      7  408.8         408.8
   67.0  18918  -76.5                         110     13  425.7         425.7
   66.9  18927  -76.3                         110     13  426.3         426.3
   64.3  19155  -76.3                         101     22  431.2         431.2
   64.0  19183  -75.3                         100     23  434.0         434.0
   63.1  19265  -72.1                          97     18  442.7         442.7
   61.0  19466  -71.4                          90      7  448.5         448.5
   58.0  19767  -70.4                         140      6  457.3         457.3
   50.0  20650  -67.5                          55     21  484.0         484.0
   46.7  21060  -66.9                          61     22  495.0         495.0
   45.0  21286  -64.5                          65     22  505.9         505.9
   43.7  21464  -62.7                          73     23  514.7         514.7
   41.4  21797  -61.3                          88     25  526.2         526.2
   39.4  22102  -63.7                         102     27  527.7         527.7
   39.0  22164  -63.7                         105     27  529.1         529.1
   35.8  22687  -64.1                         105     36  541.3         541.3
   30.0  23780  -58.5                         105     56  584.6         584.6
   29.0  23995  -56.8                         105     62  595.0         595.0
   28.0  24218  -55.0                          95     64  605.9         605.9
   27.7  24287  -54.5                          95     64  609.3         609.3
   27.4  24356  -53.9                                     612.8         612.8
