-----------------------------------------------------------------------------
   PRES   HGHT   TEMP   DWPT   RELH   MIXR   DRCT   SKNT   THTA   THTE   THTV
    hPa     m      C      C      %    g/kg    deg   knot     K      K      K 
-----------------------------------------------------------------------------
 1000.0    108                                                               
  996.0    108   24.8   24.2     96  19.53     70      4  298.3  355.3  301.8
  995.0    117   25.4   21.8     80  16.83     63      4  299.0  348.2  302.0
  978.0    275   24.8   21.0     80  16.34    295      5  299.8  347.8  302.8
  945.0    591   23.6   19.5     78  15.38    290     10  301.6  347.1  304.3
  925.0    787   22.8   18.6     77  14.80    275     11  302.6  346.6  305.3
  915.0    882   22.6   17.9     75  14.31    271     11  303.4  346.1  305.9
  913.0    902   22.5   17.8     75  14.25    270     11  303.4  346.0  306.0
  850.0   1525   19.0   14.4     75  12.28    255     14  306.0  343.1  308.3
  794.0   2100   15.9   11.3     74  10.71    230     12  308.8  341.6  310.7
  767.0   2392   14.3    9.7     74   9.97    215     10  310.1  340.9  312.0
  740.0   2695   12.7    8.1     74   9.25    175      6  311.6  340.3  313.3
  700.0   3164   10.2    5.6     73   8.21    170      7  313.8  339.6  315.3
  689.0   3295    9.6    4.7     71   7.83    185      6  314.5  339.3  316.0
  664.0   3602    8.2    2.6     67   6.98    230     10  316.3  338.6  317.6
  653.0   3740    7.6    1.6     66   6.62    230     10  317.1  338.4  318.4
  595.0   4497    2.8   -0.7     77   6.14    230     11  320.1  340.2  321.3
  574.0   4789    1.0   -1.6     83   5.96    200      7  321.3  340.8  322.4
  563.0   4947    0.0   -2.1     86   5.86    205      8  321.9  341.2  323.0
  532.0   5398   -2.3   -4.3     86   5.26    220     10  324.3  341.9  325.4
  512.0   5703   -3.9   -5.8     87   4.87    250      8  326.0  342.4  327.0
  500.0   5890   -3.9   -7.6     75   4.34    240      9  328.2  343.1  329.1
  482.0   6179   -5.7  -10.7     68   3.53    230      6  329.5  341.7  330.2
  474.0   6309   -6.5  -11.4     68   3.40    225      5  330.1  341.9  330.8
  457.0   6592   -8.2  -12.8     69   3.13    225      4  331.4  342.4  332.1
  439.0   6903  -10.0  -14.4     70   2.86    255      7  332.9  343.0  333.5
  423.0   7190  -11.8  -15.9     71   2.62    255      6  334.2  343.6  334.8
  411.0   7413  -13.1  -17.1     72   2.45    269      3  335.3  344.1  335.8
  406.0   7507  -13.6  -19.0     64   2.11    275      2  335.7  343.4  336.2
  400.0   7620  -14.3  -21.3     55   1.76    265      2  336.3  342.8  336.7
  391.0   7791  -15.3  -21.5     59   1.77    250      3  337.2  343.8  337.6
  375.0   8106  -17.1  -21.8     67   1.80    250      3  338.9  345.6  339.3
  373.0   8146  -17.3  -21.8     68   1.80    265      3  339.1  345.8  339.5
  361.0   8390  -18.7  -26.0     53   1.28      0      1  340.5  345.3  340.7
  354.0   8536  -19.5  -28.5     45   1.04     42      2  341.3  345.3  341.5
  346.0   8702  -20.8  -29.7     45   0.95     90      3  341.7  345.4  341.9
  332.0   9002  -23.1  -31.8     45   0.81      0      1  342.6  345.8  342.8
  319.0   9293  -25.4  -33.8     46   0.69    185      4  343.4  346.1  343.5
  306.0   9596  -27.8  -35.9     46   0.59    145      3  344.2  346.5  344.3
  300.0   9740  -28.9  -36.9     46   0.54    155      3  344.5  346.7  344.6
  294.0   9882  -30.1  -38.5     44   0.47    175      4  344.9  346.8  345.0
  281.0  10199  -32.6  -42.1     38   0.34    185      4  345.7  347.1  345.7
  269.0  10506  -35.1  -45.5     34   0.24    155      4  346.4  347.4  346.4
  258.0  10799  -37.5  -48.8     30   0.18    195      7  347.0  347.8  347.1
  250.0  11020  -39.3  -51.3     27   0.14    185      8  347.5  348.1  347.5
  247.0  11102  -40.1  -51.1     30   0.14    180      8  347.5  348.1  347.5
  226.0  11691  -45.1                         175      8  348.7         348.7
  216.0  11990  -47.7                         160      5  349.3         349.3
  200.0  12500  -52.1                         100     11  350.1         350.1
  197.0  12594  -52.9                          90     12  350.3         350.3
  179.0  13190  -58.1                          65     19  351.5         351.5
  150.0  14290  -67.7                          80     25  353.3         353.3
  147.0  14410  -68.8                          80     27  353.5         353.5
  138.0  14786  -72.1                          71     31  354.0         354.0
  133.0  15003  -72.1                          65     34  357.8         357.8
  127.0  15275  -72.1                          63     21  362.5         362.5
  120.0  15601  -74.3                          60      5  364.5         364.5
  114.0  15896  -76.3                         335      3  366.2         366.2
  108.0  16207  -78.3                         205      4  367.9         367.9
  100.0  16650  -81.3                         140     10  370.4         370.4
   98.0  16763  -81.8                         125     11  371.7         371.7
   93.0  17056  -82.9                         185      7  375.0         375.0
   88.2  17352  -84.1                         195     15  378.3         378.3
   88.0  17365  -84.1                         190     16  378.6         378.6
   83.5  17656  -84.3                         154     18  383.9         383.9
   83.0  17690  -83.4                         150     18  386.3         386.3
   81.8  17771  -81.3                         146     16  392.3         392.3
   79.0  17969  -79.9                         135     11  399.1         399.1
   75.6  18219  -78.1                         182      5  407.9         407.9
   75.0  18265  -78.1                         190      4  408.8         408.8
   71.0  18579  -78.1                         185     10  415.3         415.3
   70.0  18660  -78.1                         170      9  417.0         417.0
   67.0  18908  -78.6                         130      9  421.2         421.2
   66.3  18968  -78.7                         129     11  422.2         422.2
   64.0  19171  -73.6                         125     17  437.8         437.8
   63.8  19189  -73.1                         122     17  439.2         439.2
   62.6  19300  -71.1                         103     17  446.0         446.0
   58.0  19747  -72.5                          25     15  452.7         452.7
   57.3  19818  -72.7                          28     15  453.8         453.8
   55.0  20057  -72.4                          40     14  459.9         459.9
   53.3  20241  -72.1                          62     15  464.6         464.6
   52.0  20387  -70.0                          80     16  472.8         472.8
   50.0  20620  -66.7                          75     20  485.9         485.9
   49.3  20706  -65.1                          77     21  491.6         491.6
   47.0  20997  -65.0                          85     25  498.6         498.6
   44.9  21275  -64.9                                     505.4         505.4
