-----------------------------------------------------------------------------
   PRES   HGHT   TEMP   DWPT   RELH   MIXR   DRCT   SKNT   THTA   THTE   THTV
    hPa     m      C      C      %    g/kg    deg   knot     K      K      K 
-----------------------------------------------------------------------------
 1000.0     95                                                               
  995.0    108   25.0   24.2     95  19.55    310      6  298.6  355.8  302.1
  994.0    117   25.6   21.6     79  16.64    309      6  299.3  348.0  302.2
  944.0    591   23.7   19.9     79  15.80    275     15  301.8  348.6  304.6
  931.0    719   23.2   19.5     80  15.58    275     16  302.5  348.7  305.3
  925.0    778   24.0   16.0     61  12.51    275     17  303.8  341.3  306.1
  920.0    826   24.0   15.0     57  11.79    275     16  304.3  339.7  306.5
  894.0   1078   22.2   17.2     73  14.01    275     13  305.0  347.0  307.5
  881.0   1206   21.6   16.0     71  13.13    275     11  305.6  345.2  308.0
  852.0   1498   20.1   13.2     64  11.31    250      6  307.0  341.4  309.1
  850.0   1519   20.0   13.0     64  11.19    250      6  307.1  341.1  309.1
  794.0   2103   17.9    7.8     51   8.41    135      5  310.9  337.1  312.5
  780.0   2256   17.4    6.4     48   7.79    127      7  311.9  336.4  313.4
  714.0   3002   12.7    0.0     42   5.40     90     15  314.7  332.1  315.7
  700.0   3169   11.6   -1.4     40   4.96     95     16  315.3  331.4  316.2
  690.0   3289   11.0   -2.0     40   4.81     97     16  315.9  331.6  316.9
  618.0   4193    4.4   -9.3     36   3.07    110     16  318.4  328.8  319.0
  590.0   4573    1.6  -12.4     35   2.51    112     13  319.4  328.0  319.9
  574.0   4794    0.0   -9.0     51   3.39    112     11  320.1  331.5  320.8
  564.0   4935   -1.1   -7.1     64   4.00    113     10  320.4  333.8  321.2
  545.0   5208   -1.7  -10.7     50   3.12    114      8  322.9  333.5  323.5
  532.0   5400   -3.0   -9.2     62   3.60    115      6  323.5  335.7  324.2
  531.0   5415   -3.1   -9.1     63   3.64    119      6  323.6  335.9  324.3
  526.0   5490   -2.7  -11.7     50   2.98    137      5  324.9  335.2  325.5
  513.0   5688   -3.9  -15.9     39   2.17    186      2  325.8  333.4  326.2
  512.0   5703   -4.0  -15.5     41   2.25    190      2  325.9  333.8  326.3
  500.0   5890   -5.5  -10.5     68   3.46     80      1  326.3  338.1  326.9
  498.0   5921   -5.7  -10.4     69   3.50     74      1  326.4  338.4  327.1
  493.0   6000   -6.1  -11.3     67   3.30     60      2  326.9  338.3  327.6
  476.0   6274   -7.3  -14.3     57   2.67    136      4  328.7  338.0  329.2
  474.0   6307   -7.2  -16.2     49   2.29    145      4  329.1  337.2  329.6
  470.0   6372   -7.1  -20.1     35   1.66    144      4  330.1  336.1  330.4
  422.0   7200  -11.7  -23.2     38   1.40    135      9  334.5  339.7  334.8
  407.0   7479  -13.3  -24.3     39   1.32    152     12  335.9  340.9  336.2
  400.0   7610  -14.3  -28.3     29   0.93    160     13  336.3  339.9  336.5
  390.0   7801  -16.0  -29.4     30   0.86    155     12  336.6  339.9  336.8
  381.0   7977  -17.5  -30.5     31   0.80    137      9  336.8  339.9  337.0
  375.0   8096  -18.4  -29.4     37   0.90    125      7  337.2  340.7  337.4
  363.0   8339  -20.1  -27.1     54   1.15    144      7  338.0  342.4  338.3
  348.0   8651  -21.5  -30.5     44   0.87    168      8  340.2  343.6  340.4
  339.0   8844  -22.7  -37.7     24   0.44    183      8  341.1  342.9  341.2
  330.0   9041  -24.3  -34.3     39   0.64    199      9  341.6  344.1  341.7
  329.0   9063  -24.5  -30.5     58   0.92    200      9  341.6  345.2  341.8
  319.0   9288  -26.3  -38.3     31   0.44    218      9  342.1  343.9  342.2
  318.0   9310  -26.3  -40.3     26   0.36    220      9  342.4  343.9  342.5
  317.0   9333  -26.3  -42.3     21   0.29    225      9  342.8  344.0  342.8
  310.0   9495  -27.5  -35.5     46   0.60    257      8  343.3  345.7  343.4
  300.0   9730  -29.3  -38.3     41   0.47    305      6  344.0  345.9  344.1
  293.0   9897  -30.6  -41.1     35   0.36    320      7  344.5  346.0  344.6
  286.0  10068  -31.9  -43.9     29   0.27    340      4  345.0  346.1  345.0
  281.0  10192  -33.0  -43.1     36   0.30    355      2  345.2  346.5  345.3
  273.0  10394  -34.7  -41.7     49   0.36     48      4  345.5  347.0  345.6
  269.0  10496  -35.6  -41.5     54   0.37     75      5  345.7  347.2  345.8
  265.0  10600  -36.5  -41.4     60   0.39     80      6  345.9  347.4  345.9
  259.0  10758  -37.9  -42.4     63   0.35     89      7  346.1  347.5  346.1
  258.0  10784  -38.0  -43.3     58   0.32     90      7  346.2  347.6  346.3
  250.0  11000  -39.3  -50.3     30   0.15     75      8  347.5  348.2  347.5
  246.0  11110  -40.1  -53.1     24   0.11     70      8  347.9  348.4  347.9
  225.0  11705  -45.0                          45      9  349.4         349.4
  200.0  12490  -51.5                          60     19  351.1         351.1
  188.0  12877  -54.7                          65     20  352.1         352.1
  150.0  14290  -66.5                          80     36  355.3         355.3
  133.0  14991  -72.5                          75     38  357.0         357.0
  114.0  15890  -80.3                          60     46  358.7         358.7
  113.0  15942  -80.7                          60     45  358.8         358.8
  102.0  16518  -80.2                          70     22  370.4         370.4
  100.0  16630  -80.1                          85     18  372.7         372.7
   97.0  16802  -80.3                         105     17  375.6         375.6
   92.0  17101  -80.6                          95     22  380.8         380.8
   87.0  17417  -80.9                          65     17  386.3         386.3
   83.0  17683  -81.2                         100      6  390.9         390.9
   78.1  18027  -81.5                         120     19  397.1         397.1
   78.0  18034  -81.5                         120     19  397.3         397.3
   74.0  18334  -79.5                          95     23  407.4         407.4
   71.0  18569  -78.0                         105     12  415.5         415.5
   70.0  18650  -77.5                         105     13  418.3         418.3
   67.0  18903  -75.4                          90     21  428.1         428.1
   66.0  18990  -74.7                          79     20  431.4         431.4
   63.9  19180  -69.9                          55     17  446.0         446.0
   61.0  19455  -70.5                          20     14  450.6         450.6
   58.0  19753  -71.2                         305      4  455.6         455.6
   55.0  20068  -71.9                          40      5  461.0         461.0
   54.1  20165  -72.1                          56      6  462.6         462.6
   52.0  20399  -71.9                          95     10  468.4         468.4
   50.0  20630  -71.7                          85     10  474.1         474.1
   47.3  20956  -71.5                          85     15  482.2         482.2
   47.0  20994  -71.0                          85     16  484.2         484.2
   45.0  21253  -67.6                         115     21  498.4         498.4
   44.8  21279  -67.3                         115     22  499.9         499.9
   43.0  21527  -66.5                         115     28  507.9         507.9
   40.6  21873  -65.3                         106     29  519.2         519.2
   39.0  22120  -61.8                         100     29  534.0         534.0
   38.6  22183  -60.9                          99     30  537.9         537.9
   32.0  23356  -57.7                          90     41  576.1         576.1
   30.2  23718  -56.7                          81     38  588.4         588.4
   30.0  23760  -56.5                          80     38  590.0         590.0
   29.0  23975  -56.7                          80     28  595.2         595.2
   28.0  24197  -56.9                          90     40  600.5         600.5
   26.5  24545  -57.3                                     609.0         609.0
