-----------------------------------------------------------------------------
   PRES   HGHT   TEMP   DWPT   RELH   MIXR   DRCT   SKNT   THTA   THTE   THTV
    hPa     m      C      C      %    g/kg    deg   knot     K      K      K 
-----------------------------------------------------------------------------
 1000.0     91                                                               
  994.0    108   25.6   24.8     95  20.31    320      3  299.3  358.9  302.9
  925.0    780   22.2   19.4     84  15.58    290     13  302.0  348.2  304.8
  882.0   1191   20.0   17.2     84  14.20    276     15  303.9  346.3  306.4
  851.0   1497   17.7   16.3     92  13.92    265     16  304.6  346.3  307.1
  850.0   1507   17.6   16.3     92  13.91    265     16  304.6  346.3  307.1
  842.0   1588   17.2   16.0     93  13.77    266     16  305.0  346.3  307.5
  813.0   1888   15.0   10.3     73   9.76    268     14  305.7  335.3  307.5
  787.0   2165   16.6   11.6     72  11.02    269     13  310.3  344.2  312.3
  769.0   2363   16.6    9.6     63   9.85    271     12  312.3  343.0  314.2
  713.0   3003   11.8    4.8     62   7.60    275      9  313.8  337.8  315.3
  709.0   3051   11.4    4.4     62   7.45    277      9  313.9  337.5  315.3
  700.0   3158   11.0    5.0     66   7.87    280      9  314.6  339.6  316.1
  688.0   3301   10.3    3.8     64   7.35    270      7  315.4  338.8  316.8
  652.0   3747    8.0    0.0     57   5.90    185      5  317.7  336.8  318.8
  640.0   3898    7.0   -0.7     58   5.74    155      4  318.2  336.9  319.3
  565.0   4912    0.0   -5.0     69   4.69    104      7  321.6  337.1  322.5
  552.0   5097   -1.1   -5.9     69   4.47     95      8  322.4  337.4  323.3
  514.0   5663   -4.3   -8.8     71   3.85     90      5  325.2  338.2  325.9
  512.0   5694   -4.6   -8.7     73   3.89     90      5  325.2  338.4  326.0
  502.0   5849   -5.9   -8.3     83   4.10    115      6  325.4  339.3  326.2
  500.0   5880   -6.1   -8.3     84   4.11    120      6  325.5  339.5  326.4
  492.0   6007   -6.8   -9.8     79   3.71    125      7  326.2  338.9  327.0
  478.0   6233   -7.9  -12.5     70   3.08    125      7  327.5  338.2  328.1
  474.0   6299   -8.1  -14.9     58   2.55    125      7  328.1  337.0  328.6
  470.0   6365   -8.3  -17.3     48   2.11    120      7  328.6  336.1  329.0
  457.0   6584   -8.9  -15.9     57   2.44    101      7  330.5  339.2  331.0
  456.0   6601   -9.0  -16.1     56   2.41    100      7  330.6  339.2  331.1
  435.0   6966  -10.7  -19.7     48   1.85    128      6  332.9  339.7  333.3
  431.0   7038  -11.1  -22.1     40   1.52    134      6  333.3  338.9  333.6
  429.0   7074  -11.1  -21.1     44   1.67    137      5  333.7  339.9  334.1
  428.0   7092  -11.3  -22.3     40   1.50    138      5  333.7  339.2  334.0
  427.0   7110  -11.5  -17.5     61   2.28    140      5  333.7  341.9  334.1
  424.0   7164  -11.7  -20.7     47   1.74    144      5  334.1  340.5  334.4
  409.0   7440  -13.5  -23.5     43   1.41    166      4  335.2  340.5  335.5
  406.0   7497  -13.9  -24.5     40   1.31    170      4  335.5  340.4  335.7
  404.0   7534  -14.1  -25.1     39   1.24    188      4  335.6  340.3  335.9
  400.0   7610  -14.9  -22.9     51   1.52    225      3  335.5  341.2  335.9
  399.0   7629  -15.1  -23.1     50   1.50    225      3  335.5  341.1  335.8
  398.0   7648  -15.1  -20.0     66   1.98    226      3  335.8  343.0  336.2
  393.0   7743  -15.3  -22.3     55   1.64    228      3  336.7  342.8  337.0
  390.0   7801  -15.7  -23.4     51   1.49    230      3  337.0  342.5  337.3
  385.0   7898  -16.3  -25.3     46   1.28    222      3  337.4  342.2  337.6
  382.0   7956  -16.7  -22.7     60   1.63    217      2  337.6  343.7  337.9
  375.0   8094  -17.6  -25.2     52   1.33    205      2  338.3  343.3  338.5
  369.0   8215  -18.3  -27.3     45   1.11    248      2  338.8  343.1  339.1
  360.0   8397  -19.8  -26.6     55   1.22    315      3  339.2  343.9  339.5
  350.0   8606  -21.5  -25.7     69   1.36    302      4  339.7  344.8  339.9
  345.0   8710  -22.2  -26.5     69   1.28    295      4  340.1  344.9  340.3
  332.0   8987  -24.2  -28.5     68   1.10    340      6  341.1  345.3  341.3
  300.0   9720  -29.5  -33.9     66   0.73    315      9  343.7  346.6  343.8
  293.0   9887  -30.8  -36.1     59   0.60    305      9  344.2  346.6  344.4
  267.0  10545  -35.7  -44.7     39   0.27    330      5  346.3  347.4  346.3
  257.0  10809  -38.1  -46.0     44   0.24    340      3  346.5  347.5  346.5
  250.0  11000  -39.9  -46.9     47   0.22     35      3  346.6  347.6  346.7
  249.0  11027  -39.9  -45.9     53   0.25     44      3  347.0  348.1  347.1
  246.0  11108  -40.6                          70      4  347.2         347.2
  236.0  11383  -43.0                         105      5  347.7         347.7
  225.0  11699  -45.7                         120      8  348.3         348.3
  206.0  12284  -50.8                          85     15  349.2         349.2
  200.0  12480  -52.5                          85     18  349.5         349.5
  150.0  14270  -67.5                         100     36  353.6         353.6
  140.0  14675  -70.8                          95     41  354.9         354.9
  121.0  15531  -77.7                          77     45  357.4         357.4
  114.0  15868  -79.0                          70     47  361.1         361.1
  100.0  16610  -81.9                          85     54  369.2         369.2
   98.3  16706  -82.7                          85     53  369.5         369.5
   97.0  16781  -81.7                          90     52  372.9         372.9
   95.7  16856  -80.7                          91     50  376.3         376.3
   89.5  17234  -80.3                          95     39  384.3         384.3
   82.3  17703  -83.9                         100     26  386.3         386.3
   82.0  17724  -84.0                         100     25  386.6         386.6
   79.3  17909  -84.5                          90     23  389.2         389.2
   77.0  18074  -80.1                          82     21  401.6         401.6
   70.0  18620  -74.7                          55     16  424.2         424.2
   69.9  18628  -74.5                          54     16  424.9         424.9
   67.0  18875  -74.7                          25      9  429.5         429.5
   63.0  19234  -75.1                         350      8  436.4         436.4
   60.4  19480  -75.3                          38      8  441.2         441.2
   60.0  19519  -75.3                          45      8  442.1         442.1
   57.0  19818  -75.0                          85     16  449.3         449.3
   54.6  20069  -74.7                          90     18  455.5         455.5
   52.0  20356  -70.8                          95     21  470.9         470.9
   51.8  20379  -70.5                          95     21  472.1         472.1
   50.0  20590  -70.3                          90     25  477.4         477.4
   48.2  20808  -69.7                          81     32  483.9         483.9
   47.0  20959  -68.7                          75     37  489.7         489.7
   46.5  21023  -68.3                          78     36  492.2         492.2
   45.3  21181  -63.9                          85     34  506.6         506.6
   42.0  21647  -63.4                         105     29  518.9         518.9
   35.0  22770  -62.2                         105     34  549.8         549.8
   33.0  23133  -61.8                         115     32  560.1         560.1
   32.0  23322  -61.6                          85     23  565.6         565.6
   31.6  23400  -61.5                                     567.9         567.9
