-----------------------------------------------------------------------------
   PRES   HGHT   TEMP   DWPT   RELH   MIXR   DRCT   SKNT   THTA   THTE   THTV
    hPa     m      C      C      %    g/kg    deg   knot     K      K      K 
-----------------------------------------------------------------------------
 1000.0     87                                                               
  994.0    108   25.0   22.2     84  17.28    210      4  298.7  349.2  301.8
  993.0    117   26.0   21.7     77  16.76    212      4  299.8  349.0  302.8
  976.0    276   25.2   21.1     78  16.38    240      9  300.4  348.7  303.4
  939.0    633   23.4   19.6     79  15.54    251     13  301.9  348.0  304.7
  925.0    770   22.6   17.6     73  13.88    255     15  302.4  343.7  304.9
  894.0   1069   22.0   11.0     50   9.30    265     13  304.8  332.9  306.5
  881.0   1197   21.1   11.1     53   9.50    270     12  305.1  333.9  306.9
  868.0   1326   20.2   11.2     56   9.71    266     12  305.5  334.9  307.2
  862.0   1386   20.2    6.2     40   6.94    264     13  306.1  327.4  307.4
  851.0   1498   19.3    8.0     48   7.99    260     13  306.2  330.7  307.7
  850.0   1508   19.2    8.2     49   8.09    260     12  306.2  331.0  307.7
  848.0   1528   19.0   10.0     56   9.17    258     12  306.2  334.2  307.9
  825.0   1765   19.0    2.0     32   5.39    234     11  308.7  325.6  309.7
  821.0   1806   18.7    1.7     32   5.31    230     11  308.8  325.5  309.8
  771.0   2342   15.2   -1.8     31   4.37    232     10  310.6  324.6  311.4
  760.0   2463   14.0    4.0     51   6.75    232     10  310.6  331.7  311.8
  754.0   2530   14.2   -0.8     36   4.81    233      9  311.5  326.9  312.4
  712.0   3011   11.0    0.0     47   5.40    234      8  313.1  330.4  314.1
  700.0   3153   11.2    2.2     54   6.45    235      8  314.9  335.5  316.1
  693.0   3237   11.0    0.0     47   5.55    237      9  315.5  333.4  316.6
  667.0   3555    8.6   -2.4     46   4.83    243     10  316.3  332.0  317.2
  647.0   3807    8.6  -21.4     10   1.08    249     12  319.1  322.9  319.3
  637.0   3936    8.0  -22.0     10   1.04    251     13  319.8  323.5  320.0
  627.0   4066    7.0  -16.0     18   1.76    254     14  320.1  326.3  320.5
  621.0   4145    6.2   -8.8     33   3.18    256     14  320.1  330.8  320.7
  618.0   4185    5.6   -3.4     52   4.84    257     14  319.8  335.8  320.8
  617.0   4198    5.2    0.2     70   6.33    257     14  319.5  340.1  320.8
  573.0   4798    1.6   -1.4     81   6.06    270     18  322.1  342.1  323.3
  555.0   5057    0.0   -2.1     86   5.95    267     18  323.2  342.9  324.4
  523.0   5532   -1.9   -7.9     64   4.06    262     18  326.4  340.3  327.2
  518.0   5609   -1.5  -13.5     40   2.62    261     18  327.8  337.0  328.3
  512.0   5702   -2.5   -9.4     59   3.69    260     18  327.7  340.4  328.4
  511.0   5717   -2.7   -8.7     63   3.90    260     18  327.6  341.0  328.4
  500.0   5890   -3.5   -9.5     63   3.74    260     18  328.7  341.6  329.4
  475.0   6292   -5.5  -13.5     53   2.86    263     18  331.1  341.2  331.7
  449.0   6728   -8.7  -13.0     71   3.15    267     18  332.4  343.5  333.1
  422.0   7204  -10.9  -15.7     68   2.68    271     19  335.6  345.2  336.1
  403.0   7554  -13.7  -19.7     61   2.00    275     19  336.4  343.7  336.8
  400.0   7610  -14.1  -21.1     55   1.79    275     19  336.6  343.2  336.9
  390.0   7801  -15.6  -21.1     63   1.83    270     19  337.0  343.8  337.4
  368.0   8238  -19.1  -21.2     83   1.93    265     15  338.0  345.1  338.4
  346.0   8695  -22.5  -24.5     84   1.52    260     11  339.4  345.1  339.7
  345.0   8716  -22.7  -24.7     84   1.51    260     11  339.4  345.1  339.8
  330.0   9042  -24.9  -27.7     77   1.20    267     10  340.8  345.4  341.0
  327.0   9108  -25.5  -28.9     73   1.08    268     10  340.8  345.0  341.1
  323.0   9198  -25.9  -32.9     52   0.75    270     10  341.5  344.4  341.6
  322.0   9220  -26.1  -33.1     52   0.73    270     10  341.5  344.4  341.7
  321.0   9243  -26.1  -39.1     28   0.40    271     10  341.8  343.5  341.9
  318.0   9311  -26.3  -40.3     26   0.36    272     10  342.4  343.9  342.5
  317.0   9334  -26.5  -40.5     25   0.35    272     10  342.5  343.9  342.6
  314.0   9402  -27.1  -33.1     57   0.75    274     10  342.6  345.6  342.7
  300.0   9730  -29.5  -33.6     68   0.75    280      9  343.7  346.7  343.8
  283.0  10141  -32.5  -36.5     67   0.60    276      9  345.2  347.6  345.3
  281.0  10191  -32.6  -38.0     59   0.52    275      9  345.7  347.8  345.8
  274.0  10367  -33.1  -43.1     36   0.31    258      5  347.5  348.8  347.6
  269.0  10494  -34.1  -45.0     33   0.26    245      2  347.8  348.9  347.9
  258.0  10782  -36.5  -49.1     26   0.17     95      8  348.5  349.2  348.5
  250.0  11000  -38.3  -52.3     22   0.12    100     13  349.0  349.5  349.0
  241.0  11252  -40.1  -56.1     16   0.08     97     16  350.0  350.3  350.0
  216.0  11985  -46.6                          90     26  351.1         351.1
  200.0  12500  -51.1                         100     30  351.7         351.7
  197.0  12595  -51.9                         100     30  351.9         351.9
  179.0  13194  -57.2                          90     29  353.1         353.1
  150.0  14300  -66.9                         105     46  354.6         354.6
  127.0  15285  -75.1                         109     56  357.1         357.1
  120.0  15606  -77.2                         110     59  359.1         359.1
  100.0  16640  -83.9                          85     51  365.4         365.4
   95.4  16901  -86.1                          85     45  366.0         366.0
   87.0  17415  -82.7                          75     37  382.5         382.5
   81.8  17759  -80.5                          85     33  393.9         393.9
   77.2  18086  -82.1                          94     29  397.2         397.2
   74.2  18310  -79.9                         101     26  406.3         406.3
   70.0  18640  -80.9                         110     22  411.0         411.0
   68.6  18753  -81.7                         105     24  411.7         411.7
   67.0  18885  -80.8                         100     27  416.4         416.4
   66.1  18960  -80.3                          99     27  419.1         419.1
   63.2  19216  -74.5                          97     27  437.3         437.3
   61.4  19384  -71.7                          96     27  447.1         447.1
   60.0  19520  -71.2                          95     27  451.2         451.2
   56.8  19842  -69.9                          61     20  461.2         461.2
   54.0  20139  -71.4                          30     14  464.6         464.6
   52.3  20327  -72.3                          72     15  466.7         466.7
   52.0  20361  -72.3                          80     15  467.5         467.5
   50.0  20590  -72.1                          95     19  473.2         473.2
   47.9  20842  -72.5                          98     23  478.1         478.1
   44.1  21333  -68.5                         105     32  499.2         499.2
   44.0  21346  -68.2                         105     32  500.3         500.3
   42.7  21528  -64.5                          97     31  513.7         513.7
   38.1  22234  -58.3                          66     29  546.5         546.5
   38.0  22251  -58.3                          65     29  546.9         546.9
   35.0  22769  -58.0                          65     32  560.8         560.8
   34.5  22859  -57.9                          59     29  563.3         563.3
   32.0  23329  -61.0                          25     12  567.2         567.2
   31.3  23467  -61.9                          46     13  568.4         568.4
   30.0  23730  -60.7                          85     15  578.6         578.6
   25.3  24790  -60.1                         100     36  609.2         609.2
   24.0  25122  -58.0                         105     42  624.4         624.4
   23.2  25334  -56.7                         104     44  634.4         634.4
   21.4  25844  -58.3                         102     48  644.4         644.4
   20.0  26270  -57.3                         100     52  660.0         660.0
   18.9  26627  -57.5                          98     56  670.2         670.2
   14.0  28571  -46.3                          90     77  768.1         768.1
   13.5  28814  -45.6                          90     77  778.6         778.6
   12.2  29490  -43.5                          81     67  808.8         808.8
   12.0                                        80     65                     
