-----------------------------------------------------------------------------
   PRES   HGHT   TEMP   DWPT   RELH   MIXR   DRCT   SKNT   THTA   THTE   THTV
    hPa     m      C      C      %    g/kg    deg   knot     K      K      K 
-----------------------------------------------------------------------------
   91.5         -83.7                                     375.2         375.2
   83.0         -83.0                          90     42  387.2         387.2
   78.0         -82.5                          75     21  395.1         395.1
   75.8         -82.3                         108     15  398.8         398.8
   74.0         -81.3                         135     10  403.7         403.7
   67.0         -77.1                         110     22  424.4         424.4
   63.9         -75.1                         106     29  434.6         434.6
   61.1         -75.7                         102     35  438.8         438.8
   60.0         -73.7                         100     38  445.6         445.6
   58.3         -70.5                          99     33  456.5         456.5
   52.0         -72.5                          95     14  466.9         466.9
   50.4         -73.1                         101     18  469.8         469.8
   47.0         -72.8                         115     27  480.0         480.0
   46.0         -72.7                         107     30  483.1         483.1
   44.0         -68.3                          90     37  500.1         500.1
   43.3         -66.7                          91     37  506.3         506.3
   35.1         -59.5                         100     31  556.3         556.3
   35.0         -59.5                         100     31  556.8         556.8
   32.0         -59.7                          90     35  570.8         570.8
   31.5         -59.7                          90     36  573.3         573.3
   29.9         -57.1                          92     40  589.0         589.0
   27.0         -58.1                          95     47  603.5         603.5
   24.5         -59.1                          83     49  617.7         617.7
   22.0         -54.2                          70     51  651.5         651.5
   20.9         -51.9                          78     49  668.1         668.1
   20.0         -51.7                          85     48  677.1         677.1
   18.9         -51.5                                     688.8         688.8
