-----------------------------------------------------------------------------
   PRES   HGHT   TEMP   DWPT   RELH   MIXR   DRCT   SKNT   THTA   THTE   THTV
    hPa     m      C      C      %    g/kg    deg   knot     K      K      K 
-----------------------------------------------------------------------------
 1000.0     66                                                               
  992.0    108   27.6   24.1     81  19.49      0      1  301.4  359.2  304.9
  974.0    277   26.4   23.4     84  19.01    285     10  301.8  358.2  305.2
  925.0    753   23.0   21.4     91  17.69    275     17  302.8  355.4  306.0
  866.0   1329   19.4   18.4     94  15.63    263     19  304.8  351.7  307.7
  850.0   1490   18.6   17.7     95  15.23    260     19  305.6  351.4  308.4
  849.0   1500   18.5   17.6     94  15.18    260     19  305.6  351.3  308.4
  829.0   1705   17.2   16.2     94  14.17    260     19  306.3  349.1  308.9
  806.0   1946   17.2   14.4     84  12.96    260     19  308.8  348.4  311.2
  791.0   2106   16.4   13.0     80  12.01    260     19  309.6  346.4  311.8
  711.0   3009   11.8    4.8     62   7.64    234     16  314.1  338.3  315.6
  702.0   3116   12.2   -2.8     35   4.46    231     15  315.7  330.2  316.6
  700.0   3140   12.0   -2.0     38   4.74    230     15  315.7  331.2  316.6
  698.0   3164   11.6   -0.4     43   5.35    229     15  315.6  332.9  316.6
  696.0   3188   11.2    4.2     62   7.48    228     15  315.4  339.2  316.8
  691.0   3248   10.4    7.0     79   9.18    225     14  315.1  344.1  316.9
  639.0   3894    6.6    3.2     79   7.59    195     10  317.9  342.3  319.4
  634.0   3959    6.2    2.8     79   7.44    196     10  318.2  342.1  319.6
  623.0   4102    5.4    0.8     72   6.55    198     10  318.9  340.1  320.1
  616.0   4194    5.2   -5.8     45   4.05    200     11  319.7  333.1  320.5
  615.0   4207    5.4   -8.6     36   3.26    200     11  320.1  331.0  320.7
  612.0   4247    5.0   -6.0     45   4.01    201     11  320.0  333.4  320.8
  599.0   4422    5.4  -31.6      5   0.46    204     11  322.5  324.2  322.6
  576.0   4739    3.2  -21.8     14   1.17    209     12  323.5  327.7  323.8
  569.0   4837    2.8  -15.2     25   2.07    211     12  324.2  331.5  324.6
  551.0   5096    1.0  -12.0     37   2.78    215     12  325.1  334.7  325.6
  543.0   5213    1.2  -34.8      5   0.37    217     13  326.6  328.1  326.7
  531.0   5392    0.4  -38.9      3   0.25    220     13  327.8  328.8  327.8
  525.0   5482    0.0  -41.0      3   0.20    215     12  328.4  329.2  328.4
  507.0   5760   -1.5  -35.5      5   0.37    201     10  329.8  331.3  329.9
  501.0   5854   -2.3  -17.3     31   1.98    196      9  330.0  337.1  330.4
  500.0   5870   -2.3  -17.3     31   1.98    195      9  330.2  337.3  330.6
  496.0   5934   -2.7   -8.7     63   4.02    195      9  330.4  344.4  331.2
  493.0   5982   -2.5  -22.5     20   1.28    195      9  331.3  336.0  331.5
  485.0   6112   -3.3  -28.3     12   0.77    195      8  331.8  334.8  332.0
  477.0   6243   -4.3  -22.3     23   1.35    195      8  332.2  337.2  332.4
  474.0   6293   -4.7  -19.7     30   1.70    195      8  332.3  338.5  332.6
  471.0   6343   -5.1  -17.1     38   2.14    187      8  332.4  340.1  332.8
  470.0   6359   -5.3  -16.3     42   2.29    184      8  332.3  340.6  332.8
  466.0   6426   -5.1  -27.1     16   0.90    173      7  333.4  336.8  333.6
  456.0   6596   -5.9  -33.2     10   0.52    145      6  334.4  336.5  334.6
  449.0   6718   -6.5  -37.5      7   0.34    145      6  335.2  336.6  335.3
  417.0   7291  -10.5  -35.5     11   0.45    145      8  337.2  339.0  337.3
  409.0   7440  -11.5  -37.5     10   0.37    145      9  337.8  339.3  337.9
  406.0   7496  -11.9  -31.9     17   0.66    145      9  338.0  340.6  338.2
  404.0   7534  -12.1  -28.1     25   0.94    145      9  338.2  341.8  338.4
  400.0   7610  -12.7  -30.7     21   0.75    145      9  338.4  341.3  338.6
  386.0   7882  -14.7  -32.7     20   0.64    143     10  339.2  341.8  339.4
  365.0   8304  -17.9  -34.9     21   0.54    141     12  340.4  342.6  340.5
  360.0   8407  -18.6  -32.0     30   0.73    140     13  340.8  343.7  341.0
  354.0   8533  -19.5  -28.5     45   1.04    136     12  341.3  345.3  341.5
  338.0   8877  -21.5  -39.5     18   0.37    124     10  343.1  344.6  343.1
  319.0   9303  -23.7  -46.2     11   0.19    110      8  345.8  346.6  345.8
  317.0   9349  -23.9  -46.9     10   0.18    112      9  346.1  346.9  346.1
  300.0   9750  -27.1  -49.1     11   0.15    130     15  347.1  347.7  347.1
  282.0  10191  -30.5  -47.8     17   0.18    140     12  348.4  349.2  348.4
  281.0  10216  -30.7  -47.7     17   0.18    140     12  348.4  349.2  348.5
  259.0  10784  -35.7  -45.8     35   0.25    140      5  349.3  350.3  349.3
  250.0  11030  -37.9  -44.9     48   0.28    105      5  349.6  350.8  349.6
  241.0  11282  -39.9  -44.9     59   0.29     74      9  350.3  351.5  350.3
  237.0  11394  -40.7                          60     11  350.7         350.7
  217.0  11984  -45.1                          45     19  352.9         352.9
  200.0  12530  -49.1                          50     25  354.9         354.9
  198.0  12594  -49.7                          55     26  355.0         355.0
  172.0  13484  -57.5                          95     40  356.6         356.6
  150.0  14350  -65.1                         105     39  357.7         357.7
  135.0  14984  -70.5                         100     41  359.1         359.1
  133.0  15074  -71.3                          99     40  359.2         359.2
  104.0  16494  -80.4                          90     30  367.9         367.9
  100.0  16720  -81.9                         100     33  369.2         369.2
   93.0  17121  -85.2                         105     33  370.4         370.4
   88.5  17395  -87.5                          90     35  371.2         371.2
   84.4  17655  -84.7                          85     27  381.9         381.9
   84.0  17681  -84.8                          85     26  382.2         382.2
   79.0  18017  -86.4                         115     24  385.6         385.6
   75.3  18279  -87.7                         102     28  388.3         388.3
   73.3  18426  -87.9                          94     30  390.9         390.9
   71.0  18602  -83.5                          85     33  403.9         403.9
   70.1  18672  -81.7                          76     33  409.1         409.1
   70.0  18680  -81.5                          75     33  409.7         409.7
   67.0  18931  -78.7                          55     32  421.0         421.0
   61.0  19470  -72.6                          75     11  445.9         445.9
   60.9  19479  -72.5                          76     11  446.4         446.4
   58.0  19767  -71.7                          95     22  454.4         454.4
   54.6  20123  -70.7                          85     18  464.6         464.6
   50.0  20650  -65.9                          70     11  487.8         487.8
   49.7  20687  -65.1                          69     11  490.5         490.5
   47.0  21028  -64.1                          60     12  500.7         500.7
   42.2  21688  -62.3                          95     21  520.9         520.9
   41.0  21865  -63.0                         105     23  523.6         523.6
   39.3  22125  -63.9                         105     25  527.5         527.5
   36.2  22629  -63.1                         105     30  542.1         542.1
   34.1  23000  -58.3                         105     33  564.1         564.1
   32.0  23397  -59.5                         105     37  571.1         571.1
   31.1  23576  -60.1                          98     37  574.3         574.3
   30.0  23800  -59.7                          90     38  581.3         581.3
   26.5  24574  -58.5                          81     35  605.7         605.7
   26.0  24695  -57.9                          80     34  610.6         610.6
   20.3  26273  -50.3                          94     57  678.6         678.6
   20.0  26370  -50.1                          95     58  682.1         682.1
   16.0  27843  -45.6                          90     66  741.8         741.8
   15.8  27926  -45.3                          90     66  745.3         745.3
   14.1  28683  -46.5                          90     70  765.9         765.9
   13.1  29174  -43.3                          90     72  793.2         793.2
   11.0  30351  -42.8                          90     77  835.5         835.5
   10.5  30665  -42.7                                     847.1         847.1
