-----------------------------------------------------------------------------
   PRES   HGHT   TEMP   DWPT   RELH   MIXR   DRCT   SKNT   THTA   THTE   THTV
    hPa     m      C      C      %    g/kg    deg   knot     K      K      K 
-----------------------------------------------------------------------------
 1000.0    105                                                               
  996.0    108   24.2   23.4     95  18.59    250      2  297.7  351.8  301.0
  978.0    275   23.3   22.3     94  17.70    310      6  298.3  349.9  301.5
  925.0    784   20.4   19.0     92  15.19    265     18  300.2  344.8  302.9
  923.0    803   20.2   18.1     88  14.37    265     19  300.1  342.4  302.7
  920.0    831   20.2   17.8     86  14.14    265     20  300.4  342.1  303.0
  913.0    898   20.5   17.5     83  13.99    265     23  301.4  342.8  303.9
  898.0   1042   21.2   16.9     76  13.67    262     23  303.5  344.4  306.0
  862.0   1398   20.6   13.6     64  11.48    253     23  306.5  341.3  308.6
  850.0   1520   20.2   13.2     64  11.34    250     23  307.3  341.8  309.4
  815.0   1883   18.8   10.8     60  10.08    241     20  309.5  340.6  311.4
  700.0   3174   10.4    5.9     74   8.39    210      7  314.0  340.4  315.6
  665.0   3597    7.3    4.2     81   7.86    210      8  315.1  340.0  316.6
  626.0   4096    3.6    2.3     91   7.27    210     10  316.4  339.6  317.8
  618.0   4201    3.1    1.9     92   7.17    210     10  317.0  340.0  318.4
  566.0   4912    0.0   -0.6     96   6.51    250     11  321.4  342.7  322.6
  558.0   5027    0.0   -2.8     81   5.61    256     11  322.7  341.3  323.8
  553.0   5099   -0.5   -3.0     83   5.59    260     11  322.9  341.5  324.0
  523.0   5544   -3.5   -4.1     96   5.43    241     10  324.5  342.6  325.6
  513.0   5697   -4.2   -5.1     93   5.14    235     10  325.5  342.7  326.5
  500.0   5900   -5.1   -6.4     91   4.77    240     10  326.8  342.9  327.7
  494.0   5995   -5.4   -6.9     89   4.63    250     10  327.5  343.2  328.4
  475.0   6302   -6.4   -8.7     84   4.20    245      5  330.0  344.5  330.8
  457.0   6604   -7.4  -10.4     79   3.81    170      3  332.4  345.7  333.2
  451.0   6707   -7.7  -11.0     77   3.68    164      3  333.3  346.2  334.0
  423.0   7202  -11.3  -13.0     87   3.33    135      4  334.8  346.6  335.4
  413.0   7386  -12.7  -13.8     91   3.21    144      4  335.3  346.7  336.0
  400.0   7630  -13.9  -15.6     87   2.85    155      5  336.8  347.1  337.4
  391.0   7803  -14.8  -16.9     84   2.62    160      6  337.9  347.4  338.4
  384.0   7940  -15.5  -17.9     82   2.45    146      5  338.7  347.6  339.2
  376.0   8095  -16.6  -19.0     82   2.27    130      4  339.2  347.6  339.7
  307.0   9590  -27.5  -30.0     79   1.04    150     14  344.3  348.4  344.5
  300.0   9760  -28.7  -31.2     79   0.95    150     15  344.8  348.5  345.0
  250.0  11040  -38.7  -42.8     65   0.35    135      7  348.4  349.9  348.5
  244.0  11206  -40.1  -43.8     68   0.32    132      7  348.7  350.1  348.8
  200.0  12530  -51.5                         105      8  351.1         351.1
  177.0  13310  -58.5                          90      8  352.0         352.0
  156.0  14088  -64.6                          75      9  354.6         354.6
  150.0  14330  -66.5                          70     19  355.3         355.3
  135.0  14958  -71.7                          61     37  357.0         357.0
  134.0  15001  -71.8                          60     38  357.6         357.6
  127.0  15316  -72.4                          55     31  362.1         362.1
  123.0  15504  -72.7                          29     20  364.8         364.8
  121.0  15598  -73.3                          15     14  365.3         365.3
  115.0  15889  -75.4                         325     15  366.9         366.9
  109.0  16196  -77.5                         320     12  368.6         368.6
  104.0  16465  -79.3                          15      3  370.0         370.0
  100.0  16690  -80.9                          80      7  371.2         371.2
   98.0  16804  -81.7                          85      9  371.9         371.9
   96.3  16902  -82.3                          75     10  372.5         372.5
   93.0  17097  -82.3                          15      8  376.1         376.1
   88.0  17407  -82.4                         265     14  382.0         382.0
   78.3  18061  -82.5                         203      7  394.7         394.7
   76.0  18229  -79.5                         187      5  404.4         404.4
   75.0  18305  -79.1                         180      4  406.7         406.7
   71.0  18619  -77.5                           0      1  416.5         416.5
   70.0  18700  -77.1                         130      4  419.1         419.1
   68.8  18800  -75.5                         148      9  424.6         424.6
   68.0  18867  -75.5                         160     13  426.0         426.0
   64.0  19217  -75.8                         200     19  432.9         432.9
   61.0  19494  -76.0                         185     11  438.5         438.5
   58.5  19736  -76.1                         102     10  443.4         443.4
   58.0  19786  -76.0                          85     10  444.7         444.7
   55.6  20030  -75.7                          77     20  450.8         450.8
   55.0  20093  -74.2                          75     23  455.6         455.6
   54.4  20157  -72.7                          77     22  460.5         460.5
   51.2  20511  -73.9                          86     17  465.8         465.8
   50.0  20650  -72.3                          90     15  472.7         472.7
   48.8  20793  -70.5                          84     19  480.3         480.3
   47.2  20994  -64.3                          76     25  499.7         499.7
   47.0  21020  -64.0                          75     26  500.9         500.9
   45.0  21288  -61.3                          90     26  513.9         513.9
   44.6  21343  -60.7                          88     26  516.6         516.6
   41.0  21869  -59.4                          65     26  532.5         532.5
   38.9  22198  -58.5                          67     26  542.8         542.8
   35.4  22786  -61.5                          70     26  549.8         549.8
   33.1  23204  -58.9                          73     26  567.3         567.3
   31.0  23615  -59.3                          75     26  577.0         577.0
   30.0  23820  -59.5                          85     25  581.9         581.9
   28.0  24248  -61.4                         100     39  588.1         588.1
   27.3  24405  -62.1                         101     42  590.5         590.5
   24.9  24973  -61.9                         102     51  606.8         606.8
   23.6  25305  -60.7                         104     57  619.6         619.6
   22.0  25750  -53.5                         105     64  653.6         653.6
   21.7  25837  -52.1                         104     64  660.4         660.4
   20.0  26370  -47.1                          95     67  691.2         691.2
   17.0  27453  -44.5                          80     71  732.5         732.5
   16.6  27612  -44.1                          80     71  738.7         738.7
   16.4  27692  -43.9                                     741.9         741.9
