-----------------------------------------------------------------------------
   PRES   HGHT   TEMP   DWPT   RELH   MIXR   DRCT   SKNT   THTA   THTE   THTV
    hPa     m      C      C      %    g/kg    deg   knot     K      K      K 
-----------------------------------------------------------------------------
 1000.0     89                                                               
  994.0    108   26.2   24.1     88  19.45     30      6  299.9  357.1  303.3
  993.0    117   26.8   20.8     70  15.84     27      6  300.6  347.2  303.4
  976.0    278   25.7   20.9     75  16.25    335      4  300.9  348.9  303.9
  941.0    618   23.4   21.2     87  17.16    315      9  301.8  352.6  304.8
  925.0    776   22.4   20.4     88  16.61    305     11  302.2  351.5  305.2
  912.0    899   22.0   19.3     85  15.70    290     10  303.0  349.7  305.8
  881.0   1198   20.9   16.6     76  13.67    305     10  304.9  346.0  307.4
  851.0   1498   19.8   13.9     69  11.86    280     12  306.8  342.8  309.0
  850.0   1508   19.8   13.8     68  11.80    280     11  306.9  342.7  309.1
  842.0   1590   19.6   12.6     64  11.00    287     10  307.5  341.0  309.5
  821.0   1805   18.3   11.8     66  10.72    305      7  308.4  341.2  310.4
  717.0   2959   11.6    7.7     77   9.28    267     10  313.1  342.2  314.9
  713.0   3006   11.8    5.0     63   7.74    265     10  313.9  338.4  315.4
  710.0   3041   12.0    3.0     54   6.73    268     10  314.5  335.9  315.7
  707.0   3077   11.8    4.8     62   7.68    272     10  314.6  339.0  316.1
  700.0   3160   11.4    3.4     58   7.03    280     10  315.1  337.5  316.4
  688.0   3304   10.7    2.7     58   6.80    290      9  315.9  337.6  317.1
  657.0   3687    8.8    0.8     57   6.21    261      8  317.9  338.0  319.1
  650.0   3775    7.8    3.9     76   7.85    255      8  317.8  342.9  319.2
  640.0   3903    7.0    1.6     68   6.75    245      8  318.3  340.1  319.6
  624.0   4111    5.8   -2.2     56   5.24    245      7  319.2  336.4  320.2
  605.0   4363    4.6   -4.4     52   4.59    245      6  320.6  335.8  321.5
  573.0   4802    1.9   -4.6     62   4.76    245      5  322.4  338.3  323.4
  552.0   5103    0.0   -4.8     70   4.88    305      5  323.7  340.0  324.6
  532.0   5397   -1.2   -7.3     63   4.17    315      3  325.7  339.9  326.5
  520.0   5579   -1.9   -8.9     59   3.77    345      2  327.0  339.9  327.7
  519.0   5594   -1.7  -14.7     36   2.37    347      2  327.4  335.7  327.9
  517.0   5625   -1.5  -16.5     31   2.05    352      2  328.0  335.3  328.4
  512.0   5702   -2.2  -14.4     39   2.46      5      2  328.1  336.8  328.6
  508.0   5764   -2.7  -12.7     46   2.85     27      2  328.2  338.1  328.8
  500.0   5890   -3.1  -17.1     33   2.01     70      2  329.2  336.4  329.6
  499.0   5906   -3.1  -17.1     33   2.02     74      2  329.4  336.6  329.8
  493.0   6001   -3.9  -15.3     41   2.37     95      1  329.6  338.0  330.1
  485.0   6131   -4.9  -12.9     53   2.94     53      1  329.9  340.2  330.4
  475.0   6293   -6.0  -14.2     52   2.69      0      2  330.4  339.9  330.9
  457.0   6594   -8.2  -16.7     50   2.27      0      1  331.4  339.5  331.9
  440.0   6889  -10.3  -19.2     48   1.92    170      2  332.4  339.3  332.8
  435.0   6978  -10.9  -19.9     47   1.82    167      2  332.7  339.3  333.0
  423.0   7193  -11.4  -26.4     28   1.05    160      3  334.7  338.7  334.9
  421.0   7230  -11.5  -27.5     25   0.96    178      3  335.0  338.7  335.2
  407.0   7488  -13.5  -26.8     32   1.05    305      1  335.7  339.7  335.9
  400.0   7620  -14.5  -26.5     35   1.10     15      2  336.1  340.2  336.3
  395.0   7716  -15.3  -24.3     46   1.36     43      3  336.2  341.3  336.5
  391.0   7793  -15.4  -27.1     36   1.07     65      3  337.0  341.1  337.2
  389.0   7832  -15.5  -28.5     32   0.94     58      3  337.4  341.1  337.6
  376.0   8083  -17.2  -31.0     29   0.77     15      2  338.5  341.5  338.6
  361.0   8383  -19.2  -34.0     26   0.60     75      5  339.7  342.1  339.8
  347.0   8675  -21.2  -36.9     23   0.47    105     11  340.9  342.8  341.0
  300.0   9750  -28.5  -47.5     14   0.18     85     12  345.1  345.9  345.1
  294.0   9893  -29.4  -48.9     13   0.15     85     10  345.8  346.4  345.8
  282.0  10187  -31.4  -51.9     11   0.11    100      9  347.1  347.6  347.1
  270.0  10494  -33.4  -55.0     10   0.08    140     11  348.5  348.9  348.5
  266.0  10600  -34.1  -56.1      9   0.07    141     12  349.0  349.3  349.0
  250.0  11030  -37.3  -55.3     14   0.08    145     15  350.5  350.9  350.5
  240.0  11309  -40.1  -60.1     10   0.05    148     15  350.4  350.6  350.4
  207.0  12292  -48.7                         160     17  352.0         352.0
  200.0  12520  -50.7                         150     19  352.3         352.3
  180.0  13190  -56.6                         110     28  353.5         353.5
  163.0  13820  -62.1                         105     32  354.4         354.4
  150.0  14330  -65.9                         100     35  356.4         356.4
  115.0  15877  -77.4                          70     27  363.1         363.1
  100.0  16690  -83.5                          75     21  366.2         366.2
   98.0  16801  -84.7                          75     21  366.0         366.0
   96.3  16898  -85.7                          75     21  365.8         365.8
   92.1  17144  -83.7                          40     16  374.5         374.5
   88.0  17395  -85.1                           5     11  376.6         376.6
   85.7  17541  -85.9                          16     10  377.8         377.8
   83.0  17718  -80.9                          30      8  391.5         391.5
   82.7  17739  -80.3                          27      8  393.1         393.1
   79.0  17997  -80.2                         355      6  398.5         398.5
   75.0  18290  -80.1                         120      6  404.7         404.7
   71.0  18600  -79.9                         150     19  411.4         411.4
   70.0  18680  -79.9                         150     20  413.1         413.1
   68.0  18843  -81.3                         140     23  413.6         413.6
   65.5  19052  -81.1                         127     27  418.4         418.4
   60.8  19476  -74.5                         101     35  442.1         442.1
   58.0  19750  -73.2                          85     40  451.1         451.1
   57.0  19851  -72.7                          83     38  454.4         454.4
   54.7  20094  -68.5                          77     34  469.4         469.4
   52.0  20396  -68.2                          70     29  477.1         477.1
   50.0  20630  -67.9                          75     27  483.1         483.1
   49.1  20739  -68.3                          76     27  484.6         484.6
   46.0  21131  -67.7                          79     27  495.2         495.2
   44.4  21346  -64.9                          81     28  507.1         507.1
   41.0  21832  -64.7                          85     28  519.3         519.3
   39.0  22138  -64.5                          75     27  527.1         527.1
   38.4  22233  -64.5                          77     28  529.5         529.5
   35.2  22769  -61.5                          90     32  550.7         550.7
   33.0  23169  -61.5                         100     35  560.9         560.9
   30.0  23760  -61.5                          95     40  576.4         576.4
   29.9  23781  -61.7                          95     40  576.4         576.4
   28.0  24187  -61.1                          90     44  588.9         588.9
   26.6  24505  -60.7                          89     48  598.8         598.8
   25.5  24767  -59.9                          88     51  608.4         608.4
   24.4  25045  -54.3                          87     54  632.3         632.3
   22.0  25714  -51.9                          85     62  658.4         658.4
   21.7  25803  -51.6                          85     62  661.9         661.9
   20.0  26330  -49.7                          75     56  683.3         683.3
   17.0  27403  -45.7                          70     51  728.5         728.5
   16.7  27521  -45.3                                     733.6         733.6
