-----------------------------------------------------------------------------
   PRES   HGHT   TEMP   DWPT   RELH   MIXR   DRCT   SKNT   THTA   THTE   THTV
    hPa     m      C      C      %    g/kg    deg   knot     K      K      K 
-----------------------------------------------------------------------------
 1000.0     55                                                               
  990.0    108   26.6   25.8     95  21.69    280      4  300.6  364.7  304.5
  973.0    270   25.8   24.1     90  19.84    250     14  301.3  360.0  304.8
  925.0    742   23.4   19.0     76  15.19    255     27  303.2  348.5  306.0
  850.0   1477   19.6   15.4     77  13.11    255     20  306.7  346.4  309.1
  848.0   1497   19.5   15.3     77  13.05    255     20  306.8  346.3  309.1
  810.0   1892   17.2   13.1     77  11.83    249     19  308.4  344.5  310.6
  777.0   2249   16.4    8.4     59   8.98    244     19  311.2  339.1  312.9
  722.0   2872   12.6    8.5     76   9.74    234     17  313.6  344.1  315.5
  700.0   3132   11.2    6.8     74   8.93    230     17  314.9  343.1  316.6
  662.0   3596    9.1    2.0     61   6.74    220     15  317.6  339.3  318.9
  638.0   3902    7.7   -1.1     54   5.55    200     17  319.4  337.5  320.4
  636.0   3928    7.6   -1.4     53   5.46    200     17  319.5  337.4  320.6
  607.0   4311    4.8   -0.2     70   6.25    207     14  320.6  341.0  321.8
  574.0   4765    2.4   -4.6     60   4.76    214     11  322.9  338.8  323.8
  564.0   4907    1.8  -11.2     37   2.90    217      9  323.8  333.8  324.4
  563.0   4922    2.0  -15.0     27   2.13    217      9  324.2  331.7  324.6
  561.0   4950    2.0  -10.0     41   3.20    218      9  324.6  335.5  325.2
  559.0   4979    1.6   -6.4     55   4.26    218      9  324.4  338.8  325.3
  551.0   5095    0.8   -6.7     57   4.23    220      8  324.8  339.1  325.6
  543.0   5213    0.0   -7.0     59   4.19    216      8  325.2  339.4  326.0
  535.0   5331   -0.9   -7.9     59   3.96    212      8  325.5  339.0  326.3
  526.0   5467   -0.9  -14.9     34   2.30    208      8  327.1  335.2  327.6
  516.0   5620   -1.7  -16.7     31   2.02    203      9  327.9  335.1  328.3
  515.0   5635   -1.7  -15.7     34   2.20    203      9  328.1  335.9  328.6
  514.0   5651   -1.5  -25.5     14   0.94    202      9  328.5  332.0  328.7
  512.0   5682   -1.5  -23.5     17   1.13    201      9  328.9  333.1  329.1
  511.0   5697   -1.7  -23.7     17   1.11    201      9  328.9  333.0  329.1
  510.0   5713   -1.7  -22.7     18   1.22    200      9  329.0  333.5  329.3
  509.0   5728   -2.1  -11.1     50   3.24    200      9  328.7  340.0  329.4
  503.0   5823   -2.3  -15.3     36   2.33    197      9  329.6  337.9  330.1
  500.0   5870   -2.7  -15.7     36   2.26    195      9  329.7  337.7  330.1
  492.0   5998   -4.0  -14.1     45   2.62    195      9  329.6  338.9  330.1
  489.0   6046   -4.5  -13.5     49   2.77    200      9  329.6  339.3  330.1
  475.0   6274   -6.5  -14.5     53   2.63    222      8  329.9  339.1  330.4
  473.0   6307   -6.6  -16.1     47   2.31    225      8  330.1  338.4  330.6
  466.0   6423   -6.9  -21.9     29   1.43    250      7  331.2  336.4  331.4
  455.0   6609   -7.8  -24.9     24   1.12    290      5  332.3  336.5  332.5
  440.0   6869   -9.1  -29.1     18   0.79      0      5  333.9  336.9  334.0
  438.0   6904   -9.4  -28.2     20   0.86     10      5  333.9  337.2  334.1
  425.0   7137  -11.3  -22.3     40   1.51      2      1  334.4  340.0  334.7
  421.0   7209  -11.9  -18.9     56   2.05      0      0  334.5  342.0  334.9
  418.0   7264  -12.1  -18.1     61   2.21    329      0  334.9  343.0  335.4
  416.0   7301  -12.3  -17.3     66   2.38    308      1  335.1  343.7  335.6
  414.0   7337  -12.3  -18.3     61   2.20    286      1  335.6  343.6  336.1
  411.0   7393  -12.3  -27.3     27   1.00    255      1  336.3  340.1  336.5
  410.0   7412  -12.5  -23.5     39   1.41    244      1  336.3  341.6  336.6
  405.0   7505  -12.8  -28.8     25   0.88    190      2  337.1  340.5  337.3
  403.0   7543  -12.9  -30.9     21   0.73    180      2  337.4  340.2  337.6
  400.0   7600  -13.3  -27.3     30   1.02    165      3  337.6  341.5  337.8
  389.0   7811  -15.1  -31.1     24   0.74    170      5  338.0  340.8  338.1
  375.0   8086  -17.3  -31.3     29   0.75    184      2  338.6  341.5  338.8
  374.0   8106  -17.4  -30.9     30   0.78    185      2  338.7  341.8  338.9
  371.0   8166  -17.7  -29.7     34   0.88    162      3  339.1  342.5  339.3
  363.0   8329  -18.5  -27.5     45   1.11     99      5  340.2  344.4  340.4
  360.0   8390  -18.8  -29.3     39   0.95     75      6  340.6  344.2  340.8
  355.0   8494  -19.3  -32.3     31   0.72     70      5  341.3  344.1  341.4
  345.0   8704  -20.9  -35.0     27   0.57     60      4  341.9  344.2  342.0
  321.0   9233  -24.9  -41.9     19   0.30     64      6  343.5  344.7  343.5
  318.0   9301  -25.3  -42.3     19   0.29     65      6  343.8  345.1  343.9
  315.0   9369  -25.7  -42.7     19   0.28     75      7  344.2  345.4  344.3
  312.0   9438  -26.5  -43.5     19   0.26     86      7  344.0  345.1  344.1
  305.0   9602  -27.5  -33.5     57   0.75    110      9  344.9  347.9  345.0
  302.0   9672  -28.1  -33.1     62   0.78    116     10  345.0  348.1  345.2
  300.0   9720  -28.3  -34.3     56   0.70    120     11  345.4  348.2  345.5
  299.0   9744  -28.5  -33.1     65   0.79    120     11  345.4  348.6  345.6
  298.0   9768  -28.5  -35.5     51   0.63    119     11  345.8  348.3  345.9
  297.0   9792  -28.5  -41.5     28   0.34    119     11  346.1  347.5  346.2
  291.0   9938  -29.5  -46.5     18   0.20    118     11  346.7  347.6  346.7
  284.0  10111  -30.9  -38.9     45   0.47    116     11  347.1  349.0  347.2
  281.0  10186  -31.6  -39.2     47   0.46    115     11  347.2  349.1  347.3
  275.0  10338  -32.9  -39.9     50   0.43    110     11  347.4  349.2  347.5
  268.0  10519  -34.3  -46.3     29   0.22    105     11  347.9  348.9  348.0
  250.0  11000  -39.1  -44.1     59   0.31     90     12  347.8  349.1  347.9
  246.0  11111  -39.9  -42.7     75   0.36     90     10  348.2  349.7  348.3
  245.0  11139  -40.1  -42.3     79   0.38     88      9  348.3  349.9  348.4
  236.0  11390  -41.9                          65      4  349.4         349.4
  226.0  11680  -43.9                         135      2  350.6         350.6
  216.0  11984  -46.1                         130      7  351.9         351.9
  206.0  12302  -48.3                         100     13  353.1         353.1
  200.0  12500  -49.7                         100     19  353.9         353.9
  194.0  12699  -51.3                          99     22  354.4         354.4
  171.0  13494  -58.3                          95     35  355.9         355.9
  150.0  14320  -65.5                         110     31  357.1         357.1
  134.0  14995  -72.3                         117     32  356.7         356.7
  127.0  15309  -75.5                         120     32  356.4         356.4
  103.0  16502  -81.5                          70     23  367.0         367.0
  100.0  16670  -82.3                          70     19  368.5         368.5
   93.0  17072  -84.6                          95     21  371.7         371.7
   88.0  17377  -86.3                          80     24  374.1         374.1
   87.0  17441  -86.7                          80     23  374.6         374.6
   84.1  17627  -84.5                          99     23  382.7         382.7
   79.2  17958  -85.9                         134     24  386.4         386.4
   79.0  17972  -85.8                         135     24  386.9         386.9
   75.9  18193  -84.5                         113     21  394.1         394.1
   72.5  18450  -78.5                          87     17  412.0         412.0
   71.0  18569  -79.1                          75     15  413.2         413.2
   70.0  18650  -79.5                          80     16  414.0         414.0
   69.7  18674  -79.7                          82     17  414.1         414.1
   67.0  18902  -76.6                         105     21  425.4         425.4
   65.0  19076  -74.3                         101     23  434.2         434.2
   60.2  19525  -74.1                          90     28  444.3         444.3
   60.0  19544  -74.0                          90     28  444.9         444.9
   55.0  20056  -71.4                          60     26  462.1         462.1
   54.8  20078  -71.3                          61     25  462.8         462.8
   53.8  20188  -68.3                          68     20  472.1         472.1
   52.0  20393  -67.5                          80     11  478.7         478.7
   50.0  20630  -66.5                         120     17  486.4         486.4
   49.0  20753  -65.8                         120     18  490.9         490.9
   45.3  21231  -62.9                         102     12  509.0         509.0
   45.0  21272  -63.0                         100     11  509.7         509.7
   43.0  21549  -63.6                         115     10  514.8         514.8
   41.0  21839  -64.3                          85     20  520.2         520.2
   36.0  22632  -66.1                          79     25  535.2         535.2
   31.9  23376  -58.7                          73     30  573.9         573.9
   30.0  23760  -59.5                          70     32  581.9         581.9
   29.0  23972  -60.0                          70     27  586.0         586.0
   28.9  23993  -60.1                          71     27  586.4         586.4
   26.0  24662  -58.5                         105     36  609.1         609.1
   21.0  26011  -55.2                          95     61  657.3         657.3
   20.1  26288  -54.5                          91     63  667.6         667.6
   20.0  26320  -54.9                          90     63  667.4         667.4
   19.7  26417  -53.9                          85     65  673.5         673.5
   19.2  26582  -52.1                                     683.9         683.9
