-----------------------------------------------------------------------------
   PRES   HGHT   TEMP   DWPT   RELH   MIXR   DRCT   SKNT   THTA   THTE   THTV
    hPa     m      C      C      %    g/kg    deg   knot     K      K      K 
-----------------------------------------------------------------------------
 1000.0    113                                                               
  996.0    108   25.4   22.7     85  17.79    320      1  298.9  350.9  302.1
  946.0    587   22.3   20.5     89  16.30    280      9  300.2  348.2  303.1
  925.0    796   21.0   19.5     91  15.68    270     11  300.8  347.0  303.6
  922.0    824   20.8   19.4     92  15.63    270     11  300.9  347.0  303.7
  919.0    853   20.6   18.6     88  14.90    269     12  300.9  344.9  303.6
  890.0   1132   20.8   14.8     69  12.03    266     16  303.9  340.0  306.1
  883.0   1201   20.6   14.4     68  11.80    265     17  304.3  339.8  306.5
  850.0   1532   19.4   12.4     64  10.75    280     13  306.4  339.1  308.4
  824.0   1799   18.6   11.0     61  10.09    275      9  308.4  339.3  310.2
  810.0   1946   18.2   10.2     60   9.74    265      6  309.4  339.4  311.2
  795.0   2105   17.2    9.7     61   9.56    255      3  310.0  339.6  311.8
  768.0   2397   15.3    8.7     64   9.25    315      3  311.1  339.9  312.8
  741.0   2700   13.4    7.6     68   8.94    345      2  312.2  340.1  313.9
  715.0   3002   11.5    6.6     72   8.63    355      3  313.3  340.4  314.9
  700.0   3181   10.4    6.0     74   8.45     15      3  314.0  340.6  315.6
  690.0   3300    9.6    5.3     75   8.18     45      3  314.4  340.2  315.9
  666.0   3592    7.6    3.7     76   7.55     35      4  315.4  339.4  316.8
  656.0   3717    6.8    3.0     77   7.29     43      4  315.8  339.0  317.2
  642.0   3894    6.5    2.5     76   7.21     55      3  317.4  340.5  318.8
  638.0   3945    6.4    2.4     76   7.18     62      4  317.9  341.0  319.2
  619.0   4190    4.5    1.1     79   6.77     95      6  318.5  340.3  319.8
  596.0   4496    2.2   -0.4     83   6.27     75      8  319.2  339.6  320.4
  575.0   4786    0.0   -1.9     87   5.82     94      8  319.9  339.0  321.1
  553.0   5096   -1.9   -3.8     87   5.25    115      8  321.3  338.6  322.3
  532.0   5403   -3.8   -5.7     87   4.72     60      6  322.6  338.3  323.5
  531.0   5418   -3.9   -5.8     87   4.70     60      6  322.6  338.3  323.5
  513.0   5689   -5.1   -7.7     82   4.20     54      5  324.4  338.6  325.2
  500.0   5890   -5.1  -12.1     58   3.04     50      5  326.8  337.3  327.4
  495.0   5969   -5.7  -15.7     45   2.29     50      5  327.0  335.0  327.4
  493.0   6001   -6.0  -13.3     56   2.80     50      5  327.0  336.8  327.6
  492.0   6016   -6.1  -12.1     63   3.09     48      5  327.0  337.7  327.6
  491.0   6032   -6.1   -9.7     76   3.75     46      5  327.2  340.1  328.0
  490.0   6048   -6.1  -12.1     63   3.10     45      5  327.4  338.2  328.0
  489.0   6064   -5.9  -17.9     38   1.92     43      5  327.9  334.7  328.2
  488.0   6080   -5.9  -18.9     35   1.77     41      5  328.1  334.4  328.4
  474.0   6307   -7.5  -14.1     59   2.72     15      4  328.8  338.4  329.4
  467.0   6423   -8.3  -11.7     76   3.36      5      5  329.2  340.9  329.9
  456.0   6606   -9.3  -12.4     78   3.26    350      6  330.2  341.7  330.9
  415.0   7331  -13.1  -15.0     86   2.89    314      6  334.3  344.7  334.9
  406.0   7497  -14.4  -15.7     90   2.79    305      6  334.7  344.7  335.3
  400.0   7610  -15.3  -16.2     93   2.72    295      5  335.0  344.8  335.6
  393.0   7744  -16.5  -16.8     98   2.63    302      4  335.1  344.6  335.7
  390.0   7801  -16.9  -17.3     97   2.54    305      4  335.4  344.5  335.9
  375.0   8095  -19.0  -19.8     93   2.13    255      6  336.4  344.2  336.8
  363.0   8338  -20.7  -21.9     90   1.84    255      5  337.2  344.0  337.6
  358.0   8441  -21.5  -22.5     92   1.77    255      5  337.5  344.0  337.9
  352.0   8566  -21.7  -26.6     65   1.24    255      4  338.9  343.6  339.1
  343.0   8757  -22.7  -30.7     48   0.87    255      4  340.0  343.4  340.2
  319.0   9285  -26.3  -36.2     39   0.55    255      2  342.2  344.4  342.3
  306.0   9588  -28.3  -39.3     34   0.42    165      5  343.4  345.1  343.5
  300.0   9730  -29.1  -40.1     34   0.39    160      8  344.2  345.9  344.3
  297.0   9802  -29.7  -38.7     41   0.46    155      8  344.4  346.2  344.5
  292.0   9923  -30.7  -37.7     50   0.51    146      8  344.6  346.7  344.8
  281.0  10192  -32.9  -40.4     47   0.40    125      9  345.2  346.9  345.3
  258.0  10790  -37.9  -46.5     40   0.23    140      8  346.5  347.5  346.5
  250.0  11010  -39.7  -48.7     38   0.18    115     10  346.9  347.7  346.9
  249.0  11037  -39.9  -48.9     38   0.18    115     10  347.0  347.8  347.0
  247.0  11091  -40.3                         115     11  347.1         347.1
  226.0  11684  -45.2                         140     15  348.6         348.6
  216.0  11986  -47.7                         105     24  349.3         349.3
  200.0  12500  -51.9                         105     31  350.4         350.4
  150.0  14300  -66.9                         100     50  354.6         354.6
  114.0  15870  -79.0                          85     58  361.2         361.2
  100.0  16620  -84.7                          75     52  363.8         363.8
   99.1  16670  -85.1                          75     50  364.0         364.0
   94.9  16910  -84.7                          77     52  369.3         369.3
   92.9  17029  -81.9                          78     53  377.1         377.1
   87.4  17374  -81.8                          80     56  384.0         384.0
   83.6  17622  -81.7                          74     42  389.0         389.0
   81.2  17788  -76.1                          70     33  403.8         403.8
   79.1  17941  -74.1                          66     24  410.9         410.9
   78.5  17983  -74.3                          65     22  411.4         411.4
   74.5  18288  -75.8                         110     17  414.5         414.5
   70.7  18593  -77.2                         125     30  417.7         417.7
   70.0  18650  -77.5                         105     33  418.3         418.3
   67.0  18898  -78.4                         110     34  421.5         421.5
   64.2  19143  -79.3                          85     23  424.8         424.8
   63.5  19202  -78.8                          80     30  427.1         427.1
   60.3  19507  -76.3                          90     24  439.2         439.2
   57.2  19812  -73.8                          80     28  451.6         451.6
   55.4  19994  -72.3                          81     28  459.1         459.1
   51.1  20477  -64.9                          84     26  487.1         487.1
   50.0  20610  -63.5                          85     26  493.4         493.4
   46.9  21002  -62.7                          80     22  504.4         504.4
   46.7  21031  -62.8                          80     22  504.9         504.9
   44.4  21336  -63.9                          75     14  509.5         509.5
   40.2  21946  -66.1                         145     14  518.7         518.7
   39.5  22047  -66.5                         105     19  520.2         520.2
   36.7  22492  -64.5                          96     25  536.4         536.4
   36.3  22555  -64.7                          95     26  537.6         537.6
   31.9  23340  -66.9                          98     39  551.9         551.9
   30.4  23630  -66.9                         100     44  559.6         559.6
   30.0  23710  -66.5                         100     45  562.8         562.8
   29.7  23774  -65.9                         110     42  566.1         566.1
   26.3  24518  -58.7                          90     49  606.4         606.4
   25.6  24689  -58.4                          85     51  611.9         611.9
   22.8  25414  -57.3                          79     45  635.8         635.8
   21.1  25908  -53.9                          75     41  660.4         660.4
   20.1  26218  -51.7                          93     47  676.2         676.2
   20.0  26250  -51.1                          95     48  679.0         679.0
   17.7  27047  -49.7                          95     52  707.5         707.5
   17.5  27127  -49.9                          95     52  709.3         709.3
   16.2  27624  -51.3                          87     59  720.5         720.5
   14.5  28346  -48.9                          75     68  751.6         751.6
   12.8  29171  -46.1                          82     71  788.7         788.7
   10.3  30621  -44.6                          95     75  844.7         844.7
   10.1  30751  -44.5                                     849.9         849.9
