-----------------------------------------------------------------------------
   PRES   HGHT   TEMP   DWPT   RELH   MIXR   DRCT   SKNT   THTA   THTE   THTV
    hPa     m      C      C      %    g/kg    deg   knot     K      K      K 
-----------------------------------------------------------------------------
 1000.0     79                                                               
  993.0    108   27.8   24.3     81  19.71    215      4  301.6  360.0  305.1
  975.0    279   27.4   20.4     66  15.73    315      7  302.8  349.6  305.6
  965.0    376   27.2   18.2     58  13.82    320      8  303.4  344.7  305.9
  925.0    769   24.6   15.6     57  12.19    340     11  304.5  341.1  306.7
  911.0    902   23.7   15.1     59  12.00    340     12  304.8  341.0  307.0
  880.0   1205   21.6   14.0     62  11.56    335      9  305.7  340.6  307.8
  863.0   1376   20.4   13.4     64  11.32    321      9  306.2  340.5  308.2
  850.0   1507   19.6   11.6     60  10.19    310      9  306.7  337.7  308.5
  829.0   1722   18.8    5.8     43   7.02    317     10  308.0  329.8  309.3
  821.0   1805   18.2    6.5     46   7.43    320     11  308.2  331.2  309.6
  798.0   2048   16.4    8.4     59   8.74    316     13  308.8  335.8  310.5
  779.0   2254   15.4    8.4     63   8.96    313     14  309.9  337.6  311.6
  775.0   2297   15.4    4.4     48   6.81    312     14  310.4  331.7  311.6
  758.0   2485   14.4    6.4     59   8.01    309     16  311.2  336.3  312.7
  739.0   2700   14.0   -1.0     36   4.84    305     17  313.1  328.6  314.0
  733.0   2768   13.8   -4.2     28   3.84    304     17  313.6  326.1  314.3
  717.0   2954   11.8    7.1     73   8.90    301     19  313.4  341.3  315.0
  713.0   3001   11.5    7.2     75   9.01    300     19  313.6  341.8  315.3
  700.0   3155   10.6    7.5     81   9.38    300     21  314.2  343.7  316.0
  661.0   3631    8.2    5.6     84   8.70    307     19  316.7  344.4  318.3
  590.0   4564    4.4   -0.5     70   6.29    322     16  322.7  343.4  323.9
  544.0   5220    0.0   -6.0     64   4.52    332     13  325.1  340.3  325.9
  531.0   5413   -1.3   -5.9     71   4.66    335     12  325.7  341.5  326.7
  516.0   5641   -2.5  -11.5     50   3.09    339     11  327.0  337.7  327.6
  512.0   5702   -2.8  -11.3     52   3.17    340     11  327.3  338.3  328.0
  500.0   5890   -3.7  -10.7     58   3.40    355      8  328.5  340.2  329.1
  493.0   6001   -4.4  -11.6     57   3.22      0      8  328.9  340.2  329.6
  475.0   6292   -6.2  -13.8     55   2.78    350      9  330.2  340.0  330.8
  459.0   6561   -7.9  -15.9     53   2.43    345      9  331.3  340.0  331.8
  435.0   6977   -9.3  -24.3     28   1.24    336      9  334.7  339.3  334.9
  406.0   7506  -12.8  -22.6     44   1.55    325      9  336.8  342.6  337.1
  402.0   7582  -13.3  -22.3     47   1.60    325      9  337.1  343.1  337.5
  400.0   7620  -13.7  -21.7     51   1.70    325      9  337.1  343.4  337.4
  373.0   8149  -16.5  -33.5     22   0.61    335      7  340.2  342.6  340.3
  333.0   8983  -22.4  -38.9     21   0.40    350      5  343.3  344.9  343.3
  319.0   9298  -24.7  -41.0     21   0.33     10      5  344.4  345.8  344.4
  306.0   9604  -26.9  -43.0     20   0.28    330      5  345.4  346.6  345.5
  300.0   9750  -27.9  -43.9     20   0.26    315      5  345.9  347.1  346.0
  294.0   9894  -28.9  -46.0     18   0.21    305      4  346.6  347.5  346.6
  289.0  10017  -29.7  -47.7     16   0.18    352      6  347.1  347.9  347.1
  282.0  10190  -31.2  -45.4     24   0.24     60      8  347.3  348.3  347.4
  273.0  10419  -33.3  -42.3     40   0.34     56      9  347.6  349.0  347.6
  250.0  11030  -38.5  -49.5     30   0.17     45     12  348.7  349.4  348.7
  244.0  11196  -39.9  -50.9     30   0.15     44     13  349.0  349.7  349.1
  217.0  11977  -46.1                          40     20  351.2         351.2
  200.0  12520  -50.5                          50     14  352.6         352.6
  156.0  14083  -63.5                          80     17  356.6         356.6
  150.0  14330  -65.5                          90     18  357.1         357.1
  141.0  14689  -68.4                          95     23  358.4         358.4
  100.0  16680  -84.3                          95     40  364.6         364.6
   88.0  17380  -87.7                         105     38  371.4         371.4
   85.9  17512  -88.3                         105     39  372.7         372.7
   79.0  17974  -83.5                          95     41  391.6         391.6
   76.5  18151  -81.7                          86     36  399.0         399.0
   73.0  18413  -82.9                          73     28  401.9         401.9
   71.0  18570  -79.6                          65     23  412.1         412.1
   70.0  18650  -77.9                          65     24  417.4         417.4
   66.1  18979  -76.9                          78     21  426.5         426.5
   63.6  19203  -71.7                          86     18  442.6         442.6
   61.0  19448  -72.5                          95     16  446.0         446.0
   58.0  19743  -73.6                         110     13  450.2         450.2
   54.9  20065  -74.7                          92     20  454.8         454.8
   52.0  20381  -74.2                          75     26  462.9         462.9
   50.0  20610  -73.9                          85     26  468.9         468.9
   49.9  20622  -73.9                          86     26  469.2         469.2
   49.0  20729  -72.8                          90     25  474.2         474.2
   47.0  20974  -70.4                          75     27  485.6         485.6
   46.9  20987  -70.3                          75     27  486.2         486.2
   44.3  21324  -71.9                          82     29  490.3         490.3
   40.6  21849  -63.7                          92     33  523.2         523.2
   38.0  22258  -60.2                         100     35  542.1         542.1
   37.8  22291  -59.9                          99     35  543.6         543.6
   33.0  23147  -56.4                          70     31  574.5         574.5
   32.4  23262  -55.9                          75     29  578.8         578.8
   30.0  23750  -57.7                          95     19  586.8         586.8
   28.0  24184  -58.7                          95     32  595.7         595.7
   27.2  24366  -59.1                                     599.5         599.5
