-----------------------------------------------------------------------------
   PRES   HGHT   TEMP   DWPT   RELH   MIXR   DRCT   SKNT   THTA   THTE   THTV
    hPa     m      C      C      %    g/kg    deg   knot     K      K      K 
-----------------------------------------------------------------------------
 1000.0     82                                                               
  993.0    108   27.2   24.9     87  20.46    260      4  300.9  361.5  304.6
  976.0    271   26.7   22.3     77  17.73    330      5  301.9  354.5  305.1
  947.0    555   25.8   17.8     61  13.73    326      9  303.6  344.7  306.1
  943.0    595   25.6   17.6     61  13.57    325     10  303.8  344.3  306.2
  925.0    775   24.4   16.4     61  12.84    310     10  304.2  342.8  306.6
  912.0    898   23.6   15.9     62  12.58    300     12  304.7  342.5  307.0
  868.0   1329   21.0   14.0     64  11.71    307     12  306.3  341.8  308.4
  850.0   1510   20.4   12.4     60  10.75    310     12  307.5  340.3  309.5
  821.0   1808   19.6    9.5     52   9.17    320      7  309.7  338.1  311.4
  808.0   1946   19.2    8.2     49   8.51    300      6  310.7  337.2  312.3
  766.0   2399   15.4    6.9     57   8.19    235      3  311.3  336.9  312.9
  758.0   2489   14.6    6.6     59   8.13    187      3  311.5  336.9  313.0
  739.0   2702   13.7    3.1     49   6.54     70      3  312.8  333.5  314.0
  736.0   2737   13.6    2.6     47   6.31     55      3  313.0  333.0  314.2
  714.0   2991   11.6    7.1     74   8.94    305      3  313.5  341.6  315.2
  713.0   3002   11.6    7.1     74   8.96    300      3  313.6  341.8  315.3
  700.0   3156   11.2    7.3     77   9.25    280      6  314.9  344.0  316.6
  688.0   3299   10.5    6.1     74   8.67    295      6  315.7  343.1  317.3
  664.0   3594    9.1    3.7     69   7.57    325      6  317.3  341.6  318.8
  640.0   3899    7.7    1.2     63   6.56    305      7  319.0  340.3  320.3
  629.0   4042    7.0    0.0     61   6.12    304      7  319.8  339.8  321.0
  579.0   4718    2.8   -4.2     60   4.87    301      5  322.6  338.8  323.5
  548.0   5160    0.0   -2.1     86   6.02    298      4  324.4  344.4  325.6
  512.0   5701   -2.5   -6.5     73   4.60    295      2  327.8  343.4  328.7
  500.0   5890   -3.3   -8.1     69   4.18     55      1  328.9  343.3  329.8
  493.0   6001   -3.9   -9.1     67   3.91     70      2  329.5  343.0  330.3
  480.0   6212   -5.1  -11.1     63   3.43     75      3  330.6  342.6  331.3
  457.0   6594   -7.6  -12.8     67   3.16     85      5  332.1  343.2  332.7
  439.0   6907   -9.7  -14.1     70   2.94    115      3  333.3  343.8  333.9
  424.0   7175  -10.5  -21.5     40   1.63    195      5  335.6  341.6  335.9
  423.0   7193  -10.6  -21.8     39   1.58    200      5  335.7  341.6  336.0
  406.0   7506  -12.9  -27.6     28   0.98    220      5  336.7  340.5  336.9
  400.0   7620  -13.7  -29.7     25   0.82    210      3  337.1  340.3  337.3
  391.0   7792  -14.7  -27.7     32   1.01      0      1  338.0  341.9  338.2
  375.0   8108  -15.9  -34.3     19   0.56    115      5  340.4  342.6  340.5
  373.0   8148  -16.1  -35.1     18   0.52    113      5  340.7  342.8  340.8
  347.0   8687  -20.1  -33.1     30   0.68     93      8  342.4  345.1  342.6
  342.0   8795  -20.3  -41.3     14   0.30     89      9  343.6  344.8  343.6
  320.0   9279  -23.9  -45.5     12   0.21     70     12  345.1  346.0  345.1
  300.0   9750  -27.5  -49.5     10   0.14     75     16  346.5  347.1  346.5
  282.0  10188  -30.6  -51.9     11   0.11     70     12  348.2  348.7  348.2
  259.0  10790  -34.9  -55.3     11   0.08    135     14  350.5  350.8  350.5
  250.0  11040  -36.7  -56.7     11   0.07    135     17  351.4  351.7  351.4
  238.0  11378  -39.9  -56.9     15   0.07    135     17  351.5  351.9  351.5
  237.0  11407  -40.2                         135     17  351.6         351.6
  208.0  12278  -48.1                          85     20  352.4         352.4
  200.0  12540  -50.5                          80     21  352.6         352.6
  189.0  12898  -53.4                          95     20  353.8         353.8
  181.0  13172  -55.6                         110     16  354.6         354.6
  156.0  14112  -63.1                          80     32  357.1         357.1
  150.0  14360  -65.1                          80     41  357.7         357.7
  142.0  14678  -67.7                          80     35  358.9         358.9
  115.0  15903  -77.5                         110     25  362.9         362.9
  102.0  16600  -83.1                         100     30  364.9         364.9
  100.0  16710  -83.3                         100     30  366.5         366.5
   90.7  17256  -81.1                         100     24  381.3         381.3
   88.0  17425  -82.0                         100     22  382.9         382.9
   84.0  17685  -83.3                          85     22  385.3         385.3
   82.1  17812  -82.9                          66     23  388.6         388.6
   80.3  17937  -78.7                          48     23  399.7         399.7
   79.0  18029  -79.1                          35     24  400.8         400.8
   76.1  18242  -79.9                          21     18  403.4         403.4
   75.0  18325  -78.7                          15     16  407.5         407.5
   73.1  18471  -76.7                         112      7  414.8         414.8
   72.0  18558  -76.8                         170      2  416.3         416.3
   70.0  18720  -77.1                         155      6  419.1         419.1
   68.0  18886  -77.8                         130     11  421.2         421.2
   64.7  19171  -78.9                         114     15  424.7         424.7
   61.0  19509  -77.9                          95     20  434.2         434.2
   57.6  19838  -76.9                          92     25  443.6         443.6
   55.8  20021  -76.3                          91     28  449.0         449.0
   55.0  20105  -74.5                          90     29  455.1         455.1
   53.4  20279  -70.7                          81     26  467.6         467.6
   50.0  20670  -70.3                          60     20  477.4         477.4
   49.5  20730  -70.5                          63     20  478.3         478.3
   43.0  21581  -63.3                         100     22  515.6         515.6
   42.0  21723  -62.1                          98     22  522.1         522.1
   34.5  22940  -61.1                          85     23  554.9         554.9
   32.0  23411  -56.5                          80     23  579.2         579.2
   30.0  23820  -56.5                          85     24  590.0         590.0
   28.0  24253  -58.5                          95     21  596.2         596.2
   26.5  24599  -60.1                         105     27  601.1         601.1
   25.0  24970  -58.1                         115     34  616.9         616.9
   20.0  26390  -50.5                          95     49  680.8         680.8
   18.2  27008  -48.1                          93     51  707.0         707.0
   16.1  27813  -49.5                          90     53  727.6         727.6
   16.0  27854  -49.5                          90     53  729.0         729.0
   14.3  28591  -48.7                          86     56  755.4         755.4
   12.5  29484  -44.1                          81     60  801.1         801.1
   12.0  29757  -44.0                          80     61  810.8         810.8
   11.6  29985  -44.0                          80     61  818.9         818.9
   11.3  30161  -43.9                                     825.2         825.2
