-----------------------------------------------------------------------------
   PRES   HGHT   TEMP   DWPT   RELH   MIXR   DRCT   SKNT   THTA   THTE   THTV
    hPa     m      C      C      %    g/kg    deg   knot     K      K      K 
-----------------------------------------------------------------------------
 1000.0    103                                                               
  996.0    108   27.0   24.9     88  20.40    320      2  300.5  360.7  304.1
  978.0    277   25.3   23.2     88  18.74     40      2  300.4  355.6  303.7
  966.0    392   24.2   22.1     88  17.68    357      3  300.3  352.4  303.5
  945.0    594   23.2   20.6     85  16.43    280      6  301.2  349.7  304.1
  925.0    791   22.2   19.1     83  15.29    265     10  302.0  347.3  304.8
  913.0    903   21.6   18.5     83  14.89    260     13  302.5  346.7  305.2
  882.0   1200   19.8   16.9     83  13.88    285     16  303.7  345.2  306.2
  850.0   1518   18.0   15.1     83  12.86    280     16  305.0  343.6  307.3
  846.0   1559   17.8   14.9     83  12.75    280     16  305.2  343.6  307.5
  804.0   1994   16.6   12.0     74  11.08    283     18  308.4  342.3  310.4
  778.0   2275   15.4   11.3     77  10.92    284     19  310.0  343.6  312.0
  768.0   2384   14.2    9.9     75  10.07    285     19  309.9  340.9  311.7
  767.0   2395   14.1    9.8     75  10.04    285     19  309.9  340.9  311.8
  700.0   3163   10.2    5.5     73   8.16    260     10  313.8  339.4  315.3
  688.0   3307    9.0    4.6     74   7.77    265      9  313.9  338.5  315.4
  677.0   3440    7.8    3.7     75   7.43    268      9  314.1  337.6  315.5
  663.0   3613    7.6    2.7     71   7.06    273      9  315.7  338.3  317.1
  640.0   3903    5.6    0.7     70   6.32    280      9  316.7  337.0  317.9
  626.0   4084    4.4   -0.6     70   5.89    271      8  317.3  336.3  318.4
  617.0   4202    4.4   -1.4     66   5.63    265      8  318.6  336.9  319.7
  604.0   4376    4.4   -2.6     60   5.26    266      9  320.6  337.9  321.6
  573.0   4802    1.7   -4.1     66   4.96    270     10  322.2  338.7  323.2
  555.0   5060    0.0   -5.0     69   4.78    257      9  323.2  339.2  324.1
  515.0   5656   -2.9  -10.9     54   3.25    227      8  326.7  337.9  327.3
  500.0   5890   -4.5   -9.5     68   3.74    215      7  327.5  340.3  328.2
  493.0   6001   -5.2  -10.2     68   3.59    210      8  328.0  340.4  328.7
  484.0   6146   -6.1  -11.1     68   3.40    222      7  328.6  340.4  329.2
  475.0   6293   -6.7  -13.1     61   2.96    235      6  329.6  339.9  330.2
  464.0   6476   -7.5  -15.5     53   2.48    232      4  330.8  339.6  331.3
  457.0   6595   -8.1  -13.2     67   3.04    230      2  331.6  342.3  332.2
  454.0   6646   -8.3  -12.2     73   3.32    216      2  331.9  343.6  332.6
  439.0   6906   -9.6  -15.3     63   2.67    145      3  333.4  342.9  333.9
  436.0   6960   -9.9  -15.9     62   2.55    155      3  333.7  342.9  334.2
  423.0   7192  -11.6  -16.3     68   2.54    200      1  334.5  343.6  335.0
  410.0   7432  -13.3  -16.8     75   2.52    170      3  335.2  344.3  335.8
  406.0   7507  -13.6  -17.6     72   2.38    160      4  335.8  344.4  336.2
  400.0   7620  -14.1  -18.8     68   2.18    175      5  336.6  344.5  337.0
  361.0   8387  -19.2  -26.1     55   1.27    250      2  339.8  344.6  340.0
  342.0   8791  -21.9  -29.9     48   0.94    166      3  341.4  345.0  341.6
  332.0   9007  -23.7  -31.0     51   0.87    120      4  341.8  345.2  342.0
  313.0   9436  -27.3  -33.3     57   0.74    132      4  342.6  345.6  342.8
  300.0   9740  -29.3  -36.3     51   0.57    140      4  344.0  346.3  344.1
  294.0   9883  -30.5  -39.2     42   0.44    145      4  344.3  346.1  344.4
  293.0   9908  -30.7  -39.7     41   0.42    146      4  344.3  346.0  344.4
  258.0  10791  -37.9  -43.7     55   0.31    180     14  346.4  347.7  346.5
  250.0  11010  -39.7  -44.7     59   0.29    180     12  346.9  348.1  347.0
  249.0  11037  -39.9  -44.9     59   0.28    178     12  347.0  348.2  347.1
  236.0  11395  -42.8                         155      8  347.9         347.9
  206.0  12303  -50.3                         175      7  350.0         350.0
  200.0  12500  -51.9                         200      4  350.4         350.4
  197.0  12595  -52.7                         225      4  350.6         350.6
  188.0  12887  -55.3                         220      5  351.2         351.2
  163.0  13780  -63.1                          65      9  352.6         352.6
  150.0  14300  -67.7                          70     17  353.3         353.3
  138.0  14795  -71.9                          70     27  354.4         354.4
  127.0  15278  -76.3                          70     36  355.0         355.0
  126.0  15323  -76.4                          70     37  355.6         355.6
  114.0  15893  -77.9                          35     36  363.1         363.1
  108.0  16202  -78.7                           0     20  367.2         367.2
  100.0  16640  -79.9                         285     10  373.1         373.1
   97.0  16810  -81.0                         260      8  374.1         374.1
   92.0  17107  -83.0                           5      5  375.9         375.9
   91.8  17119  -83.1                           5      5  376.0         376.0
   90.2  17217  -82.3                         340      8  379.5         379.5
   88.6  17318  -76.7                         315     11  392.6         392.6
   87.0  17423  -76.3                         290     14  395.5         395.5
   83.0  17694  -75.2                         230     18  403.1         403.1
   81.9  17771  -74.9                         225     18  405.2         405.2
   75.0  18275  -77.8                         195     17  409.4         409.4
   72.6  18462  -78.9                         171     18  411.0         411.0
   71.0  18589  -77.3                         155     19  417.0         417.0
   70.0  18670  -76.3                         145     17  420.8         420.8
   69.9  18678  -75.7                         142     16  422.3         422.3
   68.0  18839  -75.0                          80      3  427.1         427.1
   64.0  19193  -73.5                         350      3  437.8         437.8
   63.4  19248  -73.3                          22      4  439.5         439.5
   61.0  19473  -74.4                         155     10  442.0         442.0
   58.1  19758  -75.7                         136     24  445.2         445.2
   58.0  19768  -75.6                         135     24  445.6         445.6
   52.3  20374  -71.7                          83      9  468.1         468.1
   52.0  20408  -71.8                          80      8  468.7         468.7
   50.0  20640  -72.1                         105     12  473.2         473.2
   47.0  21003  -72.5                          95     23  480.7         480.7
   45.5  21193  -72.7                          88     34  484.6         484.6
   45.0  21259  -72.2                          85     38  487.4         487.4
   38.5  22190  -65.3                          71     27  527.1         527.1
   38.0  22270  -64.0                          70     26  532.4         532.4
   37.0  22434  -61.3                          78     28  543.4         543.4
   35.0  22777  -61.9                          95     33  550.6         550.6
   34.2  22920  -62.1                          93     33  553.6         553.6
   32.6  23218  -58.7                          88     33  570.3         570.3
   30.0  23740  -57.7                          80     33  586.8         586.8
   29.0  23955  -57.4                          90     26  593.2         593.2
   26.0  24648  -56.6                          90     32  614.4         614.4
   24.0  25157  -56.0                         105     49  630.5         630.5
   22.1  25680  -55.3                          98     53  647.4         647.4
   20.2  26256  -53.7                          91     58  669.1         669.1
   20.0  26320  -54.1                          90     58  669.8         669.8
   19.0  26653  -51.0                          90     61  689.3         689.3
   18.9  26687  -50.7                          90     61  691.3         691.3
   18.4  26861  -49.1                                     701.6         701.6
