-----------------------------------------------------------------------------
   PRES   HGHT   TEMP   DWPT   RELH   MIXR   DRCT   SKNT   THTA   THTE   THTV
    hPa     m      C      C      %    g/kg    deg   knot     K      K      K 
-----------------------------------------------------------------------------
 1000.0    101                                                               
  995.0    108   24.8   23.7     94  18.96    110      6  298.4  353.7  301.8
  994.0    117   24.6   20.6     78  15.62    105      6  298.3  343.9  301.1
  978.0    268   24.1   20.7     81  16.01     20      3  299.2  346.0  302.0
  945.0    586   23.1   21.0     88  16.85    295      7  301.1  350.8  304.1
  942.0    616   23.0   21.0     89  16.93    291      7  301.2  351.3  304.3
  925.0    784   22.2   19.9     87  16.09    265      8  302.0  349.7  304.9
  913.0    897   21.8   18.5     82  14.93    255      9  302.7  347.1  305.4
  878.0   1234   20.4   14.4     68  11.88    250     12  304.7  340.4  306.8
  850.0   1512   18.8   14.9     78  12.69    245     14  305.8  344.1  308.2
  822.0   1796   17.3   13.2     77  11.75    245     15  307.2  342.9  309.4
  700.0   3158   10.2    5.2     71   7.98    255     11  313.8  338.9  315.3
  688.0   3302   10.0    3.8     66   7.38    255     11  315.1  338.5  316.4
  679.0   3411    9.8    2.8     62   6.94    249     10  316.0  338.3  317.4
  640.0   3897    6.4    0.8     68   6.38    220      7  317.5  338.1  318.8
  610.0   4292    3.6   -0.8     73   5.95    180      6  318.7  338.1  319.9
  595.0   4493    2.5   -1.9     73   5.63    160      6  319.7  338.1  320.8
  579.0   4713    1.2   -3.1     73   5.29    163      7  320.7  338.1  321.7
  558.0   5010    0.0   -7.0     59   4.08    166      8  322.7  336.4  323.5
  515.0   5648   -3.9   -9.9     63   3.52    174     10  325.5  337.5  326.1
  512.0   5694   -4.3   -9.9     65   3.53    175     10  325.5  337.6  326.2
  504.0   5817   -5.3  -10.0     70   3.57    165     10  325.8  338.0  326.5
  500.0   5880   -5.5   -9.8     72   3.65    160     10  326.3  338.8  327.0
  493.0   5991   -6.1  -11.7     64   3.17    160     10  326.8  337.8  327.4
  491.0   6023   -6.3  -12.3     62   3.05    160     10  327.0  337.5  327.6
  490.0   6039   -6.3  -10.3     73   3.58    161     10  327.2  339.5  327.9
  487.0   6087   -6.5  -13.5     58   2.79    161     10  327.5  337.2  328.1
  486.0   6103   -6.5  -17.5     41   2.00    161     10  327.7  334.8  328.1
  463.0   6482   -8.3  -15.3     57   2.53    166     10  330.0  339.0  330.5
  457.0   6584   -8.7  -14.7     62   2.69    167     10  330.8  340.3  331.3
  448.0   6739   -8.9  -20.9     37   1.62    169     11  332.4  338.3  332.7
  426.0   7128  -11.7  -16.7     66   2.44    174     11  333.6  342.4  334.1
  422.0   7200  -12.1  -17.3     65   2.34    175     11  334.1  342.5  334.5
  411.0   7403  -13.1  -19.1     61   2.07    177     12  335.3  342.8  335.7
  408.0   7459  -13.3  -20.3     56   1.88    178     12  335.7  342.6  336.1
  400.0   7610  -13.9  -22.9     47   1.52    180     13  336.8  342.5  337.1
  390.0   7800  -15.2  -23.2     50   1.52    180     12  337.6  343.2  337.9
  359.0   8422  -19.5  -24.3     66   1.50    142      9  339.9  345.6  340.2
  346.0   8690  -21.4  -27.1     60   1.21    125      8  340.9  345.6  341.2
  318.0   9305  -25.7  -33.4     49   0.73    105      9  343.3  346.1  343.4
  300.0   9730  -28.7  -37.7     42   0.50     80     11  344.8  346.9  344.9
  291.0   9948  -30.5  -41.5     33   0.35     73      8  345.3  346.7  345.3
  281.0  10196  -32.6  -40.6     45   0.40     65      5  345.6  347.3  345.7
  278.0  10272  -33.3  -40.3     49   0.41     64      5  345.8  347.5  345.9
  269.0  10501  -35.2  -43.1     44   0.31     60      5  346.2  347.6  346.3
  250.0  11010  -39.5  -49.5     34   0.17     85      8  347.2  347.9  347.2
  247.0  11092  -39.9  -49.9     34   0.16     90      9  347.8  348.5  347.8
  236.0  11394  -42.6                         110     11  348.2         348.2
  200.0  12490  -52.5                          90     11  349.5         349.5
  171.0  13465  -60.6                          70     19  352.1         352.1
  150.0  14280  -67.3                         105     26  354.0         354.0
  147.0  14398  -68.3                         100     28  354.3         354.3
  118.0  15683  -79.1                          87     38  357.4         357.4
  114.0  15876  -80.1                          85     40  359.0         359.0
  102.0  16499  -83.3                          65     38  364.4         364.4
  100.0  16610  -83.9                          65     40  365.4         365.4
   95.8  16848  -84.9                          70     40  367.9         367.9
   87.0  17380  -85.8                          65     39  376.4         376.4
   84.0  17574  -86.1                          77     35  379.6         379.6
   82.0  17708  -83.1                          85     32  388.3         388.3
   80.0  17846  -80.1                          75     27  397.3         397.3
   78.0  17991  -79.6                          65     21  401.1         401.1
   74.0  18291  -78.7                         125     17  409.2         409.2
   71.6  18479  -78.1                         131     22  414.3         414.3
   70.1  18602  -75.5                         135     26  422.4         422.4
   70.0  18610  -75.3                         135     26  423.0         423.0
   66.9  18872  -76.5                         118     24  425.9         425.9
   63.0  19222  -72.3                          95     22  442.4         442.4
   61.7  19344  -70.9                          93     23  448.2         448.2
   52.0  20359  -70.0                          75     28  472.8         472.8
   51.0  20474  -69.9                                     475.7         475.7
