-----------------------------------------------------------------------------
   PRES   HGHT   TEMP   DWPT   RELH   MIXR   DRCT   SKNT   THTA   THTE   THTV
    hPa     m      C      C      %    g/kg    deg   knot     K      K      K 
-----------------------------------------------------------------------------
 1000.0     95                                                               
  995.0    108   24.6   23.8     95  19.07    160      8  298.2  353.8  301.6
  977.0    275   23.8   22.8     94  18.26    250      4  298.9  352.3  302.1
  944.0    591   22.1   20.9     93  16.80    280      7  300.2  349.6  303.2
  925.0    777   21.2   19.8     92  15.98    285      7  301.0  348.1  303.9
  916.0    862   20.4   18.9     91  15.24    283      8  301.0  346.0  303.8
  889.0   1122   20.4   18.2     87  15.03    275     12  303.6  348.4  306.3
  851.0   1501   18.3   16.2     88  13.85    265     18  305.2  346.8  307.7
  850.0   1511   18.2   16.2     88  13.82    265     19  305.2  346.7  307.7
  805.0   1977   17.0   14.6     86  13.15    273     17  308.7  348.8  311.1
  766.0   2396   14.3   12.3     88  11.86    280     15  310.2  346.7  312.4
  700.0   3155    9.4    8.1     92   9.77    235     18  312.9  343.4  314.7
  685.0   3334    7.8    7.0     95   9.26    227     16  313.0  342.0  314.8
  663.0   3600    6.4    5.7     95   8.75    215     14  314.4  342.0  316.1
  616.0   4198    3.3    2.8     97   7.68    240      5  317.5  342.1  319.0
  594.0   4494    1.8    1.4     98   7.19    285      3  319.0  342.2  320.4
  572.0   4801    0.1   -0.1     98   6.71     25      5  320.6  342.4  321.9
  570.0   4830    0.0   -0.2     99   6.66     28      5  320.7  342.5  322.0
  546.0   5173   -1.7   -1.8     99   6.18     66      9  322.7  343.1  323.9
  545.0   5188   -2.1   -2.4     98   5.92     67      9  322.4  341.9  323.5
  544.0   5203   -2.1   -2.3     99   5.98     69      9  322.6  342.3  323.7
  543.0   5217   -0.9   -1.5     96   6.36     70      9  324.1  345.2  325.4
  531.0   5395   -2.7   -3.3     96   5.66     90     11  324.0  342.8  325.1
  530.0   5410   -2.9   -3.5     96   5.61     90     11  324.0  342.6  325.1
  511.0   5698   -4.2   -5.2     92   5.12     80     13  325.9  343.1  326.9
  500.0   5870   -4.9   -6.2     91   4.84     85     14  327.0  343.4  328.0
  463.0   6473   -7.5   -8.8     90   4.27    111     15  331.0  345.8  331.9
  438.0   6900   -9.8  -11.3     89   3.70    130     15  333.4  346.4  334.2
  422.0   7187  -11.3  -13.0     87   3.36    125     15  335.0  346.9  335.7
  405.0   7504  -13.0  -14.8     86   3.00    150     10  336.8  347.6  337.4
  400.0   7600  -13.5  -15.4     86   2.90    175      7  337.4  347.8  337.9
  399.0   7619  -13.7  -15.7     85   2.84    181      7  337.3  347.6  337.9
  390.0   7788  -14.8  -16.9     85   2.63    235      5  338.0  347.6  338.6
  374.0   8098  -16.9  -19.0     84   2.29    240      3  339.3  347.7  339.8
  360.0   8380  -18.9  -21.0     83   2.00    175      4  340.5  347.9  340.9
  345.0   8695  -21.0  -23.2     83   1.72    135      5  341.7  348.2  342.1
  331.0   9002  -23.1  -25.3     82   1.48     55      4  342.9  348.6  343.3
  318.0   9298  -25.1  -27.4     81   1.28     80      5  344.1  349.1  344.4
  313.0   9415  -25.9  -28.2     81   1.20     82      5  344.6  349.2  344.8
  305.0   9601  -27.4  -30.0     78   1.04     85      4  345.1  349.1  345.3
  300.0   9720  -28.3  -31.2     76   0.95    105      4  345.4  349.1  345.6
  292.0   9910  -29.8  -33.2     72   0.80    120      5  345.9  349.1  346.0
  269.0  10486  -34.5  -39.3     62   0.47    110      5  347.3  349.2  347.4
  257.0  10806  -37.1  -42.7     56   0.35     85      6  348.0  349.4  348.1
  250.0  11000  -38.7  -44.7     53   0.29    100      5  348.4  349.6  348.4
  246.0  11110  -39.8  -45.0     57   0.28    115      5  348.3  349.5  348.4
  245.0  11138  -40.1  -45.1     59   0.28    115      5  348.3  349.5  348.4
  225.0  11706  -44.8                         115      4  349.7         349.7
  216.0  11977  -47.0                         145      4  350.3         350.3
  206.0  12293  -49.7                          60      7  351.0         351.0
  200.0  12490  -51.3                          60      9  351.4         351.4
  171.0  13470  -60.3                          35      9  352.5         352.5
  150.0  14290  -67.9                          55     17  352.9         352.9
  133.0  14998  -73.7                          95     18  355.0         355.0
  127.0  15269  -75.9                          91     23  355.7         355.7
  102.0  16508  -83.2                          70     47  364.6         364.6
  100.0  16620  -83.9                          65     47  365.4         365.4
   98.9  16681  -83.9                                     366.5         366.5
