-----------------------------------------------------------------------------
   PRES   HGHT   TEMP   DWPT   RELH   MIXR   DRCT   SKNT   THTA   THTE   THTV
    hPa     m      C      C      %    g/kg    deg   knot     K      K      K 
-----------------------------------------------------------------------------
 1000.0    105                                                               
  996.0    108   25.0   23.9     94  19.17    350      3  298.5  354.5  301.9
  989.0    173   25.6   22.3     82  17.48    327      5  299.7  351.0  302.8
  978.0    277   24.8   21.8     83  17.13    290      9  299.9  350.2  303.0
  938.0    662   22.0   19.9     88  15.86    286     13  300.6  347.3  303.4
  925.0    790   21.6   19.6     88  15.78    285     15  301.4  348.0  304.2
  850.0   1519   18.6   14.4     77  12.28    285     13  305.6  342.7  307.9
  795.0   2092   16.0   12.7     81  11.77    290      9  308.7  344.7  310.9
  772.0   2344   14.8   12.0     83  11.54    310      7  310.1  345.6  312.2
  740.0   2702   13.2    7.7     69   8.98    340      3  312.0  340.0  313.7
  714.0   3004   11.8    4.0     59   7.20     70      5  313.7  336.5  315.1
  711.0   3039   11.6    3.6     58   7.02     71      5  313.9  336.2  315.2
  700.0   3170   10.6    2.6     58   6.64     75      7  314.2  335.3  315.4
  665.0   3590    7.9    0.7     60   6.09    110     10  315.8  335.4  317.0
  571.0   4837    0.0   -5.0     69   4.64    114     12  320.6  336.0  321.5
  552.0   5108   -1.5   -8.8     58   3.58    115     12  321.9  333.9  322.6
  538.0   5313   -2.7  -11.7     50   2.92    120     12  322.9  332.8  323.4
  534.0   5372   -2.9  -11.9     50   2.89    122     12  323.3  333.2  323.9
  533.0   5387   -2.9  -16.9     33   1.92    122     12  323.5  330.2  323.9
  522.0   5552   -4.1  -12.1     54   2.91    126     12  324.0  334.0  324.5
  515.0   5658   -5.1  -12.1     58   2.95    129     12  324.0  334.1  324.6
  512.0   5704   -5.5  -11.3     64   3.18    130     12  324.1  335.0  324.7
  510.0   5735   -5.7  -10.7     68   3.34    128     12  324.2  335.6  324.8
  509.0   5750   -5.9   -8.3     83   4.04    128     11  324.1  337.8  324.9
  505.0   5812   -6.3  -11.3     68   3.21    124     10  324.4  335.4  325.0
  503.0   5843   -6.3  -13.3     58   2.74    123     10  324.7  334.2  325.3
  500.0   5890   -6.5   -9.9     77   3.63    120      9  325.1  337.4  325.8
  499.0   5906   -6.7   -9.4     81   3.78    119      9  325.0  337.9  325.7
  474.0   6305   -8.1  -11.7     75   3.30    100      6  328.1  339.6  328.8
  456.0   6606   -9.1  -13.5     70   2.98    115      4  330.5  340.9  331.1
  444.0   6812   -9.9  -14.9     67   2.72    126      3  332.0  341.7  332.5
  443.0   6830   -9.9  -14.9     67   2.73    126      2  332.2  341.9  332.8
  442.0   6847   -9.9  -18.9     48   1.95    127      2  332.4  339.5  332.8
  441.0   6865   -9.9  -19.9     44   1.80    128      2  332.6  339.2  333.0
  439.0   6900  -10.3  -17.6     55   2.19    130      2  332.6  340.4  333.0
  438.0   6917  -10.5  -16.5     61   2.42    134      2  332.5  341.2  333.0
  422.0   7201  -12.2  -17.8     63   2.25    195      3  333.9  342.0  334.3
  406.0   7496  -14.0  -19.1     65   2.09    150      2  335.3  342.9  335.7
  400.0   7610  -14.7  -19.6     66   2.03      0      1  335.8  343.2  336.2
  390.0   7801  -16.1  -20.6     68   1.91    335      5  336.4  343.4  336.8
  372.0   8157  -18.7  -22.5     72   1.70    305      4  337.5  343.8  337.9
  360.0   8397  -20.4  -24.5     69   1.47    285      3  338.5  344.0  338.8
  346.0   8687  -22.4  -26.9     66   1.22      0      0  339.6  344.2  339.8
  332.0   8989  -24.5  -29.5     63   1.01     65      2  340.7  344.6  340.9
  318.0   9304  -26.7  -32.1     60   0.82     10      2  341.9  345.1  342.0
  305.0   9609  -28.9  -34.7     57   0.66      0      1  343.0  345.6  343.1
  300.0   9730  -29.7  -35.7     56   0.61      0      1  343.4  345.9  343.5
  293.0   9894  -31.0  -37.5     53   0.52    325      2  343.9  346.0  344.0
  281.0  10186  -33.3  -40.7     47   0.39    340      6  344.7  346.3  344.8
  269.0  10490  -35.7  -44.1     42   0.29     30      7  345.6  346.8  345.6
  250.0  11000  -39.7  -49.7     34   0.16     35      8  346.9  347.6  346.9
  248.0  11055  -40.1  -50.1     33   0.16     35      9  347.1  347.8  347.1
  246.0  11108  -40.5                          35      9  347.2         347.2
  225.0  11700  -45.5                          85     14  348.6         348.6
  200.0  12480  -52.1                          95     22  350.1         350.1
  150.0  14280  -66.7                          95     44  355.0         355.0
  140.0  14689  -69.9                          90     45  356.5         356.5
  131.0  15083  -72.9                          84     49  357.9         357.9
  109.0  16136  -80.3                          66     59  363.3         363.3
  108.0  16188  -80.3                          65     59  364.2         364.2
  100.0  16620  -80.5                          75     61  371.9         371.9
   97.0  16793  -80.5                          80     55  375.2         375.2
   89.2  17267  -80.5                          92     29  384.3         384.3
   87.0  17407  -81.4                          95     21  385.3         385.3
   83.0  17671  -83.0                         125     25  387.2         387.2
   78.1  18011  -85.1                         120     36  389.6         389.6
   75.5  18200  -81.3                         111     42  401.4         401.4
   74.0  18314  -80.9                         105     45  404.5         404.5
   71.7  18493  -80.3                          91     35  409.5         409.5
   70.0  18630  -76.5                          80     27  420.4         420.4
   67.7  18823  -73.3                          76     22  431.3         431.3
   67.0  18885  -73.1                          75     21  433.1         433.1
   64.0  19156  -72.0                          50     18  441.1         441.1
   60.0  19539  -70.6                          70     20  452.5         452.5
   55.0  20054  -68.7                          70     16  468.3         468.3
   52.0  20386  -67.4                         110     15  478.8         478.8
   50.8  20525  -66.9                         119     14  483.2         483.2
   50.0  20620  -67.1                         125     14  484.9         484.9
   49.0  20742  -66.8                         125     14  488.6         488.6
   45.0  21258  -65.3                         105     19  504.2         504.2
   43.0  21533  -64.5                         125     16  512.7         512.7
   39.0  22125  -66.3                          95     21  522.5         522.5
   38.7  22172  -66.5                          91     21  523.3         523.3
   37.0  22445  -65.2                          65     19  533.4         533.4
   35.6  22679  -64.1                          64     21  542.1         542.1
   33.6  23031  -65.7                          62     24  547.0         547.0
   32.0  23330  -61.9                          60     26  564.8         564.8
   31.5  23426  -60.7                          66     26  570.6         570.6
   30.0  23730  -59.3                          85     27  582.4         582.4
   25.0  24869  -59.5                         130     40  613.1         613.1
   23.4  25282  -59.5                         117     46  624.7         624.7
   22.0  25667  -59.5                         104     52  635.8         635.8
   21.0  25960  -55.9                          95     56  655.1         655.1
   20.0  26270  -54.9                          85     61  667.4         667.4
   19.0  26602  -54.0                          75     67  679.9         679.9
   14.1  28533  -49.1                          90     70  757.1         757.1
   14.0                                        90     70                     
