-----------------------------------------------------------------------------
   PRES   HGHT   TEMP   DWPT   RELH   MIXR   DRCT   SKNT   THTA   THTE   THTV
    hPa     m      C      C      %    g/kg    deg   knot     K      K      K 
-----------------------------------------------------------------------------
 1000.0    108                                                               
  996.0    108   24.6   23.5     94  18.70    230      3  298.1  352.6  301.4
  978.0    277   24.9   22.8     88  18.21    270      6  299.9  353.4  303.2
  969.0    363   25.0   22.4     86  17.96    270      7  300.8  353.8  304.1
  925.0    792   22.2   19.5     85  15.68    270     12  302.0  348.5  304.8
  886.0   1165   21.0   15.0     69  12.25    270     11  304.5  341.3  306.7
  850.0   1521   18.8   14.0     74  11.96    270     11  305.8  342.0  308.0
  795.0   2093   15.7   12.3     80  11.42    265      9  308.4  343.2  310.5
  771.0   2355   14.2   11.5     84  11.17    248      8  309.5  343.8  311.6
  751.0   2578   14.0    9.8     76  10.23    233      7  311.6  343.4  313.6
  740.0   2702   13.2    9.2     77   9.96    225      6  312.0  343.0  313.9
  714.0   3003   11.1    7.7     80   9.33    230      5  313.0  342.2  314.8
  700.0   3169   10.0    6.9     81   8.99    210      4  313.5  341.8  315.2
  690.0   3289    8.8    6.6     86   8.94    178      3  313.5  341.5  315.2
  689.0   3301    8.7    6.5     86   8.88    175      3  313.6  341.4  315.2
  664.0   3607    7.3    3.5     77   7.49     75      3  315.2  339.1  316.6
  643.0   3873    6.0    1.0     70   6.44    107      8  316.7  337.4  317.9
  641.0   3899    5.8    0.9     71   6.42    110      8  316.8  337.4  318.0
  599.0   4452    2.2   -1.0     79   5.97    119      9  318.8  338.2  319.9
  595.0   4507    2.4   -5.6     56   4.26    120      9  319.6  333.7  320.4
  593.0   4534    2.2   -2.6     71   5.36    121      9  319.7  337.3  320.7
  559.0   5011    0.0   -6.0     64   4.39    129     10  322.5  337.2  323.4
  553.0   5098   -0.5   -5.5     69   4.63    130     10  322.9  338.4  323.8
  532.0   5408   -2.5   -3.5     93   5.59    120      9  324.1  342.7  325.2
  500.0   5900   -5.1   -5.6     96   5.07    135      8  326.8  343.9  327.8
  457.0   6599   -8.8   -9.2     96   4.18    160      6  330.7  345.1  331.5
  442.0   6858  -10.1  -10.6     96   3.88    206      4  332.2  345.7  332.9
  439.0   6910  -10.4  -11.4     92   3.66    215      4  332.4  345.3  333.2
  407.0   7489  -13.5  -20.5     56   1.85    235      6  335.7  342.5  336.1
  400.0   7620  -14.1  -19.1     66   2.12    240      7  336.6  344.3  337.0
  394.0   7734  -15.1  -17.3     83   2.51    247      7  336.7  345.8  337.2
  374.0   8126  -17.3  -20.3     77   2.05    270      7  338.9  346.4  339.3
  367.0   8268  -18.3  -25.3     54   1.34    279      6  339.4  344.4  339.6
  364.0   8329  -18.7  -26.7     49   1.19    282      6  339.6  344.2  339.9
  360.0   8411  -19.5  -25.5     59   1.34    287      6  339.6  344.7  339.9
  353.0   8557  -20.5  -25.5     64   1.37    296      6  340.2  345.4  340.5
  350.0   8620  -20.9  -28.9     49   1.01    300      6  340.5  344.4  340.7
  346.0   8704  -21.5  -31.2     41   0.82    305      6  340.8  344.1  341.0
  343.0   8768  -21.9  -32.9     36   0.70    297      6  341.1  343.9  341.2
  333.0   8985  -23.3  -32.3     43   0.77    268      4  342.1  345.1  342.2
  332.0   9007  -23.5  -32.1     45   0.79    265      4  342.1  345.2  342.3
  324.0   9185  -25.1  -30.1     63   0.97    344      3  342.3  346.1  342.5
  323.0   9207  -25.3  -27.7     80   1.22    354      3  342.3  347.0  342.6
  321.0   9252  -25.3  -30.2     64   0.97     15      2  342.9  346.7  343.1
  320.0   9275  -25.3  -32.3     52   0.80     25      2  343.2  346.4  343.4
  319.0   9298  -25.4  -32.3     53   0.80     35      2  343.3  346.5  343.5
  311.0   9481  -26.7  -32.7     57   0.79     59      6  344.1  347.2  344.2
  306.0   9598  -27.5  -36.0     44   0.58     75      8  344.5  346.9  344.6
  305.0   9622  -27.7  -36.7     42   0.54     73      8  344.6  346.8  344.7
  300.0   9740  -28.5  -37.5     42   0.51     65      9  345.1  347.2  345.2
  282.0  10180  -32.5  -37.0     64   0.57     56      7  345.5  347.8  345.6
  281.0  10205  -32.7  -37.2     64   0.56     55      7  345.6  347.9  345.7
  269.0  10509  -34.9  -39.4     63   0.47     95      4  346.8  348.7  346.9
  250.0  11020  -38.5  -43.0     62   0.34     95     17  348.7  350.1  348.8
  245.0  11158  -39.9  -44.3     63   0.31     93     17  348.6  349.9  348.7
  216.0  11997  -47.1                          80     20  350.2         350.2
  200.0  12510  -51.5                          75     27  351.1         351.1
  171.0  13490  -59.9                          95     31  353.2         353.2
  150.0  14310  -66.9                         105     40  354.6         354.6
  140.0  14712  -70.0                         100     46  356.3         356.3
  110.0  16115  -80.7                          70     59  361.6         361.6
  103.0  16484  -81.0                          70     61  367.9         367.9
  100.0  16650  -81.1                          65     55  370.8         370.8
   88.0  17372  -81.5                          40     14  383.7         383.7
   84.2  17621  -81.7                          82     13  388.2         388.2
   83.0  17704  -80.8                          95     12  391.6         391.6
   77.4  18103  -76.7                          95     20  408.1         408.1
   75.0  18284  -77.6                          95     24  409.9         409.9
   70.7  18623  -79.3                          86     27  413.2         413.2
   70.0  18680  -79.3                          85     28  414.4         414.4
   67.0  18930  -78.1                          85     23  422.2         422.2
   64.1  19182  -76.9                         104     26  430.2         430.2
   64.0  19191  -76.8                         105     26  430.6         430.6
   61.0  19470  -74.0                          60     24  442.9         442.9
   58.3  19733  -71.3                          73     24  454.7         454.7
   58.0  19763  -71.3                          75     24  455.3         455.3
   53.1  20283  -71.9                          67     20  465.6         465.6
   52.0  20407  -70.6                          65     19  471.4         471.4
   50.0  20640  -68.1                          75     13  482.6         482.6
   49.9  20652  -67.7                          76     13  483.8         483.8
   48.0  20885  -68.7                          89     16  486.8         486.8
   45.0  21277  -66.1                         110     20  502.2         502.2
   43.0  21553  -64.2                          90     23  513.3         513.3
   41.2  21813  -62.5                          91     25  524.0         524.0
   35.9  22662  -62.9                          94     32  544.0         544.0
   35.0  22820  -62.2                          95     33  549.8         549.8
   32.0  23378  -59.7                          80     37  570.7         570.7
   30.0  23780  -57.9                          75     39  586.2         586.2
   28.3  24150  -55.5                          50     28  602.7         602.7
   28.0  24218  -55.6                          45     26  604.2         604.2
   26.0  24688  -56.6                          35     16  614.4         614.4
   25.0  24937  -57.1                          45     16  619.9         619.9
   23.0  25466  -58.2                         120     18  631.7         631.7
   22.4  25633  -58.5                         117     24  635.5         635.5
   20.0  26350  -56.7                         105     52  661.9         661.9
   19.0  26674  -57.9                         102     55  667.9         667.9
   17.2  27306  -55.3                          95     62  695.6         695.6
   17.0  27380  -55.0                          95     62  698.9         698.9
   16.7  27493  -54.5                                     704.0         704.0
