-----------------------------------------------------------------------------
   PRES   HGHT   TEMP   DWPT   RELH   MIXR   DRCT   SKNT   THTA   THTE   THTV
    hPa     m      C      C      %    g/kg    deg   knot     K      K      K 
-----------------------------------------------------------------------------
 1000.0     88                                                               
  994.0    108   26.8   25.1     90  20.69    310      4  300.5  361.5  304.2
  944.0    586   24.1   21.1     84  17.06    325     12  302.2  352.8  305.2
  925.0    774   23.0   19.6     81  15.78    310     13  302.8  349.8  305.7
  912.0    897   22.3   19.0     82  15.39    300     13  303.3  349.2  306.1
  851.0   1498   18.7   15.9     84  13.58    335     15  305.6  346.5  308.1
  850.0   1508   18.6   15.9     84  13.55    340     15  305.6  346.4  308.1
  837.0   1640   18.2   15.5     84  13.41      2     13  306.5  347.1  309.0
  821.0   1805   19.0   12.9     68  11.49     30     11  309.1  344.3  311.2
  817.0   1847   19.2   12.2     64  11.04     34     11  309.7  343.7  311.8
  778.0   2264   16.2    8.2     59   8.84     76     10  310.9  338.4  312.5
  765.0   2406   15.7    3.5     44   6.48     90     10  311.8  332.3  313.0
  744.0   2641   14.8   -4.2     27   3.78     74     12  313.3  325.7  314.1
  739.0   2697   14.7   -5.3     25   3.50     70     12  313.8  325.3  314.5
  734.0   2754   14.6   -6.4     23   3.24     73     12  314.3  325.0  314.9
  717.0   2951   13.0    3.0     51   6.67     83     10  314.7  335.9  315.9
  713.0   2997   12.8    3.2     52   6.82     85     10  314.9  336.7  316.2
  700.0   3151   12.0    4.0     58   7.33     85      7  315.7  339.1  317.1
  664.0   3591    7.5    3.5     76   7.48      0      6  315.4  339.2  316.9
  662.0   3616    7.2    3.5     77   7.49      2      6  315.4  339.2  316.8
  640.0   3894    5.7    2.8     82   7.38     20      4  316.7  340.3  318.1
  617.0   4194    4.0    2.1     87   7.25    285      7  318.2  341.5  319.6
  606.0   4342    3.2    1.7     90   7.19    278      7  318.9  342.1  320.2
  594.0   4505    3.0    0.8     86   6.89    270      8  320.4  342.9  321.8
  576.0   4755    2.6   -0.5     80   6.45    321      6  322.8  344.1  324.1
  573.0   4798    2.4   -0.8     80   6.33    330      6  323.0  343.9  324.2
  552.0   5100    0.5   -3.0     77   5.57     15      7  324.3  342.9  325.4
  546.0   5188    0.0   -3.7     76   5.36      3      6  324.7  342.6  325.8
  532.0   5395   -1.3   -5.0     76   5.00    335      5  325.5  342.3  326.5
  512.0   5701   -3.3   -6.8     76   4.50      0      2  326.7  342.0  327.6
  500.0   5890   -4.5   -8.0     77   4.21     10      2  327.5  341.9  328.3
  493.0   6000   -5.1   -8.6     77   4.09     10      3  328.0  342.0  328.8
  457.0   6593   -8.6  -11.5     79   3.48     40      5  330.9  343.0  331.6
  446.0   6784   -9.7  -12.5     80   3.30     10      5  331.8  343.4  332.5
  439.0   6905  -10.2  -14.5     71   2.85    350      5  332.6  342.8  333.2
  422.0   7209  -11.6  -19.5     52   1.95      0      6  334.7  341.8  335.1
  408.0   7469  -12.7  -23.7     39   1.39      4      7  336.5  341.7  336.8
  406.0   7506  -12.8  -24.1     38   1.35      5      7  336.8  341.8  337.0
  400.0   7620  -13.3  -25.3     36   1.23      0      7  337.6  342.3  337.9
  390.0   7810  -14.5  -27.6     32   1.02     10      5  338.5  342.5  338.7
  375.0   8104  -16.3  -31.1     27   0.76    350      4  339.9  342.9  340.1
  361.0   8390  -18.1  -34.6     22   0.57     15      4  341.3  343.6  341.4
  346.0   8708  -20.0  -38.4     18   0.40     70      7  342.8  344.4  342.9
  341.0   8817  -20.7  -39.7     17   0.36     65      7  343.3  344.8  343.4
  332.0   9012  -22.2  -40.4     18   0.34     55      8  343.8  345.2  343.9
  300.0   9750  -28.1  -43.1     22   0.28     90     13  345.7  346.9  345.7
  294.0   9893  -29.2  -44.7     21   0.24    100     10  346.0  347.1  346.1
  272.0  10445  -33.7  -50.7     16   0.13    173     10  347.4  347.9  347.4
  270.0  10496  -34.1  -50.5     17   0.14    180     10  347.4  348.1  347.5
  250.0  11030  -38.7  -48.7     34   0.18    205     14  348.4  349.2  348.4
  245.0  11167  -40.1  -50.1     33   0.16    207     15  348.3  349.0  348.4
  237.0  11387  -42.0                         210     16  348.8         348.8
  200.0  12510  -51.7                         190     10  350.7         350.7
  197.0  12605  -52.5                         185      6  351.1         351.1
  188.0  12899  -54.8                         115     10  352.0         352.0
  163.0  13797  -61.9                          50     25  354.6         354.6
  150.0  14320  -66.1                          60     28  356.0         356.0
  148.0  14397  -66.7                          55     28  356.4         356.4
  127.0  15281  -73.6                          30      6  359.9         359.9
  121.0  15560  -75.7                         135      3  360.9         360.9
  115.0  15853  -78.0                         160      9  362.0         362.0
  103.0  16489  -83.0                         180      6  364.1         364.1
  100.0  16660  -84.3                         150      4  364.6         364.6
