-----------------------------------------------------------------------------
   PRES   HGHT   TEMP   DWPT   RELH   MIXR   DRCT   SKNT   THTA   THTE   THTV
    hPa     m      C      C      %    g/kg    deg   knot     K      K      K 
-----------------------------------------------------------------------------
 1000.0     85                                                               
  994.0    108   26.8   23.0     80  18.17      0      0  300.5  354.0  303.7
  976.0    276   25.7   22.0     80  17.37    350      6  300.9  352.2  304.0
  943.0    593   23.6   20.1     81  15.95    350     17  301.8  349.0  304.6
  925.0    770   22.4   19.0     81  15.19    340     16  302.2  347.3  305.0
  855.0   1455   19.4   12.4     64  10.69    312     18  305.9  338.3  307.9
  850.0   1506   19.0   14.0     73  11.96    310     18  306.0  342.2  308.2
  770.0   2351   14.6   10.3     75  10.32    307     20  310.1  341.9  312.0
  765.0   2407   14.4    8.4     67   9.12    307     20  310.4  338.7  312.1
  762.0   2440   15.0    4.0     48   6.73    307     21  311.4  332.6  312.7
  757.0   2496   14.0    8.0     67   8.97    307     21  310.9  338.8  312.6
  755.0   2518   13.8    9.4     75   9.90    307     21  310.9  341.6  312.8
  753.0   2540   13.8    8.8     72   9.53    307     21  311.2  340.8  313.0
  750.0   2574   14.0    6.0     59   7.88    306     21  311.8  336.4  313.2
  749.0   2585   14.2    4.2     51   6.95    306     21  312.1  334.0  313.4
  747.0   2608   14.2    1.2     41   5.62    306     21  312.3  330.2  313.4
  745.0   2631   13.8    6.8     63   8.39    306     21  312.1  338.4  313.7
  736.0   2733   12.8    8.7     76   9.68    306     21  312.1  342.3  313.9
  734.0   2756   12.6    9.1     79   9.98    306     21  312.1  343.2  314.0
  726.0   2848   13.4   -2.6     33   4.37    306     22  314.0  328.2  314.8
  713.0   3001   13.6  -13.4     14   1.92    305     22  315.9  322.4  316.2
  700.0   3155   12.4  -10.6     19   2.45    310     24  316.2  324.4  316.6
  694.0   3227   11.8   -1.2     40   5.08    310     24  316.3  332.8  317.3
  680.0   3397   10.4    2.4     58   6.74    310     24  316.6  338.2  317.9
  573.0   4801    2.2   -3.9     64   5.04    310     23  322.9  339.6  323.8
  568.0   4873    1.8   -4.2     64   4.96    311     23  323.2  339.7  324.1
  536.0   5339    0.0  -12.0     40   2.86    317     22  326.4  336.4  327.0
  515.0   5657   -3.1  -10.1     58   3.46    322     21  326.4  338.3  327.1
  502.0   5859   -4.3  -14.3     46   2.53    325     21  327.4  336.2  327.9
  500.0   5890   -4.5  -13.5     49   2.71    325     21  327.5  337.0  328.0
  493.0   6002   -5.1  -12.1     58   3.08    320     20  328.1  338.8  328.7
  488.0   6082   -5.7  -12.7     58   2.97    319     20  328.3  338.6  328.9
  486.0   6114   -5.7  -15.7     45   2.33    319     20  328.7  336.9  329.1
  451.0   6699  -10.1  -15.1     67   2.64    312     17  330.2  339.6  330.8
  439.0   6907  -11.2  -17.6     59   2.19    310     16  331.5  339.3  331.9
  435.0   6978  -11.5  -18.5     56   2.06    306     16  331.9  339.3  332.3
  423.0   7193  -13.3  -17.7     69   2.26    295     15  332.3  340.4  332.7
  403.0   7563  -14.5  -26.5     35   1.09    312     12  335.3  339.5  335.6
  400.0   7620  -14.5  -28.5     29   0.92    315     12  336.1  339.6  336.2
  390.0   7810  -16.0  -27.0     38   1.08    315     13  336.6  340.6  336.8
  380.0   8005  -17.5  -25.5     50   1.27    316     12  337.1  341.9  337.3
  350.0   8615  -20.9  -34.9     27   0.57    320      8  340.5  342.8  340.6
  346.0   8699  -21.6  -34.9     29   0.57    320      7  340.7  343.0  340.8
  332.0   8998  -24.0  -35.0     36   0.59     20      7  341.4  343.7  341.5
  319.0   9288  -26.4  -35.0     44   0.61     40      6  342.0  344.4  342.1
  310.0   9496  -28.1  -35.1     51   0.63     31      6  342.4  344.9  342.6
  300.0   9730  -29.5  -39.5     37   0.41     20      7  343.7  345.4  343.8
  293.0   9896  -30.9  -40.4     39   0.39     10      6  344.1  345.7  344.1
  281.0  10190  -33.3  -41.9     42   0.35    355      6  344.7  346.1  344.8
  269.0  10496  -35.9  -43.4     46   0.31      0      6  345.3  346.6  345.4
  251.0  10983  -39.9  -45.9     53   0.25    313      8  346.2  347.3  346.3
  250.0  11010  -40.1                         310      8  346.3         346.3
  246.0  11117  -41.0                         310      5  346.6         346.6
  236.0  11392  -43.1                          70      4  347.5         347.5
  206.0  12294  -50.3                          50     14  349.9         349.9
  200.0  12490  -51.9                          65     14  350.4         350.4
  171.0  13476  -60.1                          75     16  352.9         352.9
  150.0  14300  -66.9                         100     19  354.6         354.6
  140.0  14706  -70.1                         105     21  356.1         356.1
  129.0  15188  -73.9                          92     22  357.7         357.7
  120.0  15598  -76.4                          80     23  360.6         360.6
  100.0  16630  -82.7                         105     36  367.7         367.7
   92.0  17091  -85.3                         110     39  371.5         371.5
   87.2  17386  -86.9                         100     36  373.9         373.9
   83.0  17662  -78.9                          90     30  395.6         395.6
   82.8  17676  -78.5                          89     30  396.6         396.6
   78.0  18015  -79.2                          60     19  402.1         402.1
   71.9  18478  -80.1                          83     17  409.6         409.6
   70.0  18630  -79.1                          90     16  414.8         414.8
   63.0  19238  -74.6                         105     27  437.5         437.5
   60.3  19491  -72.7                          92     21  447.2         447.2
   57.0  19824  -71.6                          75     13  456.9         456.9
   52.0  20368  -69.8                         105     17  473.1         473.1
   50.0  20600  -69.1                          80     21  480.2         480.2
   49.0  20721  -68.9                          70     22  483.4         483.4
   45.0  21230  -68.2                         105     33  497.1         497.1
   40.0  21933  -67.2                          90     34  516.7         516.7
   39.7  21978  -67.1                          91     34  518.0         518.0
   37.0  22407  -64.0                         100     35  536.4         536.4
   35.1  22727  -61.7                          93     37  550.6         550.6
   33.0  23106  -63.8                          85     39  554.8         554.8
   32.9  23124  -63.9                          85     40  555.0         555.0
   30.0  23690  -61.5                          85     55  576.4         576.4
   27.0  24342  -61.5                          85     35  594.0         594.0
   26.2  24528  -61.5                          87     37  599.1         599.1
   24.1  25050  -57.1                          92     44  626.4         626.4
   23.0  25348  -56.0                          95     48  638.0         638.0
   20.0  26240  -52.7                          90     48  674.1         674.1
   17.0  27293  -51.3                          90     64  710.6         710.6
   16.6  27447  -51.1                                     716.1         716.1
