-----------------------------------------------------------------------------
   PRES   HGHT   TEMP   DWPT   RELH   MIXR   DRCT   SKNT   THTA   THTE   THTV
    hPa     m      C      C      %    g/kg    deg   knot     K      K      K 
-----------------------------------------------------------------------------
 1000.0    102                                                               
  995.0    108   26.2   24.5     90  19.92      0      0  299.8  358.4  303.3
  978.0    269   25.4   23.0     87  18.51    245      5  300.4  355.0  303.8
  925.0    788   22.8   18.3     76  14.52    245     13  302.6  345.8  305.2
  892.0   1106   21.8   13.8     60  11.24    253      9  304.7  338.6  306.8
  882.0   1204   21.3   13.8     62  11.37    255      8  305.2  339.6  307.3
  852.0   1505   19.9   13.8     68  11.77    290      4  306.8  342.5  308.9
  850.0   1525   19.8   13.8     68  11.80    295      4  306.9  342.7  309.1
  848.0   1545   19.8   13.8     68  11.83    284      4  307.1  343.0  309.3
  823.0   1803   19.1   10.1     56   9.49    145      1  308.9  338.2  310.7
  807.0   1973   18.6    7.6     49   8.18    134      4  310.2  335.6  311.7
  795.0   2100   17.6    7.6     52   8.31    125      6  310.4  336.2  312.0
  738.0   2733   12.4    7.7     73   9.01    111     12  311.4  339.5  313.1
  715.0   2999   11.1    3.4     59   6.87    105     15  312.9  334.6  314.2
  713.0   3022   11.0    3.0     58   6.70    104     15  313.0  334.2  314.2
  711.0   3046   11.0    3.0     58   6.72    102     15  313.2  334.5  314.5
  705.0   3117   11.2   -3.8     35   4.12     98     14  314.2  327.6  315.0
  700.0   3176   11.0   -6.0     30   3.51     95     14  314.6  326.2  315.3
  690.0   3296    9.9   -0.9     47   5.21     90     14  314.7  331.5  315.7
  687.0   3332    9.6    0.6     53   5.85     92     14  314.8  333.5  315.9
  678.0   3441    8.6    1.6     61   6.38     98     14  314.8  335.2  316.1
  665.0   3601    8.0   -9.0     29   2.92    108     13  315.9  325.7  316.5
  648.0   3815    8.0  -15.0     18   1.85    120     12  318.2  324.6  318.6
  639.0   3930    7.4   -7.6     34   3.40    127     12  318.9  330.2  319.5
  629.0   4060    6.6  -14.4     21   2.00    134     11  319.4  326.3  319.8
  611.0   4297    4.4   -4.6     52   4.47    148     11  319.5  334.3  320.4
  603.0   4404    3.4   -4.6     56   4.53    154     10  319.6  334.5  320.4
  597.0   4485    3.0  -10.0     38   3.01    159     10  320.0  330.2  320.6
  596.0   4499    2.9   -9.9     38   3.03    160     10  320.1  330.3  320.6
  560.0   5001    0.0   -8.0     55   3.76    193      7  322.4  335.0  323.1
  553.0   5101   -0.7   -8.7     55   3.61    200      6  322.7  335.0  323.4
  534.0   5380   -2.5  -10.5     54   3.24    188      6  323.8  334.8  324.4
  528.0   5470   -2.9  -13.9     42   2.49    184      6  324.4  333.0  324.8
  522.0   5560   -3.3  -13.3     46   2.64    180      7  324.9  334.1  325.4
  515.0   5667   -3.5  -20.5     26   1.46    175      7  325.9  331.2  326.2
  503.0   5853   -5.1  -15.1     45   2.36    167      7  326.2  334.5  326.7
  500.0   5900   -5.5  -13.5     53   2.71    165      7  326.3  335.7  326.8
  496.0   5963   -6.1  -14.1     53   2.60    162      7  326.3  335.4  326.8
  493.0   6010   -6.3  -15.7     48   2.30    160      7  326.6  334.6  327.0
  476.0   6284   -7.7  -24.7     24   1.09    139      7  328.2  332.2  328.4
  457.0   6600   -9.0  -30.0     16   0.69    115      6  330.4  333.0  330.5
  439.0   6911  -10.3  -35.3     11   0.43     65      1  332.6  334.3  332.6
  423.0   7195  -12.5  -32.3     18   0.61     50      5  333.3  335.6  333.4
  409.0   7452  -14.5  -29.5     27   0.82     83      7  333.9  337.1  334.1
  406.0   7507  -15.0  -27.4     34   1.00     90      8  333.9  337.7  334.2
  401.0   7601  -15.9  -23.9     50   1.39     94      9  334.0  339.2  334.3
  400.0   7620  -16.1  -22.1     60   1.64     95      9  334.0  340.0  334.3
  398.0   7658  -16.3  -22.3     60   1.62     96      9  334.2  340.1  334.5
  396.0   7695  -16.3  -25.3     46   1.24     97      9  334.7  339.3  334.9
  391.0   7790  -16.9  -23.9     55   1.43     99      8  335.1  340.4  335.4
  390.0   7809  -16.9  -21.5     67   1.77     99      8  335.4  341.9  335.7
  389.0   7829  -17.1  -24.1     55   1.41     99      8  335.3  340.6  335.6
  388.0   7848  -16.9  -29.9     31   0.83    100      8  335.9  339.0  336.0
  386.0   7886  -16.9  -29.9     31   0.83    101      8  336.3  339.6  336.5
  375.0   8102  -17.9  -36.3     18   0.46    105      7  337.9  339.7  338.0
  370.0   8202  -18.3  -39.3     14   0.34     99      7  338.6  340.0  338.6
  332.0   8993  -25.0  -46.0     12   0.19     55      6  340.0  340.8  340.1
  323.0   9193  -26.7  -47.7     12   0.16     52      5  340.4  341.1  340.4
  318.0   9304  -27.4  -48.0     12   0.16     50      5  341.0  341.6  341.0
  305.0   9602  -29.2  -48.6     13   0.15     25     11  342.5  343.2  342.5
  300.0   9720  -29.9  -48.9     14   0.15     15     12  343.1  343.8  343.1
  293.0   9888  -30.2  -57.0      6   0.06     20     10  345.0  345.3  345.0
  291.0   9937  -30.3  -59.3      4   0.04     22     10  345.6  345.8  345.6
  269.0  10487  -34.3  -55.6     10   0.08     50      8  347.5  347.9  347.5
  250.0  11000  -38.1  -52.1     22   0.12     45      6  349.3  349.8  349.3
  243.0  11195  -39.9  -51.9     27   0.13     44      8  349.4  350.0  349.5
  226.0  11677  -44.2                          40     13  350.1         350.1
  200.0  12490  -51.5                          60     15  351.1         351.1
  171.0  13476  -59.7                          80     21  353.6         353.6
  150.0  14300  -66.5                          80     35  355.3         355.3
  135.0  14926  -71.9                          83     36  356.6         356.6
  112.0  15997  -80.3                          88     39  360.5         360.5
  103.0  16465  -81.8                          90     40  366.4         366.4
  100.0  16630  -82.3                          90     37  368.5         368.5
   87.3  17390  -83.3                          95     27  381.1         381.1
   87.0  17410  -83.1                          95     27  381.8         381.8
   80.3  17862  -78.9                          55     13  399.3         399.3
   78.0  18028  -78.8                          40      8  402.9         402.9
   74.0  18329  -78.5                          80      8  409.5         409.5
   73.3  18384  -78.5                          73      8  410.7         410.7
   71.3  18543  -75.7                          53     10  419.9         419.9
   71.0  18568  -75.7                          50     10  420.4         420.4
   70.0  18650  -75.7                          45      8  422.1         422.1
   67.0  18902  -76.6                         140      7  425.4         425.4
   65.5  19033  -77.1                         138     15  427.1         427.1
   64.0  19167  -75.5                         135     24  433.5         433.5
   61.8  19370  -73.1                         121     23  443.2         443.2
   60.2  19526  -67.5                         110     22  459.0         459.0
   58.0  19748  -69.2                          95     21  460.1         460.1
   55.4  20021  -71.3                          82     20  461.4         461.4
   52.0  20397  -70.2                          65     18  472.4         472.4
   50.0  20630  -69.5                          75     11  479.3         479.3
   47.0  21001  -66.8                          85     15  494.4         494.4
   46.3  21091  -66.1                          71     15  498.1         498.1
   45.0  21265  -65.8                          45     15  502.8         502.8
   43.0  21542  -65.4                          35     10  510.4         510.4
   39.0  22137  -64.6                         130     21  527.0         527.0
   33.0  23155  -63.1                          80     27  556.7         556.7
   31.6  23419  -62.7                          85     32  564.7         564.7
   30.0  23740  -60.7                          90     39  578.6         578.6
   29.7  23803  -59.9                                     582.4         582.4
