-----------------------------------------------------------------------------
   PRES   HGHT   TEMP   DWPT   RELH   MIXR   DRCT   SKNT   THTA   THTE   THTV
    hPa     m      C      C      %    g/kg    deg   knot     K      K      K 
-----------------------------------------------------------------------------
 1000.0     78                                                               
  992.0    108   26.8   24.2     86  19.61      0      1  300.6  358.5  304.1
  975.0    271   26.0   22.9     83  18.46    290     10  301.3  355.9  304.6
  925.0    769   23.6   19.1     76  15.29    285     12  303.4  349.0  306.2
  862.0   1381   20.6   13.6     64  11.48    289      9  306.5  341.3  308.6
  850.0   1502   19.8   13.8     68  11.80    290      9  306.9  342.7  309.1
  765.0   2402   14.5    9.6     73   9.90    300      5  310.5  341.1  312.4
  746.0   2617   13.2    8.6     74   9.49    307      4  311.4  340.8  313.1
  738.0   2708   13.1    6.4     64   8.23    310      3  312.2  338.0  313.7
  733.0   2765   13.0    5.0     58   7.52    319      3  312.7  336.4  314.1
  713.0   2998   11.6    4.8     63   7.60    355      2  313.6  337.6  315.0
  700.0   3152   10.6    4.6     66   7.65      0      2  314.2  338.4  315.6
  687.0   3308    9.6    3.9     68   7.44     10      2  314.7  338.4  316.1
  665.0   3578    7.8    2.8     71   7.09    170      3  315.7  338.3  317.0
  663.0   3603    7.7    2.7     71   7.05    185      3  315.8  338.3  317.1
  616.0   4206    4.3   -0.5     71   6.02    250      6  318.6  338.2  319.8
  612.0   4259    4.0   -0.8     71   5.93    251      6  318.9  338.2  320.0
  551.0   5108    0.1  -11.8     40   2.82    270      8  323.9  333.7  324.5
  550.0   5122    0.0  -12.0     40   2.79    268      8  324.0  333.6  324.6
  535.0   5343   -1.5  -12.5     43   2.75    238      6  324.8  334.3  325.4
  531.0   5403   -1.5  -17.0     30   1.91    230      6  325.5  332.3  325.9
  527.0   5463   -1.5  -21.5     20   1.31    232      6  326.2  330.9  326.5
  502.0   5849   -3.9  -17.9     33   1.87    244      6  327.9  334.5  328.2
  500.0   5880   -4.1  -17.1     36   2.01    245      6  328.0  335.1  328.4
  495.0   5959   -4.3  -20.3     28   1.55    246      6  328.7  334.3  329.0
  474.0   6300   -6.7  -17.1     43   2.12    250      8  329.9  337.4  330.3
  465.0   6450   -7.7  -15.7     53   2.43    248      7  330.4  339.0  330.9
  463.0   6484   -7.9  -15.9     53   2.40    247      6  330.5  339.1  331.0
  462.0   6501   -7.9  -19.9     38   1.72    247      6  330.7  336.9  331.1
  456.0   6602   -8.6  -19.0     43   1.87    245      5  331.1  337.8  331.4
  447.0   6757   -9.7  -17.7     52   2.14    223      6  331.6  339.3  332.0
  443.0   6827  -10.1  -13.2     78   3.14    213      6  331.9  343.0  332.6
  422.0   7201  -12.3  -15.7     76   2.69    160      7  333.8  343.4  334.4
  416.0   7311  -12.9  -16.4     75   2.57    172      6  334.4  343.6  334.9
  414.0   7348  -13.1  -16.1     78   2.64    176      6  334.6  344.1  335.1
  410.0   7422  -13.5  -19.5     61   2.00    185      5  335.0  342.3  335.4
  409.0   7441  -13.5  -23.5     43   1.41    187      5  335.2  340.5  335.5
  405.0   7515  -13.8  -25.2     38   1.23    195      4  335.7  340.3  335.9
  400.0   7610  -14.3  -27.3     32   1.02    190      4  336.3  340.2  336.5
  399.0   7629  -14.5  -26.5     35   1.11    190      4  336.3  340.5  336.5
  392.0   7763  -15.5  -22.5     55   1.61    194      5  336.7  342.7  337.0
  390.0   7801  -15.7  -22.9     54   1.56    195      5  336.9  342.7  337.2
  374.0   8113  -17.7  -26.2     47   1.21    170      2  338.4  343.0  338.6
  360.0   8398  -19.5  -29.2     42   0.96    105      5  339.7  343.4  339.9
  346.0   8694  -21.3  -32.3     36   0.74    110      6  341.1  344.0  341.2
  336.0   8909  -22.9  -27.3     67   1.22    114      7  341.8  346.4  342.0
  332.0   8997  -23.7  -28.0     67   1.15    115      7  341.8  346.3  342.1
  329.0   9063  -24.3  -28.6     68   1.10    127      6  341.9  346.1  342.1
  326.0   9130  -24.7  -29.3     66   1.04    138      5  342.2  346.3  342.4
  323.0   9197  -25.1  -30.1     63   0.98    150      4  342.6  346.4  342.8
  321.0   9242  -24.9  -36.9     32   0.51    158      4  343.5  345.5  343.6
  318.0   9310  -25.4  -37.8     30   0.46    170      3  343.7  345.6  343.8
  314.0   9402  -26.1  -39.1     28   0.41    118      2  344.0  345.7  344.1
  311.0   9471  -26.5  -41.5     23   0.32     79      2  344.4  345.7  344.4
  307.0   9564  -27.1  -41.1     25   0.34     27      1  344.8  346.2  344.9
  306.0   9588  -27.3  -41.3     25   0.34     13      1  344.8  346.2  344.9
  305.0   9611  -27.5  -42.5     23   0.30      0      1  344.9  346.1  344.9
  304.0   9635  -27.5  -42.5     23   0.30    338      1  345.2  346.4  345.3
  303.0   9659  -27.9  -34.9     51   0.65    316      1  345.0  347.6  345.1
  301.0   9706  -28.7  -32.9     67   0.80    272      1  344.5  347.7  344.6
  300.0   9730  -28.7  -32.8     68   0.81    250      1  344.8  348.0  345.0
  297.0   9802  -29.3  -36.3     51   0.58    280      1  345.0  347.3  345.1
  293.0   9899  -30.1  -40.1     37   0.40    320      2  345.2  346.8  345.2
  287.0  10046  -31.3  -38.3     50   0.49    350      4  345.5  347.5  345.6
  281.0  10196  -32.2  -41.7     38   0.35     20      6  346.4  347.8  346.4
  280.0  10221  -32.3  -42.3     36   0.33     19      6  346.5  347.9  346.6
  269.0  10502  -34.9  -42.7     45   0.33     10      9  346.7  348.1  346.8
  265.0  10607  -35.9  -42.9     49   0.33     15      9  346.7  348.1  346.8
  264.0  10633  -36.1  -42.1     54   0.36     16      8  346.8  348.3  346.9
  263.0  10660  -36.1  -45.1     39   0.26     18      8  347.2  348.3  347.2
  262.0  10686  -36.3  -50.3     22   0.15     19      8  347.3  347.9  347.3
  250.0  11010  -39.3  -44.3     59   0.30     35      7  347.5  348.8  347.6
  247.0  11092  -39.9  -43.2     71   0.34     37      7  347.8  349.2  347.9
  226.0  11681  -44.7                          50     11  349.4         349.4
  200.0  12490  -51.3                          40     13  351.4         351.4
  197.0  12585  -52.1                          35     12  351.6         351.6
  188.0  12877  -54.7                          10     11  352.1         352.1
  155.0  14085  -65.5                          30     17  353.8         353.8
  150.0  14290  -67.3                          40     20  354.0         354.0
  135.0  14914  -72.5                          62     40  355.6         355.6
  133.0  15000  -72.8                          65     43  356.5         356.5
  103.0  16470  -78.6                          30     18  372.4         372.4
  100.0  16640  -79.3                          35     13  374.3         374.3
   97.0  16811  -80.4                          60     10  375.4         375.4
   92.0  17109  -82.2                         115     12  377.5         377.5
   88.8  17308  -83.5                         105     12  378.8         378.8
   87.0  17422  -83.7                          85     10  380.7         380.7
   83.0  17684  -84.0                          15      2  385.2         385.2
   81.6  17778  -84.1                          49      6  386.8         386.8
   79.0  17959  -82.6                         115     13  393.5         393.5
   77.1  18095  -81.5                         102     16  398.6         398.6
   76.3  18154  -78.7                          96     17  405.6         405.6
   74.0  18330  -77.5                          80     21  411.7         411.7
   71.0  18568  -75.9                          70     12  420.1         420.1
   70.0  18650  -75.3                          65     11  423.0         423.0
   69.5  18692  -74.3                          71     10  426.0         426.0
   67.0  18906  -74.2                         100      4  430.8         430.8
   64.0  19174  -74.0                         170      7  436.8         436.8
   61.0  19455  -73.8                          95      6  443.3         443.3
   59.5  19600  -73.7                          94      8  446.6         446.6
   58.4  19709  -73.9                          93      9  448.6         448.6
   57.3  19822  -70.3                          92     10  459.2         459.2
   55.0  20069  -67.0                          90     13  472.2         472.2
   53.6  20224  -64.9                          60     14  480.5         480.5
   52.0  20410  -64.7                          25     15  485.1         485.1
   50.0  20650  -64.5                           5     17  491.1         491.1
   47.0  21025  -65.5                         340     15  497.4         497.4
   45.0  21289  -65.1                         340     15  504.6         504.6
   43.0  21565  -64.7                          25     10  512.2         512.2
   42.0  21708  -64.5                          50     11  516.1         516.1
   39.0  22164  -59.5                         130     16  540.0         540.0
   38.8  22196  -59.1                         132     17  541.6         541.6
   37.0  22491  -59.6                         150     24  547.6         547.6
   34.0  23016  -60.6                         105     31  558.5         558.5
   32.6  23277  -61.1                         103     34  563.9         563.9
   30.2  23749  -61.3                         100     40  575.9         575.9
   30.0  23790  -61.1                         100     40  577.5         577.5
   25.5  24815  -54.3                          92     46  624.3         624.3
   22.0  25762  -53.9                          85     51  652.3         652.3
   21.7  25850  -53.9                                     655.0         655.0
