-----------------------------------------------------------------------------
   PRES   HGHT   TEMP   DWPT   RELH   MIXR   DRCT   SKNT   THTA   THTE   THTV
    hPa     m      C      C      %    g/kg    deg   knot     K      K      K 
-----------------------------------------------------------------------------
 1000.0     92                                                               
  994.0    108   25.8   24.6     93  20.06    135      2  299.5  358.4  303.0
  977.0    269   25.1   23.4     90  18.96    295      5  300.3  356.1  303.7
  925.0    781   23.0   19.6     81  15.78    255     11  302.8  349.8  305.7
  912.0    904   22.5   18.2     77  14.66    255     11  303.6  347.4  306.2
  908.0    942   22.4   17.8     75  14.33    253     11  303.8  346.6  306.4
  867.0   1342   19.2   16.5     84  13.81    230     10  304.5  345.9  307.0
  850.0   1512   18.8   15.4     81  13.11    220      9  305.8  345.4  308.2
  822.0   1798   17.6   12.9     74  11.50    220      8  307.5  342.5  309.6
  794.0   2094   16.3   10.3     68  10.01    235      6  309.2  340.0  311.1
  774.0   2312   15.4    8.4     63   9.01    231      5  310.5  338.4  312.1
  766.0   2400   14.9    7.9     63   8.79    230      5  310.8  338.1  312.5
  739.0   2701   13.1    6.1     62   8.05    190      6  312.1  337.3  313.6
  713.0   3002   11.3    4.3     62   7.36    205      4  313.3  336.6  314.7
  700.0   3157   10.4    3.4     62   7.03    195      3  314.0  336.3  315.3
  688.0   3300    9.4    2.8     63   6.84    155      3  314.4  336.1  315.7
  664.0   3593    7.3    1.5     67   6.46      0      1  315.2  335.9  316.5
  641.0   3884    5.2    0.2     70   6.09    283      2  316.1  335.7  317.2
  640.0   3897    5.1    0.1     70   6.08    280      2  316.1  335.7  317.3
  619.0   4169    3.8   -1.1     70   5.74    244      3  317.6  336.2  318.7
  605.0   4355    3.0   -1.4     73   5.74    220      4  318.8  337.5  319.9
  596.0   4477    2.8   -6.2     52   4.06    204      5  319.9  333.4  320.7
  594.0   4504    2.6   -5.9     53   4.17    200      5  320.0  333.9  320.8
  580.0   4697    1.4   -3.6     69   5.08    187      5  320.8  337.6  321.8
  573.0   4794    0.9   -4.4     68   4.85    180      5  321.4  337.4  322.3
  559.0   4993    0.0   -6.0     64   4.39    147      5  322.5  337.2  323.4
  552.0   5094   -0.6   -6.5     64   4.27    130      5  323.1  337.4  323.9
  535.0   5344   -1.9   -7.9     64   3.96    110      7  324.3  337.8  325.1
  531.0   5404   -2.2   -9.8     56   3.44    105      8  324.7  336.4  325.4
  518.0   5601   -3.1  -16.1     36   2.11    122      8  325.9  333.3  326.3
  512.0   5693   -3.4  -17.4     33   1.91    130      8  326.6  333.4  326.9
  500.0   5880   -4.1  -20.1     28   1.56    135      7  328.0  333.6  328.3
  498.0   5912   -4.1  -25.1     18   1.01    135      7  328.4  332.1  328.6
  492.0   6006   -4.8  -23.0     23   1.23    135      7  328.6  333.1  328.8
  477.0   6249   -6.7  -17.7     41   2.01    123      6  329.2  336.4  329.6
  456.0   6596   -8.8  -20.1     39   1.70    105      4  330.9  337.0  331.2
  422.0   7193  -12.4  -24.4     36   1.27    180      4  333.6  338.4  333.9
  421.0   7212  -12.5  -24.5     36   1.26    180      4  333.7  338.4  334.0
  419.0   7248  -12.9  -21.9     47   1.59    179      4  333.7  339.5  334.0
  415.0   7321  -12.9  -25.9     33   1.12    178      5  334.6  338.8  334.8
  405.0   7506  -14.2  -27.2     32   1.02    175      6  335.2  339.1  335.4
  400.0   7600  -14.9  -27.9     32   0.97    170      6  335.5  339.2  335.7
  390.0   7790  -16.1  -29.8     30   0.84    195      2  336.4  339.6  336.5
  384.0   7907  -16.9  -30.9     29   0.76    256      1  336.8  339.8  337.0
  374.0   8103  -18.2  -29.5     37   0.90      0      0  337.6  341.1  337.8
  366.0   8264  -19.3  -28.3     45   1.02     99      1  338.3  342.2  338.5
  361.0   8366  -19.5  -32.5     31   0.69    162      2  339.4  342.1  339.5
  360.0   8386  -19.6  -32.7     30   0.68    175      2  339.4  342.1  339.6
  345.0   8695  -21.9  -36.1     26   0.51    160      3  340.6  342.6  340.7
  318.0   9287  -26.1  -42.5     20   0.29    160      5  342.8  343.9  342.8
  300.0   9710  -29.1  -47.1     16   0.18    115      2  344.2  345.0  344.3
  297.0   9782  -29.7  -49.7     13   0.14     96      2  344.4  345.0  344.4
  292.0   9901  -30.7  -49.6     14   0.14     65      3  344.6  345.2  344.7
  280.0  10195  -33.2  -49.4     18   0.15     45      5  345.2  345.9  345.2
  250.0  10990  -39.9  -48.9     38   0.18     70     13  346.6  347.4  346.6
  235.0  11400  -43.2                          75     13  347.8         347.8
  215.0  11990  -47.9                         115      5  349.5         349.5
  200.0  12470  -51.7                          75     11  350.7         350.7
  196.0  12596  -52.8                          65     12  351.0         351.0
  162.0  13788  -63.3                          50     30  353.0         353.0
  150.0  14270  -67.5                          60     33  353.6         353.6
  119.0  15601  -77.2                          70     41  359.9         359.9
  105.0  16320  -82.5                          65     33  363.0         363.0
  102.0  16481  -82.6                          60     31  365.8         365.8
  100.0  16590  -82.7                          60     26  367.7         367.7
   97.0  16763  -80.1                          55     13  375.9         375.9
   93.6  16966  -77.1                         354      7  385.7         385.7
   92.0  17065  -77.7                         325      4  386.5         386.5
   87.0  17383  -79.5                         190      5  389.2         389.2
   80.6  17819  -81.9                         135     18  392.7         392.7
   78.0  18004  -80.8                         110     17  398.7         398.7
   76.8  18092  -80.3                         104     16  401.5         401.5
   74.3  18282  -75.9                          90     15  414.6         414.6
   70.0  18630  -73.7                          65     13  426.4         426.4
   67.7  18825  -73.1                          38      8  431.8         431.8
   67.0  18886  -73.1                          30      7  433.1         433.1
   64.0  19155  -73.1                         110      5  438.8         438.8
   60.0  19533  -73.1                         125     13  446.9         446.9
   56.5  19885  -73.1                          77     10  454.7         454.7
   55.0  20044  -72.0                          55      9  460.8         460.8
   52.0  20377  -69.6                          85      5  473.8         473.8
   50.0  20610  -67.9                          75      7  483.1         483.1
   46.5  21050  -64.1                          54     13  502.3         502.3
   45.0  21250  -64.5                          45     15  506.0         506.0
   39.7  22013  -66.1                          80     20  520.5         520.5
   39.0  22121  -65.2                          85     21  525.5         525.5
   37.6  22344  -63.3                                     535.8         535.8
