-----------------------------------------------------------------------------
   PRES   HGHT   TEMP   DWPT   RELH   MIXR   DRCT   SKNT   THTA   THTE   THTV
    hPa     m      C      C      %    g/kg    deg   knot     K      K      K 
-----------------------------------------------------------------------------
 1000.0     58                                                               
  991.0    108   27.8   24.9     84  20.50    330     10  301.7  362.6  305.4
  925.0    746   23.2   21.2     89  17.47    335     22  303.0  355.0  306.2
  909.0    899   21.9   20.5     92  17.02    330     22  303.3  354.0  306.3
  902.0    967   21.4   20.2     93  16.82    328     22  303.4  353.5  306.4
  850.0   1485   19.0   16.7     87  14.28    310     21  306.0  349.1  308.6
  791.0   2100   16.7   13.2     80  12.20    300     26  309.9  347.4  312.2
  733.0   2751   14.2    9.5     73  10.27    286     19  314.0  346.2  316.0
  712.0   2997   13.2    7.0     66   8.93    280     16  315.5  343.8  317.2
  700.0   3140   12.6    5.6     62   8.21    290     14  316.4  342.6  318.0
  691.0   3249   12.2    2.2     50   6.53    290     14  317.1  338.2  318.4
  662.0   3606    9.8    0.6     53   6.07    290     12  318.3  338.1  319.5
  655.0   3695    9.2    0.2     53   5.96    289     12  318.6  338.0  319.8
  645.0   3822    8.4   -0.6     53   5.71    286     13  319.1  337.8  320.2
  640.0   3886    8.2   -2.8     46   4.89    285     13  319.6  335.7  320.6
  634.0   3964    8.0   -7.0     34   3.59    284     14  320.2  332.3  320.9
  617.0   4188    5.8    0.8     70   6.62    280     15  320.2  341.8  321.5
  594.0   4497    3.7   -2.6     63   5.36    275     16  321.3  339.0  322.3
  582.0   4663    2.6   -4.4     60   4.77    283     16  321.9  337.7  322.8
  571.0   4817    1.6   -3.4     69   5.24    291     16  322.5  339.9  323.5
  570.0   4831    1.4   -2.5     75   5.62    292     16  322.4  341.0  323.5
  568.0   4860    1.2   -4.8     64   4.74    293     16  322.5  338.3  323.4
  566.0   4888    1.4   -7.6     51   3.84    294     16  323.0  336.0  323.8
  564.0   4917    1.4  -10.6     40   3.04    296     16  323.4  333.8  323.9
  560.0   4974    1.2  -14.8     29   2.18    299     17  323.8  331.4  324.2
  558.0   5003    1.2  -18.8     21   1.56    300     17  324.1  329.7  324.4
  555.0   5046    0.8  -15.2     29   2.13    302     17  324.1  331.6  324.6
  554.0   5060    0.6   -9.4     47   3.40    303     17  324.1  335.7  324.7
  553.0   5075    0.6  -10.4     44   3.15    304     17  324.2  335.0  324.9
  552.0   5089    0.4   -7.6     55   3.93    304     17  324.2  337.5  324.9
  551.0   5104    0.4   -8.6     51   3.64    305     17  324.3  336.7  325.1
  550.0   5119    0.4  -11.6     40   2.88    306     17  324.5  334.4  325.1
  546.0   5177    0.6  -18.4     23   1.65    309     17  325.4  331.3  325.7
  543.0   5221    0.8  -22.2     16   1.19    311     17  326.2  330.5  326.4
  535.0   5340    0.0  -11.0     43   3.10    317     17  326.6  337.3  327.2
  531.0   5400   -0.4  -13.7     36   2.50    320     17  326.9  335.6  327.4
  525.0   5491   -0.9  -17.9     26   1.79    317     16  327.3  333.7  327.6
  522.0   5537   -1.1  -13.1     40   2.69    315     16  327.6  337.0  328.1
  517.0   5613   -0.9  -19.9     22   1.53    313     16  328.7  334.3  329.0
  512.0   5691   -0.9  -17.1     28   1.97    310     15  329.6  336.7  330.0
  510.0   5722   -0.9  -15.9     31   2.18    308     15  330.0  337.8  330.4
  503.0   5832   -1.1  -28.1     11   0.76    299     13  331.1  333.9  331.2
  500.0   5880   -1.3  -30.3      9   0.62    295     12  331.4  333.8  331.5
  493.0   5991   -2.1  -29.4     10   0.68    285     11  331.8  334.4  331.9
  459.0   6556   -6.1  -25.1     21   1.09    273      9  333.6  337.7  333.8
  454.0   6642   -6.3  -36.3      7   0.38    271      8  334.4  335.9  334.5
  439.0   6902   -8.1  -31.4     13   0.63    265      7  335.3  337.8  335.5
  423.0   7191  -10.1  -26.1     26   1.08    275      8  336.4  340.5  336.6
  419.0   7264  -10.3  -32.3     15   0.61    277      8  337.0  339.4  337.1
  411.0   7412  -11.3  -32.3     16   0.62    282      9  337.6  340.0  337.7
  406.0   7506  -12.0  -28.0     25   0.95    285      9  337.9  341.6  338.1
  405.0   7525  -12.1  -27.1     28   1.03    284      9  338.0  341.9  338.2
  400.0   7620  -12.9  -22.9     43   1.52    280      9  338.1  343.9  338.4
  394.0   7735  -13.7  -22.7     47   1.58    271      9  338.6  344.5  338.9
  390.0   7812  -14.3  -22.3     51   1.65    266      8  338.8  344.9  339.1
  387.0   7871  -14.5  -21.5     55   1.78    261      8  339.2  345.9  339.6
  385.0   7910  -14.9  -23.9     46   1.45    258      8  339.2  344.7  339.5
  383.0   7949  -14.9  -30.9     24   0.76    255      8  339.7  342.7  339.9
  381.0   7989  -14.9  -38.9     11   0.35    252      7  340.2  341.7  340.3
  376.0   8088  -15.7  -39.4     11   0.34    245      7  340.4  341.8  340.5
  368.0   8250  -17.1  -40.1     12   0.32    255      8  340.7  342.0  340.8
  363.0   8352  -17.9  -39.9     13   0.33    261      9  341.0  342.3  341.0
  362.0   8373  -17.9  -39.9     13   0.33    262      9  341.2  342.6  341.3
  361.0   8393  -18.1  -39.1     14   0.36    263      9  341.2  342.7  341.3
  359.0   8435  -18.3  -29.3     37   0.95    266     10  341.5  345.2  341.7
  358.0   8455  -18.7  -25.7     54   1.33    267     10  341.2  346.3  341.5
  348.0   8666  -19.5  -30.5     37   0.87    280     11  342.9  346.4  343.1
  340.0   8838  -20.9  -27.9     53   1.14    291     13  343.3  347.7  343.6
  333.0   8990  -21.9  -29.5     50   1.00    300     14  344.0  347.9  344.2
  318.0   9328  -24.1  -33.1     43   0.74    328      9  345.5  348.5  345.7
  307.0   9583  -26.0  -35.0     43   0.64    350      6  346.3  348.9  346.5
  303.0   9678  -26.7  -35.7     42   0.60    350      6  346.6  349.1  346.8
  300.0   9750  -27.3  -36.3     42   0.57    350      6  346.8  349.1  346.9
  285.0  10119  -30.7  -36.7     56   0.58    354      5  347.0  349.4  347.2
  282.0  10194  -31.4  -36.1     63   0.63    355      5  347.1  349.6  347.2
  275.0  10372  -33.1  -34.6     86   0.74      1      8  347.1  350.1  347.3
  270.0  10501  -33.9  -36.5     77   0.62      5     10  347.8  350.4  347.9
  260.0  10767  -35.5  -40.5     60   0.43      3     15  349.2  351.0  349.3
  250.0  11040  -37.5  -42.5     59   0.36      0     20  350.2  351.7  350.2
  248.0  11095  -37.9  -43.1     58   0.34      0     21  350.3  351.8  350.4
  239.0  11349  -39.9  -45.9     53   0.26     17     17  351.1  352.2  351.1
  227.0  11693  -42.8                          40     12  351.9         351.9
  200.0  12540  -49.9                         105     18  353.6         353.6
  198.0  12604  -50.4                         115     19  353.8         353.8
  172.0  13494  -57.9                         145     34  356.0         356.0
  150.0  14360  -65.1                         165     44  357.7         357.7
  142.0  14678  -67.6                         160     38  359.0         359.0
  104.0  16483  -81.9                         100     32  365.1         365.1
  100.0  16710  -83.7                         100     31  365.8         365.8
   93.0  17110  -85.7                         105     25  369.5         369.5
   84.0  17671  -88.5                         140     17  374.6         374.6
   82.9  17743  -88.9                         135     17  375.3         375.3
   75.3  18270  -85.9                          68     27  392.1         392.1
   75.0  18292  -85.4                          65     27  393.6         393.6
   72.6  18474  -81.3                          80     28  405.9         405.9
   71.0  18600  -81.5                          90     29  408.0         408.0
   70.0  18680  -81.7                          90     32  409.3         409.3
   69.7  18704  -81.9                          89     31  409.4         409.4
   66.6  18960  -79.1                          82     23  420.8         420.8
   65.9  19021  -76.1                          80     21  428.6         428.6
   64.0  19192  -72.0                          75     15  441.2         441.2
   63.5  19237  -70.9                          68     15  444.6         444.6
   61.0  19477  -70.0                          30     15  451.6         451.6
   58.0  19777  -68.9                          95     11  460.7         460.7
   55.8  20007  -68.1                         107     14  467.7         467.7
   52.0  20427  -70.3                         130     20  472.1         472.1
   50.0  20660  -71.5                         115     23  474.6         474.6
   45.0  21288  -67.9                          70     20  497.9         497.9
   43.5  21491  -66.7                          70     18  505.6         505.6
   43.0  21561  -65.7                          70     17  509.8         509.8
   41.7  21748  -62.9                          83     18  521.2         521.2
   41.0  21853  -62.6                          90     18  524.5         524.5
   39.0  22162  -61.7                          70     20  534.2         534.2
   37.0  22487  -60.8                          80     20  544.7         544.7
   36.0  22657  -60.3                          95     21  550.2         550.2
   35.0  22832  -60.5                         110     21  554.0         554.0
   32.1  23369  -61.3                         107     31  565.9         565.9
   30.0  23790  -58.9                         105     38  583.5         583.5
   29.5  23895  -58.3                          98     39  587.9         587.9
   29.0  24003  -58.6                          90     39  590.1         590.1
   27.7  24290  -59.3                          87     37  595.8         595.8
   25.5  24813  -54.7                          81     35  623.2         623.2
   25.0  24940  -54.6                          80     34  627.1         627.1
   23.0  25474  -54.0                         110     33  643.8         643.8
   20.0  26370  -53.1                         100     41  672.9         672.9
   18.2  26980  -51.1                          96     41  697.5         697.5
   18.0                                        95     41                     

