-----------------------------------------------------------------------------
   PRES   HGHT   TEMP   DWPT   RELH   MIXR   DRCT   SKNT   THTA   THTE   THTV
    hPa     m      C      C      %    g/kg    deg   knot     K      K      K 
-----------------------------------------------------------------------------
 1000.0     73                                                               
  992.0    108   26.4   21.8     76  16.89    250      1  300.2  349.9  303.3
  974.0    278   25.4   21.4     79  16.81    285     11  300.8  350.4  303.8
  925.0    759   22.6   20.4     87  16.61    280     16  302.4  351.7  305.4
  892.0   1076   20.2   18.7     91  15.46    284     16  303.1  349.1  305.9
  850.0   1493   17.4   16.0     91  13.64    290     16  304.4  345.2  306.9
  832.0   1676   17.2   12.5     74  11.06    290     15  306.0  339.5  308.1
  811.0   1895   17.2   10.2     63   9.72    290     14  308.3  338.1  310.1
  792.0   2097   15.9    9.9     67   9.76    290     13  309.0  339.0  310.8
  762.0   2425   13.8    9.4     75   9.81    282     15  310.1  340.4  311.9
  749.0   2570   13.4    3.4     51   6.56    278     15  311.2  331.9  312.4
  741.0   2661   12.6    5.6     62   7.75    276     16  311.3  335.6  312.8
  737.0   2706   13.1    2.6     49   6.30    275     16  312.3  332.3  313.5
  733.0   2752   13.6   -0.4     38   5.10    277     16  313.4  329.7  314.3
  717.0   2938   12.8   -0.2     41   5.29    283     18  314.5  331.5  315.5
  704.0   3091   12.2   -3.8     33   4.12    288     20  315.4  328.9  316.2
  700.0   3139   12.2   -1.8     38   4.81    290     20  316.0  331.6  316.9
  692.0   3235   12.0    1.0     47   5.98    287     19  316.8  336.1  317.9
  686.0   3308   11.6   -1.0     42   5.23    285     19  317.2  334.2  318.2
  666.0   3555   10.4   -7.6     27   3.26    281     19  318.5  329.4  319.1
  652.0   3731    9.2   -3.8     40   4.45    278     19  319.1  333.8  319.9
  647.0   3794    9.0   -9.0     27   3.01    277     19  319.5  329.7  320.1
  643.0   3846    8.8  -12.2     21   2.34    276     19  319.9  327.9  320.3
  640.0   3884    8.6  -14.4     18   1.97    275     19  320.1  326.9  320.4
  637.0   3923    8.0   -4.0     42   4.49    275     19  319.8  334.7  320.7
  631.0   4001    7.4   -5.6     39   4.01    273     19  320.0  333.4  320.8
  626.0   4066    7.8  -17.2     15   1.59    272     19  321.2  326.8  321.5
  616.0   4199    7.2  -21.4     11   1.13    270     19  322.0  326.1  322.3
  615.0   4212    7.2  -21.8     11   1.09    270     19  322.1  326.1  322.3
  607.0   4319    6.8  -17.2     16   1.64    271     19  322.9  328.7  323.2
  601.0   4401    6.0   -5.0     45   4.41    272     19  322.9  337.6  323.7
  574.0   4775    3.8  -11.2     33   2.85    275     20  324.6  334.4  325.1
  567.0   4875    3.6  -20.4     15   1.34    276     21  325.5  330.3  325.7
  535.0   5342    0.0  -13.0     37   2.64    280     22  326.6  335.8  327.1
  530.0   5417   -0.9   -9.9     50   3.42    281     22  326.4  338.2  327.1
  518.0   5600   -1.7  -17.7     28   1.85    282     22  327.6  334.2  327.9
  514.0   5661   -2.1  -13.1     43   2.73    283     22  327.8  337.4  328.4
  500.0   5880   -3.3  -12.3     50   2.99    285     23  328.9  339.4  329.6
  462.0   6498   -7.7  -15.7     53   2.45    280     23  331.0  339.7  331.5
  422.0   7191  -12.1  -22.0     44   1.57    275     24  334.1  339.9  334.4
  401.0   7581  -14.5  -25.5     39   1.20    265     23  335.8  340.4  336.1
  400.0   7600  -14.5  -25.5     39   1.21    265     23  336.1  340.6  336.3
  393.0   7733  -15.1  -23.1     50   1.52    264     21  337.0  342.7  337.3
  382.0   7947  -16.1  -28.1     35   1.00    263     18  338.4  342.2  338.6
  360.0   8390  -19.1  -26.1     54   1.27    260     11  340.2  345.0  340.4
  346.0   8683  -21.3  -28.3     53   1.08    265     10  341.1  345.2  341.3
  332.0   8986  -23.1  -34.1     36   0.65    270      9  342.6  345.2  342.8
  318.0   9300  -24.7  -40.7     21   0.35    275      8  344.7  346.1  344.7
  305.0   9601  -27.0  -40.8     26   0.35    270      6  345.6  347.1  345.7
  300.0   9720  -27.9  -40.9     28   0.36    280      5  345.9  347.4  346.0
  296.0   9817  -28.9  -42.9     25   0.29    283      5  345.9  347.1  345.9
  293.0   9890  -29.5  -42.5     27   0.31    285      5  346.0  347.3  346.1
  281.0  10187  -32.0  -41.0     40   0.38    265      5  346.5  348.1  346.6
  269.0  10498  -34.7  -39.5     62   0.46    209      7  347.0  348.9  347.1
  258.0  10790  -36.6  -41.1     63   0.41    155      8  348.3  350.0  348.4
  250.0  11010  -38.1  -42.3     65   0.37    135     14  349.3  350.8  349.4
  247.0  11092  -38.7  -43.4     61   0.33    130     17  349.6  351.0  349.7
  240.0  11289  -40.1  -46.1     53   0.26    126     19  350.4  351.5  350.4
  216.0  11989  -46.1                         110     24  351.8         351.8
  200.0  12500  -50.5                         115     27  352.6         352.6
  150.0  14310  -66.1                         105     38  356.0         356.0
  148.0  14387  -66.7                         105     39  356.4         356.4
  121.0  15545  -75.7                         110     48  360.9         360.9
  100.0  16640  -84.3                          95     42  364.6         364.6
   87.0  17407  -85.4                          80     40  377.2         377.2
   83.9  17607  -85.7                                     380.5         380.5
