-----------------------------------------------------------------------------
   PRES   HGHT   TEMP   DWPT   RELH   MIXR   DRCT   SKNT   THTA   THTE   THTV
    hPa     m      C      C      %    g/kg    deg   knot     K      K      K 
-----------------------------------------------------------------------------
 1000.0    105                                                               
  996.0    108   26.8   25.4     92  21.03    345      4  300.3  362.4  304.1
  978.0    276   26.0   23.5     86  19.02    250      6  301.1  357.3  304.5
  927.0    771   23.8   17.8     69  14.03    308      8  303.4  345.4  306.0
  925.0    791   23.8   16.8     65  13.18    310      8  303.6  343.1  306.0
  914.0    895   23.3   16.3     65  12.93    320      8  304.2  343.0  306.6
  883.0   1196   21.9   14.9     64  12.23    300      5  305.8  342.7  308.0
  853.0   1497   20.5   13.5     64  11.56    350      1  307.3  342.5  309.5
  850.0   1528   20.4   13.4     64  11.49     15      1  307.5  342.5  309.6
  826.0   1776   19.4   11.4     60  10.35     66      3  309.0  340.8  310.9
  824.0   1796   19.3   11.3     60  10.29     70      3  309.0  340.7  311.0
  741.0   2699   13.3    6.0     61   7.99     55     15  312.1  337.1  313.6
  714.0   3014   11.2    4.2     62   7.29     65     20  313.1  336.1  314.5
  700.0   3180   10.6    0.6     50   5.74     70     23  314.2  332.6  315.3
  666.0   3593    8.1   -9.8     27   2.75     75     13  315.9  325.1  316.4
  657.0   3706    7.4  -12.6     23   2.22     72     11  316.3  323.9  316.8
  651.0   3781    7.0   -4.0     45   4.39     70     10  316.7  331.1  317.6
  647.0   3832    6.6   -0.4     61   5.78     69      9  316.8  335.5  317.9
  641.0   3909    6.2    1.2     70   6.56     67      7  317.2  338.3  318.4
  626.0   4103    5.8   -0.2     65   6.06     62      4  318.9  338.6  320.1
  622.0   4156    6.0   -4.0     49   4.60     61      3  319.7  334.9  320.6
  619.0   4196    5.8   -4.4     48   4.47     60      2  319.9  334.7  320.8
  596.0   4505    4.1   -7.8     42   3.57    285      3  321.4  333.4  322.1
  595.0   4519    4.0   -8.0     41   3.54    286      3  321.5  333.4  322.2
  575.0   4795    1.8   -6.9     52   3.98    305      3  322.1  335.4  322.8
  559.0   5024    0.0   -6.0     64   4.39    218      2  322.5  337.2  323.4
  554.0   5095   -0.4   -6.5     63   4.26    190      2  322.8  337.1  323.7
  513.0   5706   -4.2  -11.0     59   3.24    120      4  325.4  336.5  326.1
  500.0   5910   -5.5  -12.5     58   2.94     95      6  326.3  336.5  326.9
  496.0   5973   -5.7  -13.7     53   2.69     98      7  326.8  336.2  327.3
  494.0   6004   -5.9  -13.9     53   2.66    100      8  326.9  336.2  327.4
  475.0   6309   -7.9  -15.9     53   2.34    105      8  328.1  336.3  328.5
  468.0   6424   -8.7  -16.7     52   2.22    118      7  328.5  336.4  329.0
  457.0   6607  -10.0  -15.5     64   2.52    140      6  329.1  338.1  329.6
  451.0   6708  -10.7  -14.8     72   2.70    140      7  329.5  339.0  330.0
  440.0   6897  -11.2  -17.8     58   2.16    140      8  331.2  338.9  331.6
  438.0   6932  -11.3  -18.3     56   2.08    136      8  331.5  339.0  331.9
  431.0   7055  -12.3  -16.8     69   2.40    120      9  331.8  340.3  332.2
  407.0   7489  -14.2  -28.8     28   0.88     65     10  334.8  338.1  334.9
  406.0   7508  -14.3  -29.3     27   0.84     66     11  334.9  338.1  335.1
  400.0   7620  -14.9  -34.9     16   0.50     70     14  335.5  337.5  335.6
  367.0   8267  -19.5  -35.5     23   0.51    109     11  337.8  339.8  337.9
  358.0   8451  -20.9  -36.9     22   0.45    120     10  338.3  340.1  338.4
  352.0   8576  -21.5  -30.5     44   0.86    127     10  339.1  342.5  339.3
  346.0   8703  -22.0  -32.7     37   0.71    135      9  340.1  342.9  340.2
  345.0   8724  -22.1  -33.1     36   0.69    134      9  340.3  343.0  340.4
  340.0   8831  -22.1  -45.1     11   0.20    130      9  341.7  342.5  341.7
  325.0   9162  -24.5  -46.5     11   0.18    117      9  342.8  343.6  342.9
  315.0   9389  -26.5  -48.5     11   0.15    108      9  343.1  343.8  343.1
  308.0   9551  -27.9  -48.9     12   0.15    102      9  343.4  344.0  343.4
  306.0   9598  -28.3  -47.0     15   0.18    100      9  343.4  344.2  343.5
  302.0   9692  -29.1  -43.1     25   0.28    107      8  343.6  344.8  343.6
  301.0   9716  -29.3  -48.3     14   0.16    108      8  343.6  344.3  343.7
  300.0   9740  -29.5  -48.5     14   0.16    110      8  343.7  344.4  343.7
  299.0   9764  -29.7  -47.7     16   0.17    111      8  343.7  344.5  343.8
  298.0   9788  -29.9  -47.9     16   0.17    113      8  343.8  344.5  343.8
  296.0   9836  -30.3  -43.3     27   0.28    115      8  343.9  345.1  343.9
  295.0   9860  -30.5  -36.5     56   0.57    116      9  343.9  346.2  344.0
  286.0  10080  -31.7  -46.7     21   0.20    128      9  345.3  346.1  345.3
  281.0  10203  -32.6  -48.3     19   0.17    135     10  345.6  346.4  345.7
  250.0  11020  -38.9  -58.9     10   0.05    120     14  348.1  348.4  348.1
  245.0  11158  -40.1  -59.1     11   0.05    117     13  348.3  348.6  348.3
  226.0  11696  -44.5                         105     10  349.6         349.6
  207.0  12281  -49.4                          60      6  350.9         350.9
  200.0  12510  -51.3                          85      4  351.4         351.4
  197.0  12605  -52.1                         105      5  351.6         351.6
  188.0  12897  -54.5                         100     14  352.4         352.4
  163.0  13790  -62.0                          60     15  354.6         354.6
  150.0  14310  -66.3                          80     12  355.7         355.7
  141.0  14678  -69.5                          90     22  356.5         356.5
  135.0  14937  -71.7                          91     26  357.0         357.0
  121.0  15562  -75.8                          95     35  360.9         360.9
  103.0  16481  -81.8                         105     28  366.3         366.3
  100.0  16650  -82.9                         100     25  367.3         367.3
   92.0  17118  -83.3                          75     21  375.4         375.4
   83.0  17697  -83.8                         120     31  385.5         385.5
   81.6  17792  -83.9                         111     29  387.2         387.2
   79.0  17974  -82.9                          95     26  392.9         392.9
   78.0  18046  -82.5                          95     25  395.2         395.2
   76.5  18157  -79.1                          95     24  404.4         404.4
   71.0  18588  -76.9                          95     18  417.8         417.8
   70.0  18670  -76.5                          85     14  420.4         420.4
   67.0  18923  -75.2                          40     12  428.4         428.4
   66.7  18949  -75.1                          39     12  429.3         429.3
   64.0  19188  -75.4                          25      8  433.8         433.8
   61.0  19466  -75.7                         160      6  439.0         439.0
   57.6  19798  -76.1                         135     17  445.4         445.4
   55.0  20066  -75.6                         115     25  452.5         452.5
   51.9  20402  -74.9                         109     26  461.6         461.6
   50.0  20620  -72.1                         105     26  473.2         473.2
   47.0  20987  -69.0                          75     23  489.0         489.0
   46.7  21025  -68.7                          77     23  490.7         490.7
   42.0  21668  -66.2                         105     15  511.9         511.9
   37.0  22436  -63.2                          85     27  538.5         538.5
   36.2  22569  -62.7                          89     27  543.2         543.2
   34.4  22885  -59.3                          98     28  560.1         560.1
   32.0  23337  -59.3                         110     28  571.8         571.8
   30.0  23740  -59.3                          95     30  582.4         582.4
   29.0  23952  -59.4                          85     34  587.9         587.9
   27.1  24376  -59.5                          94     35  599.0         599.0
   26.0  24637  -58.6                         100     35  608.6         608.6
   25.0  24884  -57.8                          85     43  617.8         617.8
   23.0  25410  -56.1                         100     49  637.8         637.8
   22.8  25465  -55.9                         100     50  639.9         639.9
   22.0  25692  -55.3                         100     52  648.3         648.3
   21.0  25992  -50.7                         100     55  670.8         670.8
   20.0  26310  -49.3                         100     58  684.5         684.5
   16.9  27418  -47.5                          95     71  724.0         724.0
   14.7  28338  -48.3                          91     81  750.8         750.8
   14.0  28662  -46.8                          90     85  766.5         766.5
   13.7  28806  -46.1                          90     85  773.5         773.5
   13.0  29155  -44.5                          85     82  790.9         790.9
   12.6  29363  -43.5                                     801.3         801.3
