-----------------------------------------------------------------------------
   PRES   HGHT   TEMP   DWPT   RELH   MIXR   DRCT   SKNT   THTA   THTE   THTV
    hPa     m      C      C      %    g/kg    deg   knot     K      K      K 
-----------------------------------------------------------------------------
 1000.0     91                                                               
  994.0    108   26.2   25.0     93  20.56    320      4  299.9  360.4  303.5
  977.0    268   25.3   23.8     92  19.46    240      3  300.4  357.8  303.9
  944.0    588   23.5   21.5     89  17.42    295     10  301.6  353.1  304.7
  925.0    777   22.4   20.1     87  16.29    280     12  302.2  350.5  305.1
  912.0    901   21.9   19.4     86  15.81    280     12  302.9  350.0  305.8
  850.0   1515   19.6   15.9     79  13.55    290     11  306.7  347.7  309.2
  766.0   2397   13.9   10.3     79  10.37    320      4  309.8  341.7  311.7
  726.0   2852   11.0    7.4     78   8.97    301      6  311.4  339.3  313.1
  713.0   3002   10.5    6.5     76   8.56    295      6  312.4  339.2  314.1
  700.0   3155   10.0    5.5     74   8.16    300      6  313.5  339.2  315.1
  692.0   3250   10.0    4.0     66   7.42    300      6  314.6  338.1  316.0
  688.0   3298    9.7    3.8     67   7.36    300      6  314.8  338.1  316.2
  664.0   3587    8.0    2.6     69   6.98    285      5  316.0  338.4  317.4
  617.0   4185    4.4   -0.0     73   6.24    285      6  318.7  338.9  319.9
  563.0   4931    0.0   -3.2     79   5.40    261      7  321.9  339.7  322.9
  534.0   5352   -1.9  -10.9     50   3.13    247      8  324.5  335.2  325.1
  531.0   5396   -2.2  -11.4     49   3.02    245      8  324.7  335.1  325.3
  510.0   5715   -4.3  -15.3     42   2.29    258      8  325.9  333.9  326.3
  500.0   5870   -5.1  -14.1     49   2.58    265      8  326.8  335.8  327.3
  495.0   5949   -5.9  -12.9     58   2.88    262      7  326.7  336.7  327.3
  492.0   5997   -6.1  -14.6     51   2.52    260      7  327.0  335.9  327.5
  489.0   6045   -6.3  -16.3     45   2.20    257      7  327.4  335.1  327.8
  487.0   6077   -6.5  -14.5     53   2.57    255      7  327.5  336.5  328.0
  480.0   6191   -6.9  -14.9     53   2.52    247      6  328.4  337.2  328.9
  477.0   6240   -7.1  -19.1     38   1.78    243      6  328.7  335.1  329.1
  476.0   6257   -7.1  -22.1     29   1.38    242      6  328.9  333.9  329.2
  475.0   6273   -7.3  -16.3     49   2.27    241      6  328.9  336.9  329.3
  474.0   6290   -7.3  -14.3     57   2.68    240      6  329.1  338.5  329.6
  472.0   6323   -7.3  -20.3     35   1.62    243      6  329.4  335.3  329.8
  471.0   6339   -7.5  -23.5     27   1.23    244      6  329.4  333.9  329.6
  466.0   6423   -8.1  -17.1     48   2.16    251      5  329.7  337.4  330.1
  464.0   6456   -8.5  -14.5     62   2.69    254      4  329.6  339.1  330.1
  456.0   6592   -9.3  -15.3     62   2.57    265      3  330.2  339.3  330.7
  452.0   6660   -9.7  -15.7     62   2.50    260      3  330.5  339.4  331.1
  443.0   6816  -10.7  -19.7     48   1.82    250      3  331.2  337.8  331.6
  441.0   6851  -10.7  -21.7     40   1.54    247      3  331.6  337.2  331.9
  439.0   6886  -10.8  -22.1     39   1.49    245      3  331.9  337.3  332.2
  425.0   7136  -11.9  -24.9     33   1.20    257      2  333.6  338.1  333.9
  422.0   7191  -12.2  -23.9     37   1.32    260      2  333.9  338.8  334.1
  416.0   7301  -12.9  -21.9     47   1.60    248      2  334.4  340.3  334.7
  405.0   7505  -14.3  -24.6     41   1.29    225      1  335.2  340.0  335.4
  400.0   7600  -14.9  -25.9     39   1.16      0      0  335.5  339.9  335.8
  398.0   7638  -14.9  -26.9     35   1.07      0      0  336.0  340.1  336.2
  393.0   7734  -15.1  -24.1     46   1.39      0      1  337.0  342.2  337.3
  390.0   7792  -15.6  -25.7     42   1.22      0      1  337.1  341.7  337.4
  385.0   7889  -16.3  -28.3     35   0.97    349      2  337.4  341.1  337.6
  374.0   8106  -18.0  -25.5     52   1.29    325      4  338.0  342.9  338.2
  368.0   8227  -18.9  -23.9     65   1.52    338      4  338.3  344.0  338.6
  360.0   8390  -20.0  -26.8     55   1.20    355      5  339.0  343.6  339.2
  346.0   8684  -21.9  -31.9     40   0.77     60      2  340.2  343.3  340.4
  345.0   8706  -22.1  -31.3     43   0.82     65      2  340.3  343.5  340.5
  341.0   8791  -22.7  -28.7     58   1.06     19      2  340.6  344.6  340.8
  335.0   8921  -23.7  -27.6     70   1.19    308      1  340.9  345.5  341.2
  331.0   9009  -24.2  -29.6     61   1.00    260      1  341.4  345.3  341.6
  318.0   9300  -26.0  -36.2     38   0.54    280      3  342.8  345.0  342.9
  316.0   9346  -26.3  -37.3     35   0.49    292      3  343.1  345.1  343.2
  305.0   9601  -28.3  -35.1     52   0.64      0      3  343.7  346.3  343.9
  303.0   9649  -28.7  -34.7     56   0.67      2      3  343.8  346.5  344.0
  300.0   9720  -29.3  -35.3     56   0.64      5      4  344.0  346.5  344.1
  292.0   9910  -30.8  -36.8     56   0.56    345      5  344.4  346.7  344.6
  280.0  10204  -33.2  -39.2     55   0.46    355      7  345.1  347.0  345.2
  268.0  10512  -35.7  -41.7     54   0.37     15      8  345.9  347.4  345.9
  250.0  11000  -39.7  -45.7     53   0.26     15     10  346.9  348.0  347.0
  249.0  11027  -40.1  -46.1     53   0.25     14     10  346.7  347.8  346.8
  235.0  11408  -43.3                           0      5  347.7         347.7
  215.0  11994  -48.1                          10      7  349.1         349.1
  200.0  12470  -52.1                          20      9  350.1         350.1
  187.0  12896  -55.9                          30      8  350.7         350.7
  170.0  13500  -61.4                          15     12  351.4         351.4
  166.0  13651  -62.7                          26     13  351.5         351.5
  154.0  14109  -66.4                          60     17  352.8         352.8
  150.0  14270  -67.7                          50     22  353.3         353.3
  137.0  14808  -72.3                          58     35  354.4         354.4
  126.0  15290  -74.4                          65     47  359.2         359.2
  108.0  16177  -78.3                          50     25  367.9         367.9
  102.0  16506  -79.8                          10     21  371.2         371.2
  100.0  16620  -80.3                           0     19  372.3         372.3
   97.0  16790  -81.5                         355     13  373.3         373.3
   92.0  17086  -83.5                          25      7  374.9         374.9
   90.2  17196  -84.3                          45      5  375.5         375.5
   87.8  17346  -81.7                          94      5  383.6         383.6
   87.0  17397  -82.0                         110      5  384.1         384.1
   83.8  17606  -83.1                         126     10  385.9         385.9
   82.0  17730  -82.0                         135     13  390.5         390.5
   78.0  18014  -79.6                          65     13  401.2         401.2
   74.0  18314  -77.0                          40      9  412.7         412.7
   70.0  18630  -74.3                         125     17  425.1         425.1
   68.6  18747  -73.1                         123     23  430.1         430.1
   67.0  18887  -72.2                         120     29  434.9         434.9
   64.0  19157  -70.5                          80     20  444.4         444.4
   60.0  19539  -68.1                          10     18  458.0         458.0
   59.3  19608  -67.7                          15     17  460.5         460.5
   57.0  19844  -68.8                          30     14  463.2         463.2
   56.9  19855  -68.9                          30     14  463.3         463.3
   55.0  20058  -68.1                          20     12  469.7         469.7
   52.0  20395  -66.7                         335      9  480.5         480.5
   50.0  20630  -65.7                         265     12  488.2         488.2
   45.8  21167  -63.1                         173      9  506.9         506.9
   45.0  21274  -63.4                         155      8  508.6         508.6
   43.0  21550  -64.3                         155      7  513.1         513.1
   41.0  21839  -65.2                         115     11  517.9         517.9
   35.0  22800  -68.3                          95     32  533.8         533.8
   34.3  22923  -68.7                          94     33  535.9         535.9
   30.0  23740  -61.3                          85     40  577.0         577.0
   29.2  23908  -59.7                                     585.8         585.8
