-----------------------------------------------------------------------------
   PRES   HGHT   TEMP   DWPT   RELH   MIXR   DRCT   SKNT   THTA   THTE   THTV
    hPa     m      C      C      %    g/kg    deg   knot     K      K      K 
-----------------------------------------------------------------------------
 1000.0     81                                                               
  993.0    108   27.4   24.9     86  20.46    160      4  301.1  361.7  304.8
  976.0    269   26.4   23.7     85  19.34    255      6  301.7  359.0  305.1
  925.0    770   23.4   20.0     81  16.19    235      4  303.2  351.5  306.2
  885.0   1155   21.0   18.5     86  15.39    203      3  304.6  350.7  307.4
  881.0   1194   20.9   18.2     85  15.21    200      3  304.9  350.5  307.6
  851.0   1494   20.0   16.3     79  13.86    215      3  307.0  349.0  309.6
  850.0   1504   20.0   16.2     79  13.82    215      3  307.1  349.0  309.6
  793.0   2100   17.3   13.1     76  12.10    145      2  310.4  347.6  312.6
  766.0   2398   15.9   11.6     75  11.31      5      2  312.0  347.1  314.1
  763.0   2432   15.8   11.4     75  11.22     17      2  312.2  347.0  314.3
  751.0   2567   16.6    4.6     45   7.13     66      3  314.4  337.1  315.8
  739.0   2704   15.7    3.1     43   6.52    115      3  314.9  335.8  316.1
  730.0   2808   15.0    2.0     41   6.09     94      3  315.3  334.8  316.4
  713.0   3007   12.9    5.5     61   8.03     55      4  315.1  340.6  316.6
  709.0   3055   12.4    6.4     67   8.57     60      4  315.0  342.2  316.7
  700.0   3162   12.4    5.4     62   8.10     70      3  316.2  342.0  317.7
  689.0   3294   11.6    4.6     62   7.78    115      2  316.7  341.6  318.2
  664.0   3602    9.8    2.8     62   7.09      0      1  318.0  340.9  319.4
  659.0   3665    9.4    2.4     62   6.95     32      1  318.3  340.8  319.6
  641.0   3894    8.6   -5.0     38   4.14    150      2  320.0  333.7  320.8
  640.0   3907    8.6   -5.4     37   4.02    157      2  320.1  333.4  320.9
  622.0   4141    7.2   -9.8     29   2.94    290      1  321.1  331.1  321.6
  618.0   4194    6.7   -6.7     38   3.77    320      1  321.1  333.8  321.9
  612.0   4274    6.0   -2.0     56   5.43    319      2  321.2  339.1  322.2
  595.0   4502    4.9   -4.0     52   4.79    315      3  322.6  338.5  323.5
  574.0   4793    3.6   -6.6     47   4.07    335      3  324.3  338.1  325.1
  553.0   5096    2.1   -9.3     42   3.42    300      3  326.1  337.8  326.8
  545.0   5214    1.6  -10.4     41   3.20    298      3  326.8  337.8  327.4
  533.0   5392    0.2   -8.3     53   3.84    295      3  327.2  340.4  328.0
  531.0   5422    0.0   -8.0     55   3.96    311      3  327.3  340.9  328.1
  513.0   5697   -1.9  -12.1     45   2.96    100      1  328.3  338.6  328.9
  507.0   5790   -2.5  -13.5     43   2.68    102      1  328.6  338.0  329.1
  500.0   5900   -3.1  -13.1     46   2.80    105      2  329.2  339.0  329.8
  492.0   6028   -3.9  -14.9     42   2.46     99      3  329.7  338.4  330.2
  483.0   6173   -5.1  -10.1     68   3.69     92      4  330.0  342.8  330.7
  481.0   6206   -5.1  -17.1     38   2.09     90      4  330.4  337.9  330.8
  476.0   6288   -5.7  -13.7     53   2.80     86      5  330.6  340.5  331.2
  475.0   6305   -5.9  -12.4     60   3.12     85      5  330.6  341.6  331.2
  474.0   6321   -6.1  -11.1     68   3.48     86      5  330.5  342.7  331.2
  469.0   6404   -6.7  -12.7     62   3.09     89      5  330.8  341.6  331.4
  466.0   6454   -6.9  -13.9     57   2.82     91      4  331.2  341.1  331.7
  465.0   6471   -6.9  -17.9     41   2.02     92      4  331.4  338.6  331.8
  452.0   6692   -8.7  -16.7     52   2.30    101      4  331.8  340.1  332.3
  447.0   6778   -9.3  -20.3     40   1.71    105      3  332.1  338.3  332.4
  440.0   6900  -10.0  -19.2     47   1.91    110      3  332.7  339.6  333.1
  439.0   6918  -10.1  -19.1     48   1.93    109      3  332.8  339.8  333.2
  431.0   7060  -11.1  -14.8     74   2.83    101      4  333.3  343.4  333.9
  429.0   7096  -10.9  -21.9     40   1.55     99      4  334.0  339.7  334.3
  425.0   7167  -11.7  -18.7     56   2.07     94      4  333.9  341.4  334.3
  414.0   7368  -13.1  -17.9     67   2.27     83      5  334.6  342.8  335.0
  409.0   7461  -13.5  -21.5     51   1.69     77      5  335.2  341.4  335.6
  407.0   7498  -13.8  -21.3     53   1.72     75      5  335.3  341.7  335.7
  400.0   7630  -14.7  -20.7     60   1.85     85      6  335.8  342.6  336.2
  391.0   7802  -15.7  -23.3     52   1.50    110      7  336.7  342.3  337.0
  389.0   7841  -15.9  -23.9     50   1.43    111      7  336.9  342.3  337.2
  386.0   7900  -15.1  -39.1     11   0.34    112      7  338.7  340.1  338.8
  361.0   8403  -18.8  -35.4     22   0.52    120      9  340.3  342.4  340.4
  359.0   8444  -19.1  -35.1     23   0.54    120      9  340.4  342.6  340.6
  316.0   9384  -25.1  -56.1      4   0.06    112     18  344.7  345.0  344.8
  307.0   9593  -26.8  -54.4      5   0.08    110     20  345.3  345.6  345.3
  300.0   9760  -28.1  -53.1      7   0.09    110     19  345.7  346.1  345.7
  250.0  11030  -39.7  -49.7     34   0.16    125     16  346.9  347.6  346.9
  249.0  11058  -39.9  -49.9     34   0.16    125     16  347.0  347.7  347.0
  217.0  11982  -47.1                         140     11  349.8         349.8
  200.0  12530  -51.3                         120     11  351.4         351.4
  198.0  12593  -51.8                         120     12  351.6         351.6
  189.0  12887  -54.1                         130     18  352.5         352.5
  164.0  13781  -61.3                          85     21  355.2         355.2
  160.0  13937  -62.5                          85     22  355.6         355.6
  150.0  14330  -65.9                          85     24  356.4         356.4
  127.0  15316  -74.3                          80     21  358.6         358.6
  124.0  15458  -75.5                          97     27  358.9         358.9
  121.0  15599  -78.7                         115     34  355.5         355.5
  109.0  16187  -82.3                         110     31  359.6         359.6
  107.0  16291  -82.9                                     360.3         360.3
