-----------------------------------------------------------------------------
   PRES   HGHT   TEMP   DWPT   RELH   MIXR   DRCT   SKNT   THTA   THTE   THTV
    hPa     m      C      C      %    g/kg    deg   knot     K      K      K 
-----------------------------------------------------------------------------
 1000.0     93                                                               
  994.0    108   22.8   21.4     92  16.43    185      3  296.5  344.0  299.4
  993.0    117   24.2   22.3     89  17.41    189      3  297.9  348.7  301.1
  980.0    240   25.8   23.3     86  18.78    243      5  300.7  356.1  304.1
  977.0    269   25.7   23.2     86  18.70    255      5  300.9  356.1  304.2
  970.0    337   25.6   22.9     85  18.51    261      6  301.4  356.1  304.7
  944.0    590   24.0   21.9     88  17.85    285     11  302.1  355.0  305.3
  925.0    779   22.8   21.1     90  17.36    280     14  302.6  354.2  305.8
  909.0    931   21.2   19.1     88  15.56    280     14  302.5  348.7  305.3
  857.0   1442   19.4   16.4     83  13.88    280     16  305.7  347.6  308.3
  851.0   1503   19.2   16.1     82  13.67    280     16  306.2  347.5  308.7
  850.0   1513   19.2   16.0     82  13.64    280     16  306.2  347.4  308.8
  822.0   1801   17.6   14.8     83  13.01    265     14  307.6  347.1  309.9
  814.0   1885   17.2   14.4     84  12.83    271     13  307.9  347.0  310.3
  809.0   1938   17.0   12.3     74  11.23    274     12  308.3  342.6  310.3
  806.0   1969   16.4   11.8     74  10.90    276     12  307.9  341.2  310.0
  805.0   1980   15.6   11.0     74  10.34    277     12  307.2  338.7  309.1
  794.0   2097   16.5   12.1     75  11.29    285     10  309.4  344.1  311.5
  793.0   2108   16.6   12.2     75  11.38    285     10  309.6  344.6  311.7
  740.0   2691   12.9    9.5     80  10.16    265      9  311.8  343.4  313.7
  714.0   2993   11.1    8.1     82   9.57    285      9  312.9  342.8  314.7
  700.0   3160   10.0    7.3     83   9.25    295      8  313.5  342.5  315.3
  691.0   3268    9.2    6.8     85   9.05    287      9  313.8  342.2  315.5
  689.0   3292    9.1    6.7     85   8.99    285      9  314.0  342.2  315.7
  664.0   3600    8.2    4.9     80   8.26    250     13  316.2  342.5  317.8
  654.0   3726    7.8    4.2     78   7.97    255     13  317.2  342.7  318.7
  594.0   4516    1.8    0.5     91   6.73    288     10  319.1  340.9  320.4
  574.0   4793    0.9   -0.3     92   6.59    300      9  321.1  342.7  322.4
  555.0   5065    0.0   -1.0     93   6.45    298      8  323.2  344.5  324.4
  532.0   5405   -2.1   -2.8     95   5.87    295      6  324.6  344.1  325.7
  524.0   5526   -2.9   -3.5     96   5.67    314      6  325.1  344.0  326.2
  513.0   5696   -2.8   -5.1     84   5.14    340      6  327.2  344.6  328.2
  508.0   5774   -2.7   -5.8     79   4.91    330      6  328.2  344.9  329.2
  500.0   5900   -3.5   -6.9     77   4.59    315      6  328.7  344.4  329.6
  478.0   6254   -6.7   -8.3     88   4.30    306      8  329.0  343.8  329.9
  475.0   6303   -6.9   -8.5     88   4.26    305      8  329.3  343.9  330.2
  457.0   6603   -8.4   -9.8     89   3.99    260      7  331.2  345.0  332.0
  440.0   6897   -9.8  -11.1     90   3.74    250      8  333.0  346.1  333.8
  420.0   7257  -11.5  -12.7     91   3.45    295      9  335.2  347.5  335.9
  407.0   7497  -13.2  -15.0     86   2.94    325      9  336.1  346.7  336.7
  400.0   7630  -14.1  -16.3     83   2.69    325     11  336.6  346.3  337.1
  347.0   8686  -20.9  -23.6     79   1.66    330     12  341.4  347.6  341.7
  327.0   9128  -23.7  -26.6     77   1.34    298     10  343.3  348.4  343.6
  319.0   9307  -25.0  -28.0     76   1.20    285      9  343.9  348.6  344.2
  300.0   9750  -28.3  -31.6     73   0.91    275      6  345.4  349.0  345.6
  294.0   9892  -29.4  -32.9     72   0.82    270      6  345.7  349.0  345.9
  282.0  10184  -31.8  -35.4     70   0.67    280      6  346.5  349.2  346.6
  270.0  10490  -34.3  -38.1     68   0.53    245      5  347.2  349.4  347.3
  259.0  10782  -36.7  -40.7     66   0.42    180      4  347.9  349.6  347.9
  250.0  11030  -38.7  -42.9     64   0.35    155      6  348.4  349.9  348.5
  245.0  11168  -40.1  -44.5     63   0.30    139      7  348.3  349.6  348.4
  227.0  11677  -44.5                          80     12  349.2         349.2
  200.0  12520  -51.9                          75     21  350.4         350.4
  171.0  13502  -60.6                          80     31  352.1         352.1
  152.0  14240  -67.1                          67     31  353.0         353.0
  150.0  14320  -67.9                          65     31  352.9         352.9
  141.0  14683  -71.0                          65     32  353.9         353.9
  127.0  15298  -76.1                          75     41  355.3         355.3
  121.0  15572  -77.4                          80     45  357.8         357.8
  100.0  16650  -82.7                          75     51  367.7         367.7
   92.5  17083  -84.3                          75     60  372.8         372.8
   92.0  17113  -84.2                          75     61  373.7         373.7
   87.0  17424  -82.7                          70     47  382.5         382.5
   83.5  17653  -81.7                          83     31  389.2         389.2
   83.0  17686  -80.8                          85     29  391.7         391.7
   81.9  17762  -78.7                                     397.5         397.5
