-----------------------------------------------------------------------------
   PRES   HGHT   TEMP   DWPT   RELH   MIXR   DRCT   SKNT   THTA   THTE   THTV
    hPa     m      C      C      %    g/kg    deg   knot     K      K      K 
-----------------------------------------------------------------------------
 1000.0    112                                                               
  997.0    108   26.0   25.2     95  20.75     60      4  299.4  360.4  303.1
  994.0    136   26.6   23.1     81  18.28     41      4  300.3  354.1  303.5
  979.0    276   25.6   22.7     84  18.09    305      2  300.6  353.9  303.9
  951.0    543   23.8   21.9     89  17.74    237      5  301.2  353.7  304.4
  946.0    591   23.7   20.9     84  16.78    225      5  301.6  351.3  304.6
  928.0    766   23.4   17.4     69  13.66    234      5  302.9  343.7  305.4
  925.0    796   23.2   17.2     69  13.53    235      5  303.0  343.4  305.5
  914.0    900   22.7   17.0     70  13.51    270      6  303.5  343.9  306.0
  884.0   1191   21.2   16.4     74  13.45    245      5  304.9  345.3  307.3
  850.0   1533   19.4   15.7     79  13.37    270      3  306.4  346.9  308.9
  824.0   1801   17.4   14.7     84  12.91    285      2  307.0  346.2  309.4
  822.0   1822   17.2   14.6     85  12.87    284      2  307.1  346.1  309.4
  796.0   2095   15.9   12.9     83  11.89    265      4  308.5  344.8  310.7
  768.0   2399   14.4   11.0     80  10.87      0      1  310.1  343.6  312.1
  741.0   2702   12.9    9.2     78   9.92     55      4  311.6  342.5  313.5
  718.0   2970   11.6    7.5     76   9.14     46      5  313.0  341.6  314.7
  715.0   3005   11.5    6.7     72   8.66     45      5  313.3  340.5  314.9
  702.0   3159   11.0    3.0     58   6.81     71      5  314.4  336.1  315.7
  700.0   3183   10.8    2.8     58   6.73     75      5  314.4  335.9  315.7
  619.0   4190    4.8   -0.4     69   6.03    145      4  318.8  338.4  319.9
  575.0   4794    1.2   -2.4     77   5.63    140      3  321.4  339.9  322.4
  561.0   4996    0.0   -3.0     80   5.50    170      3  322.2  340.4  323.3
  554.0   5097   -0.6   -4.1     77   5.11    185      3  322.7  339.7  323.7
  547.0   5198   -1.1   -5.3     73   4.74    170      3  323.2  339.1  324.2
  541.0   5286   -1.5   -8.5     59   3.74    157      2  323.8  336.4  324.5
  533.0   5404   -2.3   -9.5     58   3.51    140      2  324.2  336.2  324.9
  514.0   5692   -4.2  -11.9     55   3.01    165      4  325.2  335.6  325.8
  500.0   5910   -5.7  -13.7     53   2.67    160      3  326.0  335.3  326.6
  494.0   6004   -6.2  -14.2     53   2.58    130      2  326.5  335.5  327.0
  485.0   6148   -7.1  -15.1     53   2.45     68      2  327.1  335.8  327.6
  476.0   6294   -7.8  -13.1     66   2.94      5      3  328.0  338.3  328.6
  475.0   6311   -7.9  -12.9     67   3.00      3      3  328.1  338.6  328.7
  471.0   6377   -8.1  -15.1     57   2.53    357      3  328.7  337.6  329.2
  466.0   6459   -8.9  -14.9     62   2.60    348      3  328.7  337.8  329.2
  465.0   6476   -8.9  -13.8     68   2.85    347      3  328.9  338.8  329.4
  462.0   6526   -9.1  -14.1     67   2.80    342      3  329.2  339.1  329.8
  461.0   6543   -9.1  -19.1     44   1.84    340      3  329.4  336.1  329.8
  458.0   6594   -9.3  -19.3     44   1.82    335      3  329.8  336.3  330.1
  444.0   6833  -10.5  -20.5     44   1.70    335      1  331.2  337.4  331.6
  440.0   6903  -10.8  -20.4     45   1.72    335      1  331.6  337.9  332.0
  435.0   6991  -11.3  -20.3     47   1.76    307      2  332.2  338.6  332.5
  431.0   7062  -11.7  -17.7     61   2.22    285      3  332.5  340.5  333.0
  430.0   7079  -11.9  -16.3     70   2.50    280      3  332.5  341.4  333.0
  423.0   7205  -12.7  -17.3     68   2.35    240      4  333.1  341.5  333.6
  410.0   7443  -14.1  -19.1     66   2.07    212      3  334.2  341.7  334.6
  400.0   7630  -15.7  -20.4     67   1.90    190      3  334.5  341.4  334.9
  391.0   7800  -16.8  -20.8     71   1.87    185      3  335.3  342.1  335.6
  377.0   8073  -18.5  -21.5     77   1.83    260      2  336.5  343.2  336.9
  376.0   8093  -18.6  -21.6     77   1.81    265      2  336.6  343.3  337.0
  361.0   8395  -20.3  -23.7     75   1.58     60      2  338.2  344.1  338.6
  358.0   8457  -20.7  -24.1     74   1.53     47      2  338.6  344.3  338.9
  354.0   8540  -20.9  -26.9     59   1.20     30      2  339.4  344.0  339.6
  346.0   8706  -22.0  -29.5     51   0.97    355      3  340.1  343.8  340.3
  333.0   8984  -23.9  -33.8     40   0.66    185      2  341.3  343.9  341.4
  306.0   9597  -28.0  -43.4     22   0.27    150      5  343.8  345.0  343.9
  303.0   9669  -28.5  -44.5     20   0.24    157      5  344.1  345.1  344.2
  300.0   9740  -28.9  -44.9     20   0.23    165      4  344.5  345.5  344.6
  294.0   9882  -30.1  -45.7     20   0.22    155      4  344.9  345.8  344.9
  269.0  10506  -35.1  -49.3     22   0.16    115      8  346.4  347.1  346.4
  258.0  10799  -37.5  -51.0     23   0.14     15      6  347.0  347.6  347.1
  250.0  11020  -39.3  -52.3     24   0.12     20      6  347.5  348.0  347.5
  248.0  11075  -39.9  -52.9     24   0.11     32      7  347.4  347.9  347.4
  236.0  11405  -43.0                         105     10  347.7         347.7
  226.0  11693  -45.7                          85     12  347.9         347.9
  206.0  12309  -51.5                         104     14  348.1         348.1
  200.0  12500  -53.1                         110     15  348.5         348.5
  197.0  12595  -53.8                         110     15  348.9         348.9
  163.0  13780  -62.5                          70     30  353.7         353.7
  150.0  14300  -66.3                          70     36  355.7         355.7
  138.0  14799  -70.9                          70     40  356.1         356.1
  127.0  15285  -74.6                          70     44  358.1         358.1
  125.0  15378  -75.3                          75     42  358.4         358.4
  121.0  15567  -73.7                          85     39  364.7         364.7
  108.0  16219  -77.9                         120     26  368.8         368.8
  100.0  16660  -80.7                         115     30  371.6         371.6
   98.0  16773  -81.4                         110     25  372.3         372.3
   88.2  17361  -85.1                          65     28  376.3         376.3
   88.0  17374  -85.1                          65     27  376.6         376.6
   79.0  17969  -85.1                         120     25  388.4         388.4
   75.5  18219  -85.1                         111     24  393.4         393.4
   72.6  18436  -84.3                         103     22  399.5         399.5
   70.8  18576  -82.3                          97     21  406.7         406.7
   70.0  18640  -79.9                          95     21  413.1         413.1
   69.0  18722  -76.3                          92     21  422.6         422.6
   60.0  19540  -73.0                          65     21  447.2         447.2
   55.0  20049  -70.9                          60     18  463.2         463.2
   51.4  20446  -69.3                          99     14  476.0         476.0
   50.0  20610  -69.7                         115     12  478.8         478.8
   49.0  20730  -69.7                         120     15  481.6         481.6
   47.9  20866  -69.7                                     484.7         484.7
