-----------------------------------------------------------------------------
   PRES   HGHT   TEMP   DWPT   RELH   MIXR   DRCT   SKNT   THTA   THTE   THTV
    hPa     m      C      C      %    g/kg    deg   knot     K      K      K 
-----------------------------------------------------------------------------
 1000.0     91                                                               
  994.0    108   27.0   25.3     90  20.95    230      4  300.7  362.6  304.4
  977.0    268   25.9   24.2     90  19.91    275      4  301.1  359.9  304.6
  927.0    757   22.6   20.8     90  16.99    261      8  302.2  352.6  305.3
  925.0    777   22.4   20.4     88  16.61    260      8  302.2  351.5  305.2
  882.0   1192   21.4   15.0     67  12.28    255      7  305.3  342.3  307.5
  876.0   1252   21.2   14.2     64  11.75    258      7  305.7  341.2  307.9
  851.0   1503   19.9   15.2     74  12.89    270      5  306.8  345.9  309.2
  850.0   1513   19.8   15.2     75  12.94    265      5  306.9  346.1  309.3
  822.0   1801   17.8   14.8     83  13.05    250      5  307.7  347.4  310.1
  808.0   1949   16.8   14.6     87  13.10    272      5  308.2  348.1  310.6
  794.0   2098   16.5   13.4     82  12.33    295      4  309.4  347.1  311.7
  766.0   2405   15.8   11.0     73  10.86     55      1  311.9  345.6  313.9
  764.0   2427   15.8   10.8     72  10.76     58      1  312.1  345.5  314.1
  740.0   2697   14.1    8.8     70   9.67    100      5  313.1  343.3  314.9
  700.0   3166   11.2    5.2     67   7.98    120      6  314.9  340.2  316.4
  641.0   3899    7.5    0.7     62   6.30    160      3  318.7  339.1  319.9
  633.0   4003    7.0    0.0     61   6.08    134      2  319.2  339.1  320.4
  618.0   4199    5.9   -0.7     63   5.93     85      1  320.1  339.6  321.3
  574.0   4801    2.4   -2.7     69   5.49     70      3  322.9  341.1  323.9
  546.0   5208    0.0   -4.1     74   5.20     77      3  324.7  342.1  325.7
  513.0   5705   -3.2   -7.6     72   4.24     85      3  326.7  341.1  327.5
  500.0   5910   -4.5   -9.0     71   3.89     80      4  327.5  340.8  328.3
  475.0   6312   -6.8  -10.4     75   3.67     50      5  329.5  342.2  330.2
  457.0   6614   -8.5  -11.5     79   3.50    120      2  331.0  343.2  331.7
  453.0   6683   -8.9  -11.7     80   3.47    105      2  331.3  343.5  332.0
  440.0   6908  -10.1  -13.2     78   3.16     55      3  332.6  343.8  333.2
  423.0   7213  -11.7  -15.2     75   2.78     65      2  334.3  344.2  334.9
  421.0   7249  -11.9  -15.5     75   2.73     58      2  334.5  344.3  335.1
  411.0   7433  -13.1  -19.1     61   2.07     24      2  335.3  342.8  335.7
  407.0   7508  -13.5  -18.9     64   2.12     10      2  335.7  343.4  336.1
  401.0   7621  -14.1  -18.6     69   2.21      1      1  336.3  344.4  336.8
  400.0   7640  -14.3  -17.9     74   2.35      0      1  336.3  344.9  336.8
  399.0   7659  -14.5  -17.8     76   2.38    357      1  336.3  344.9  336.8
  397.0   7697  -14.7  -16.7     85   2.62    350      1  336.5  346.0  337.1
  393.0   7774  -14.9  -18.2     76   2.33    337      1  337.2  345.8  337.7
  392.0   7793  -14.9  -18.2     76   2.34    333      1  337.5  346.0  338.0
  391.0   7812  -15.1  -23.1     50   1.53    330      1  337.5  343.2  337.8
  389.0   7851  -15.5  -20.5     66   1.94    320      1  337.4  344.6  337.8
  386.0   7909  -15.9  -19.1     76   2.20    305      1  337.7  345.7  338.1
  376.0   8105  -17.1  -20.2     77   2.05    255      2  338.6  346.2  339.0
  361.0   8409  -19.0  -21.9     78   1.84      0      0  340.0  346.9  340.4
  348.0   8682  -20.7  -23.5     78   1.66    258      2  341.3  347.6  341.7
  347.0   8703  -20.9  -23.8     78   1.63    250      2  341.4  347.5  341.7
  320.0   9295  -25.4  -31.0     60   0.91    250      2  343.1  346.6  343.3
  316.0   9387  -26.1  -32.1     57   0.82    229      3  343.4  346.6  343.5
  308.0   9571  -27.5  -31.4     69   0.91    185      4  343.9  347.5  344.1
  307.0   9595  -27.7  -32.0     67   0.86    180      4  343.9  347.3  344.1
  305.0   9642  -28.1  -33.1     62   0.78    181      4  344.0  347.1  344.2
  303.0   9689  -28.3  -33.2     63   0.77    183      4  344.4  347.5  344.6
  302.0   9712  -28.3  -36.3     46   0.57    184      4  344.7  347.0  344.8
  301.0   9736  -28.5  -31.4     76   0.93    184      4  344.8  348.4  345.0
  300.0   9760  -28.7  -31.3     78   0.94    185      4  344.8  348.5  345.0
  287.0  10076  -30.9  -36.9     56   0.57    185      5  346.1  348.4  346.2
  282.0  10199  -32.0  -37.5     58   0.54    185      6  346.3  348.5  346.4
  258.0  10823  -37.3  -40.5     72   0.43    167      6  347.3  349.1  347.4
  250.0  11040  -39.3  -43.8     62   0.32    160      6  347.5  348.8  347.6
  248.0  11095  -39.7  -44.5     60   0.30    160      6  347.7  349.0  347.8
  246.0  11150  -40.1  -45.1     59   0.28    156      6  347.9  349.1  348.0
  217.0  11980  -47.2                         100      7  349.5         349.5
  207.0  12292  -49.9                          55      4  350.1         350.1
  200.0  12520  -51.9                          65      5  350.4         350.4
  161.0  13889  -63.5                          91     21  353.3         353.3
  150.0  14320  -67.3                         100     26  354.0         354.0
  148.0  14399  -67.9                          95     25  354.3         354.3
  134.0  14983  -72.1                          75     31  357.0         357.0
  117.0  15780  -77.9                          71     41  360.4         360.4
  115.0  15878  -78.3                          70     42  361.5         361.5
  100.0  16670  -81.5                          70     29  370.0         370.0
   91.2  17185  -83.3                          60     23  376.3         376.3
   84.9  17582  -83.5                          56     18  383.7         383.7
   83.0  17710  -82.1                          55     16  389.0         389.0
   77.7  18082  -78.1                         101     14  404.7         404.7
   75.0  18284  -77.6                         125     13  409.8         409.8
   70.0  18680  -76.7                         120     14  420.0         420.0
   64.0  19196  -75.3                          95     13  433.9         433.9
   63.2  19268  -75.1                          95     13  435.9         435.9
   59.6  19610  -71.9                          93     15  450.5         450.5
   52.9  20309  -72.5                          90     19  464.7         464.7
   52.0  20410  -72.4                          90     20  467.3         467.3
   50.0  20640  -72.1                          80     14  473.2         473.2
   49.5  20699  -72.1                          79     13  474.5         474.5
   48.8  20783  -69.7                          78     12  482.2         482.2
   47.0  21008  -69.5                          75      9  487.9         487.9
   42.0  21679  -68.9                          96     23  505.3         505.3
   39.6  22033  -65.7                         107     30  521.9         521.9
   39.0  22126  -65.9                         110     32  523.6         523.6
   36.9  22461  -66.7                         103     35  530.0         530.0
   33.0  23150  -60.0                          90     40  565.0         565.0
   32.1  23320  -58.3                                     573.9         573.9
