-----------------------------------------------------------------------------
   PRES   HGHT   TEMP   DWPT   RELH   MIXR   DRCT   SKNT   THTA   THTE   THTV
    hPa     m      C      C      %    g/kg    deg   knot     K      K      K 
-----------------------------------------------------------------------------
 1000.0     81                                                               
  993.0    108   27.0   25.3     90  20.97    265      6  300.8  362.7  304.5
  951.0    512   23.4   20.3     83  16.04    290      9  300.8  348.1  303.7
  943.0    590   23.1   19.9     82  15.81    295     10  301.2  348.0  304.1
  925.0    769   22.4   19.1     82  15.29    290     12  302.2  347.6  305.0
  850.0   1502   19.6   13.6     68  11.65    255     15  306.7  342.0  308.8
  821.0   1801   18.3    9.8     57   9.33    250     14  308.4  337.0  310.1
  805.0   1971   17.6    7.6     52   8.20    252     13  309.3  334.7  310.9
  765.0   2406   15.0    8.0     63   8.87    257     11  311.1  338.7  312.7
  739.0   2699   13.9    5.9     59   7.96    260      9  313.0  338.0  314.5
  713.0   3002   12.8    3.8     54   7.10    234     10  315.0  337.6  316.3
  701.0   3145   12.4   -0.6     41   5.25    221     10  316.1  333.1  317.1
  700.0   3157   12.4   -1.6     38   4.89    220     10  316.2  332.1  317.1
  688.0   3301   11.6   -1.7     40   4.95    220     11  316.8  332.9  317.8
  627.0   4073    7.0   -2.0     53   5.30    211      8  320.1  337.5  321.1
  617.0   4205    6.0   -2.4     55   5.22    210      8  320.4  337.6  321.4
  579.0   4724    2.0   -4.0     64   4.94    216      6  321.6  338.0  322.6
  569.0   4864    1.0   -3.4     72   5.26    217      6  322.1  339.5  323.1
  561.0   4979    0.6   -4.4     69   4.95    219      5  322.9  339.4  323.9
  553.0   5094    0.6   -7.4     55   3.99    220      5  324.2  337.7  325.0
  552.0   5109    0.7   -8.2     51   3.75    220      5  324.5  337.2  325.2
  544.0   5226    1.2  -14.8     29   2.24    190      4  326.5  334.4  326.9
  532.0   5406    0.1  -18.7     23   1.66    145      2  327.2  333.2  327.6
  531.0   5421    0.0  -19.0     22   1.61    146      2  327.3  333.1  327.6
  513.0   5696   -2.1  -14.8     37   2.38    170      2  328.0  336.4  328.5
  511.0   5727   -2.3  -14.3     39   2.49    169      2  328.1  336.9  328.6
  500.0   5900   -3.3  -20.3     26   1.53    165      3  328.9  334.5  329.3
  497.0   5948   -3.5  -22.5     21   1.27    163      3  329.3  333.9  329.5
  493.0   6011   -3.9  -20.4     26   1.54    160      4  329.6  335.2  329.9
  484.0   6156   -4.7  -15.7     42   2.34    170      5  330.3  338.6  330.8
  475.0   6303   -5.5  -19.3     33   1.76    180      6  331.1  337.5  331.5
  456.0   6623   -7.1  -27.1     19   0.92    177      6  333.0  336.4  333.1
  440.0   6899   -9.0  -28.6     19   0.82    175      6  333.9  337.1  334.1
  414.0   7368  -12.3  -31.3     19   0.68    116      6  335.6  338.2  335.7
  407.0   7498  -13.4  -27.9     28   0.95    100      6  335.8  339.4  336.0
  400.0   7630  -14.5  -24.5     42   1.32     95      5  336.1  341.0  336.3
  399.0   7649  -14.7  -24.7     42   1.30     95      5  336.0  340.9  336.3
  372.0   8177  -17.9  -34.9     21   0.53     99      9  338.6  340.7  338.7
  361.0   8397  -19.5  -36.5     21   0.47    100     10  339.4  341.2  339.5
  333.0   8990  -23.8  -40.8     19   0.33     70      9  341.4  342.8  341.5
  319.0   9306  -26.1  -43.1     19   0.27     85     12  342.5  343.6  342.5
  314.0   9422  -26.9  -43.9     18   0.25     73     11  342.9  343.9  342.9
  300.0   9750  -28.5  -46.5     16   0.20     40      7  345.1  345.9  345.1
  297.0   9822  -28.7  -41.7     28   0.33     33      7  345.8  347.2  345.9
  294.0   9894  -29.1  -43.1     25   0.29     25      7  346.2  347.4  346.2
  285.0  10116  -30.5  -47.5     17   0.18     28      7  347.3  348.1  347.4
  281.0  10216  -31.3  -42.3     33   0.33     29      7  347.6  349.0  347.6
  250.0  11030  -38.5  -49.5     30   0.17     40      8  348.7  349.4  348.7
  243.0  11224  -39.9  -54.9     19   0.09     40     14  349.4  349.9  349.4
  237.0  11391  -41.3                          40     19  349.8         349.8
  200.0  12520  -51.1                          70     18  351.7         351.7
  189.0  12874  -54.1                          80     20  352.6         352.6
  150.0  14320  -66.3                          75     30  355.7         355.7
  127.0  15285  -73.2                          65     42  360.6         360.6
  115.0  15860  -77.3                          50     19  363.3         363.3
  109.0  16171  -79.5                          65     12  364.7         364.7
  103.0  16499  -81.9                         110     12  366.2         366.2
  100.0  16670  -83.1                         110     19  366.9         366.9
   93.0  17073  -84.3                          85     23  372.2         372.2
   88.9  17324  -85.1                          95     17  375.5         375.5
   88.0  17380  -85.1                         105     16  376.6         376.6
   74.0  18340  -84.5                         105     26  396.9         396.9
   70.7  18594  -82.5                         105     28  406.4         406.4
   70.0  18650  -81.3                         105     29  410.1         410.1
   68.2  18798  -75.9                         105     30  424.8         424.8
   67.0  18899  -76.4                         105     30  425.9         425.9
   63.5  19206  -77.9                          98     26  429.2         429.2
   60.0  19533  -73.4                          90     22  446.2         446.2
   59.6  19572  -72.9                          92     22  448.2         448.2
   55.3  20013  -69.9                         118     17  464.8         464.8
   55.0  20045  -69.9                         120     17  465.5         465.5
   50.0  20610  -69.7                         100     18  478.8         478.8
   49.2  20706  -70.5                          98     20  479.1         479.1
   45.0  21242  -66.1                          90     28  502.2         502.2
   37.0  22434  -64.4                          75     37  535.3         535.3
   36.4  22534  -64.3                          76     33  538.2         538.2
   35.0  22776  -61.2                          80     25  552.3         552.3
   34.5  22865  -60.1                          91     24  557.5         557.5
   33.0  23144  -59.8                         125     21  565.5         565.5
   30.0  23740  -59.1                         105     41  582.9         582.9
   28.0  24179  -57.6                          95     47  598.7         598.7
   23.0  25429  -53.3                          80     41  646.0         646.0
   22.6  25540  -52.9                                     650.4         650.4
