-----------------------------------------------------------------------------
   PRES   HGHT   TEMP   DWPT   RELH   MIXR   DRCT   SKNT   THTA   THTE   THTV
    hPa     m      C      C      %    g/kg    deg   knot     K      K      K 
-----------------------------------------------------------------------------
 1000.0     90                                                               
  994.0    108   26.6   24.3     87  19.69     30      4  300.3  358.3  303.8
  993.0    117   27.8   20.8     66  15.84     25      4  301.6  348.4  304.4
  980.0    241   26.8   20.8     70  16.05    324      4  301.7  349.2  304.6
  976.0    279   26.5   20.8     71  16.07    305      4  301.7  349.3  304.6
  936.0    669   23.0   20.2     84  16.20    305      9  301.8  349.8  304.7
  925.0    778   22.4   19.9     86  16.09    305     10  302.2  349.9  305.1
  881.0   1201   20.8   17.3     81  14.34    300     10  304.8  347.9  307.4
  854.0   1471   19.8   15.7     77  13.31    309      9  306.5  346.7  308.9
  850.0   1512   19.6   15.2     76  12.94    310      9  306.7  345.9  309.1
  827.0   1748   18.6    9.6     56   9.15    318      8  308.0  336.1  309.7
  822.0   1800   18.2   10.8     62   9.97    320      8  308.1  338.7  310.0
  810.0   1925   17.2   13.6     79  12.23    314      8  308.4  345.7  310.6
  766.0   2397   14.3   11.7     84  11.36    290      7  310.2  345.2  312.3
  739.0   2699   12.4   10.4     88  10.83    315      8  311.3  344.9  313.4
  714.0   2990   10.6    9.2     91  10.33    309     12  312.4  344.6  314.4
  700.0   3155   10.6    8.2     85   9.84    305     14  314.2  345.1  316.1
  681.0   3385   10.6    6.0     73   8.68    297     13  316.7  344.3  318.3
  664.0   3594    9.5    3.7     67   7.58    290     12  317.7  342.1  319.2
  640.0   3899    7.9    0.4     59   6.19    310      8  319.2  339.4  320.4
  633.0   3991    7.4   -0.6     57   5.82    312      7  319.7  338.7  320.8
  595.0   4494    4.1   -2.1     64   5.53    325      4  321.6  339.9  322.7
  573.0   4800    2.2   -3.1     68   5.35    285      3  322.8  340.6  323.8
  552.0   5103    0.2   -4.0     73   5.18    270      7  323.9  341.2  324.9
  550.0   5133    0.0   -4.1     74   5.16    271      7  324.0  341.3  325.0
  500.0   5890   -4.5   -9.2     70   3.83    285     13  327.5  340.6  328.2
  498.0   5922   -4.5   -9.2     70   3.85    285     13  327.9  341.1  328.6
  471.0   6357   -8.1   -9.8     88   3.88    285      7  328.7  342.0  329.4
  457.0   6589   -9.2  -11.7     82   3.45    285      4  330.2  342.2  330.9
  439.0   6898  -10.6  -14.1     75   2.94    205      4  332.2  342.6  332.8
  422.0   7202  -12.0  -16.5     69   2.50    300      3  334.2  343.2  334.7
  416.0   7312  -12.5  -17.4     67   2.36    301      4  334.9  343.4  335.4
  400.0   7610  -14.5  -19.5     66   2.05    305      6  336.1  343.6  336.5
  391.0   7783  -15.9  -20.2     69   1.98    296      8  336.4  343.7  336.8
  390.0   7802  -16.0  -20.3     70   1.96    295      8  336.5  343.7  336.9
  381.0   7978  -17.3  -21.3     71   1.84    283      9  337.1  343.9  337.4
  376.0   8077  -17.7  -22.1     68   1.74    276      9  337.8  344.3  338.2
  375.0   8097  -17.7  -22.1     68   1.75    275      9  338.1  344.6  338.4
  373.0   8137  -17.5  -26.5     45   1.18    280      8  338.9  343.4  339.1
  360.0   8403  -19.0  -36.3     20   0.48    315      4  340.3  342.2  340.4
  359.0   8424  -19.1  -37.1     19   0.44    314      4  340.4  342.2  340.5
  348.0   8655  -20.5  -31.5     37   0.79    298      5  341.6  344.7  341.8
  346.0   8698  -20.7  -33.7     30   0.65    295      5  341.9  344.5  342.1
  341.0   8806  -21.1  -39.1     18   0.38    299      5  342.8  344.3  342.8
  306.0   9596  -27.4  -42.8     22   0.29    330      6  344.8  346.0  344.8
  300.0   9740  -28.5  -43.5     22   0.27    355      5  345.1  346.2  345.1
  293.0   9909  -30.2  -43.1     27   0.29      0      5  345.1  346.3  345.1
  290.0   9982  -30.9  -42.9     30   0.30    359      5  345.0  346.3  345.1
  281.0  10203  -32.6  -45.1     28   0.25    355      6  345.6  346.7  345.7
  269.0  10508  -35.0  -48.1     25   0.18     40      5  346.5  347.3  346.5
  258.0  10800  -37.4  -50.9     23   0.14      5      6  347.2  347.9  347.3
  250.0  11020  -39.1  -53.1     21   0.11     50      7  347.8  348.3  347.8
  247.0  11102  -39.7  -56.1     16   0.08     35      8  348.1  348.5  348.1
  245.0  11157  -40.1  -58.1     13   0.06     36      9  348.3  348.6  348.3
  226.0  11691  -44.5                          50     14  349.6         349.6
  216.0  11991  -47.0                          80     19  350.3         350.3
  200.0  12500  -51.3                          95     28  351.4         351.4
  163.0  13780  -61.8                          90     29  354.9         354.9
  150.0  14300  -66.1                          70     30  356.0         356.0
  134.0  14951  -71.3                          65     29  358.5         358.5
  103.0  16469  -83.3                          80     20  363.4         363.4
  100.0  16640  -84.7                          85     23  363.8         363.8
   89.1  17276  -86.7                         115     39  372.1         372.1
   87.0  17408  -85.8                         115     41  376.3         376.3
   78.9  17950  -82.3                          84     32  394.3         394.3
   78.0  18014  -82.5                          80     31  395.1         395.1
   73.8  18323  -83.5                         103     23  399.4         399.4
   70.0  18620  -80.9                         125     16  411.0         411.0
   67.0  18871  -79.6                         140      9  419.0         419.0
   63.0  19224  -77.7                          80     14  430.6         430.6
   57.0  19798  -74.7                          40     24  449.9         449.9
   55.9  19910  -74.1                          41     23  453.8         453.8
   50.0  20570  -68.3                          45     16  482.1         482.1
   49.0  20691  -68.3                          50     15  484.9         484.9
   48.7  20728  -68.3                                     485.8         485.8
