-----------------------------------------------------------------------------
   PRES   HGHT   TEMP   DWPT   RELH   MIXR   DRCT   SKNT   THTA   THTE   THTV
    hPa     m      C      C      %    g/kg    deg   knot     K      K      K 
-----------------------------------------------------------------------------
 1000.0     80                                                               
  993.0    108   26.2   23.6     86  18.88     30      1  299.9  355.5  303.3
  981.0    222   26.6   24.4     88  20.09    327      4  301.4  360.9  305.0
  976.0    270   26.3   24.1     88  19.80    300      5  301.6  360.2  305.1
  943.0    592   24.4   22.0     86  17.99    245      8  302.6  356.1  305.9
  925.0    772   23.4   20.8     85  17.03    255      9  303.2  354.0  306.3
  850.0   1504   19.6   15.2     76  12.94    250     11  306.7  345.9  309.1
  823.0   1782   17.4   14.3     82  12.61    259     10  307.2  345.4  309.5
  821.0   1802   17.3   14.2     82  12.52    260     10  307.3  345.4  309.6
  772.0   2328   15.6   10.7     73  10.57    282      5  310.9  343.6  312.9
  766.0   2394   15.2   10.2     72  10.28    285      4  311.2  343.1  313.1
  739.0   2696   13.6    7.7     68   9.01      5      3  312.6  340.8  314.3
  700.0   3153   11.0    4.0     62   7.33     65      9  314.6  337.9  316.0
  688.0   3297   10.1    3.0     62   6.97     80     11  315.1  337.4  316.5
  680.0   3395    9.4    2.4     62   6.74     86     11  315.5  337.0  316.8
  663.0   3602    8.0    1.6     64   6.50    100     11  316.2  337.1  317.5
  594.0   4500    2.1   -2.1     74   5.55     80     10  319.4  337.6  320.5
  580.0   4695    0.8   -2.9     76   5.36     73      7  320.1  337.7  321.1
  577.0   4737    1.0   -7.0     55   3.94     72      7  320.8  334.0  321.6
  576.0   4751    1.2  -12.8     34   2.49     71      7  321.2  329.7  321.7
  574.0   4779    1.0   -7.0     55   3.96     70      6  321.3  334.5  322.0
  573.0   4793    1.1   -7.2     54   3.92     70      6  321.6  334.7  322.3
  570.0   4835    1.4   -7.6     51   3.81     61      5  322.4  335.2  323.1
  559.0   4992    0.0   -7.0     59   4.07     26      3  322.5  336.2  323.3
  551.0   5107   -0.6   -6.4     65   4.32      0      1  323.2  337.7  324.0
  538.0   5298   -1.5   -5.4     75   4.78    266      1  324.3  340.3  325.2
  531.0   5403   -2.1   -6.1     74   4.59    215      1  324.8  340.3  325.7
  528.0   5448   -2.3   -6.4     73   4.51    222      1  325.1  340.3  326.0
  526.0   5478   -2.3   -8.3     63   3.91    227      1  325.4  338.7  326.2
  522.0   5539   -2.3   -6.0     76   4.71    237      1  326.1  342.1  327.1
  515.0   5646   -3.1   -5.0     87   5.15    255      2  326.4  343.8  327.4
  511.0   5708   -3.1   -6.4     78   4.67    265      2  327.1  343.0  328.1
  506.0   5786   -3.1   -8.1     68   4.13    254      2  328.1  342.2  328.9
  500.0   5880   -3.7   -9.7     63   3.68    240      2  328.5  341.2  329.2
  492.0   6007   -4.4  -11.0     60   3.38    205      4  329.1  340.8  329.8
  485.0   6120   -5.1  -12.1     58   3.13    192      6  329.6  340.6  330.2
  483.0   6152   -4.9  -11.9     58   3.20    188      7  330.2  341.4  330.9
  482.0   6169   -4.5  -11.5     58   3.31    186      7  330.9  342.5  331.6
  481.0   6185   -4.5  -16.5     39   2.20    184      8  331.1  339.0  331.6
  474.0   6299   -5.3  -17.7     37   2.02    170     10  331.6  338.9  332.0
  446.0   6775   -8.5  -22.5     31   1.42    161     11  333.3  338.6  333.6
  441.0   6862   -8.9  -25.9     24   1.06    159     11  333.9  337.9  334.1
  438.0   6915   -9.1  -28.1     20   0.87    158     11  334.3  337.6  334.5
  434.0   6986   -9.5  -23.5     31   1.33    157     11  334.7  339.6  334.9
  433.0   7003   -9.7  -18.7     48   2.03    157     11  334.6  342.0  335.0
  431.0   7039   -9.9  -22.9     34   1.42    156     11  334.8  340.1  335.1
  425.0   7147  -10.5  -22.5     37   1.49    154     11  335.4  340.9  335.7
  421.0   7220  -11.1  -18.1     56   2.20    153     11  335.5  343.5  336.0
  414.0   7348  -12.1  -22.1     43   1.58    150     12  335.9  341.7  336.2
  400.0   7610  -13.7  -27.7     30   0.99    145     12  337.1  340.9  337.3
  375.0   8095  -16.9  -35.6     18   0.49    135     10  339.2  341.2  339.3
  364.0   8318  -18.3  -39.3     14   0.35    142      8  340.2  341.6  340.2
  360.0   8400  -18.8  -36.6     19   0.47    145      7  340.6  342.4  340.7
  353.0   8546  -19.7  -31.7     34   0.77    158      7  341.3  344.3  341.4
  350.0   8609  -20.1  -31.1     37   0.82    164      7  341.6  344.8  341.7
  348.0   8651  -19.9  -35.9     23   0.52    168      7  342.4  344.5  342.5
  332.0   8997  -22.7  -30.8     48   0.89    200      8  343.1  346.6  343.3
  330.0   9041  -23.1  -30.1     53   0.96    201      8  343.2  347.0  343.4
  322.0   9220  -24.1  -35.1     36   0.60    204      8  344.3  346.7  344.4
  321.0   9243  -24.3  -38.3     26   0.44    204      8  344.3  346.1  344.4
  315.0   9379  -25.7  -33.7     47   0.71    206      7  344.2  347.0  344.4
  306.0   9588  -27.2  -36.4     41   0.56    210      7  344.9  347.2  345.0
  300.0   9730  -28.3  -38.3     38   0.47    200      6  345.4  347.3  345.5
  293.0   9899  -29.7  -39.7     37   0.42    160      7  345.7  347.4  345.8
  288.0  10021  -30.7  -46.7     19   0.20    131      7  346.0  346.9  346.1
  281.0  10193  -32.1  -48.4     18   0.17     90      8  346.4  347.2  346.5
  250.0  11010  -38.7  -56.7     13   0.07     70     15  348.4  348.7  348.4
  247.0  11093  -39.4  -56.9     14   0.07     70     16  348.6  348.9  348.6
  244.0  11176  -40.1  -57.1     15   0.07     71     16  348.7  349.0  348.7
  216.0  11988  -47.2                          85     17  350.1         350.1
  200.0  12500  -51.7                          70     11  350.7         350.7
  197.0  12595  -52.5                          75      8  351.0         351.0
  171.0  13480  -60.1                          75     14  352.9         352.9
  150.0  14300  -67.1                          75     28  354.3         354.3
  144.0  14545  -69.3                          73     32  354.6         354.6
  127.0  15282  -75.5                          65     43  356.4         356.4
  126.0  15329  -75.9                                     356.5         356.5
  107.0  16266  -78.7                                     368.2         368.2
