-----------------------------------------------------------------------------
   PRES   HGHT   TEMP   DWPT   RELH   MIXR   DRCT   SKNT   THTA   THTE   THTV
    hPa     m      C      C      %    g/kg    deg   knot     K      K      K 
-----------------------------------------------------------------------------
 1000.0     94                                                               
  994.0    108   27.4   22.7     76  17.83      0      0  301.1  353.7  304.3
  977.0    269   26.5   22.0     76  17.37    330      4  301.7  353.1  304.8
  925.0    779   23.8   19.8     78  15.98    320     10  303.6  351.4  306.5
  850.0   1515   19.8   15.5     76  13.20    305     12  306.9  346.9  309.3
  821.0   1815   18.6   10.6     60   9.87    302     13  308.7  339.0  310.5
  767.0   2397   14.7   12.1     84  11.69    295     14  310.5  346.5  312.7
  763.0   2442   14.4   12.2     87  11.84    295     14  310.6  347.1  312.9
  700.0   3169   10.8    7.8     82   9.57    295     14  314.4  344.5  316.2
  665.0   3596    8.4    5.2     80   8.41    305     16  316.4  343.1  318.0
  648.0   3811    7.2    3.9     80   7.87    319     12  317.4  342.5  318.9
  641.0   3900    6.6    3.5     80   7.72    325     10  317.7  342.4  319.2
  596.0   4493    2.8    0.6     86   6.76    340      8  319.9  341.8  321.2
  574.0   4800    0.8   -0.8     89   6.31      0      6  321.0  341.6  322.2
  566.0   4915    0.0   -1.4     90   6.14      3      6  321.4  341.5  322.6
  535.0   5365   -3.5   -4.7     91   5.07     13      4  322.4  339.3  323.4
  519.0   5605   -3.9   -4.2     98   5.43     18      2  324.7  342.9  325.8
  513.0   5697   -4.4   -6.0     88   4.78     20      2  325.2  341.3  326.2
  504.0   5837   -5.1   -8.8     75   3.92      6      1  326.0  339.4  326.8
  500.0   5900   -4.7   -7.9     78   4.24      0      1  327.2  341.7  328.1
  494.0   5995   -5.4   -7.3     86   4.50    175      1  327.5  342.8  328.4
  488.0   6091   -6.1   -6.7     96   4.77    180      3  327.8  344.0  328.8
  475.0   6300   -7.1   -8.0     93   4.43    190      7  329.1  344.3  330.0
  457.0   6599   -8.5   -9.9     90   3.98    180      5  331.0  344.8  331.8
  407.0   7496  -12.7  -15.5     80   2.84    210     10  336.8  347.0  337.3
  400.0   7630  -13.3  -16.3     78   2.69    210     11  337.6  347.4  338.2
  394.0   7745  -13.9  -17.1     77   2.56    204     10  338.3  347.6  338.8
  361.0   8404  -18.1  -21.7     73   1.88    170      7  341.3  348.3  341.7
  347.0   8702  -19.9  -23.8     71   1.62    255      3  342.6  348.8  342.9
  343.0   8789  -20.5  -24.4     71   1.56    268      4  343.0  348.9  343.3
  333.0   9006  -22.1  -25.9     72   1.40    300      6  343.7  349.1  344.0
  320.0   9298  -24.3  -27.8     73   1.22    295      6  344.6  349.3  344.8
  307.0   9601  -26.6  -29.9     74   1.05    260      4  345.5  349.6  345.7
  300.0   9770  -27.9  -31.0     75   0.97    205      4  345.9  349.8  346.1
  294.0   9911  -29.1  -32.2     74   0.87    175      5  346.3  349.8  346.5
  282.0  10201  -31.4  -34.8     72   0.71    140      7  347.0  349.9  347.2
  250.0  11040  -38.3  -42.3     66   0.37    135      9  349.0  350.6  349.1
  243.0  11235  -39.9  -44.0     65   0.32    132      9  349.4  350.8  349.5
  227.0  11692  -43.6                         125     10  350.6         350.6
  207.0  12310  -48.6                          65     11  352.1         352.1
  200.0  12540  -50.5                          55     15  352.6         352.6
  164.0  13789  -62.1                          65     24  353.8         353.8
  150.0  14350  -67.3                          65     26  354.0         354.0
  128.0  15282  -75.7                          70     27  355.3         355.3
  127.0  15329  -76.1                          72     27  355.3         355.3
  109.0  16193  -80.3                         110     35  363.2         363.2
  100.0  16680  -82.7                         105     48  367.7         367.7
   90.1  17254  -86.7                         100     57  370.9         370.9
   88.0  17383  -86.3                          95     51  374.1         374.1
   84.7  17591  -85.7                          92     35  379.5         379.5
   83.0  17704  -82.8                          90     26  387.7         387.7
   82.4  17744  -81.7                          85     23  390.6         390.6
   79.0  17979  -81.6                          55      9  395.6         395.6
   75.0  18270  -81.5                         110      8  401.7         401.7
   74.6  18300  -81.5                         107      8  402.3         402.3
   71.9  18507  -80.1                          82     10  409.6         409.6
   70.9  18587  -77.1                          73     10  417.6         417.6
   70.0  18660  -76.5                          65     11  420.4         420.4
   67.0  18913  -75.2                          55      8  428.6         428.6
   66.4  18965  -74.9                          45      8  430.3         430.3
   64.0  19177  -76.2                           5      8  432.1         432.1
   61.5  19407  -77.5                          67      6  434.0         434.0
   61.0  19455  -77.0                          80      6  436.2         436.2
   58.0  19748  -73.8                         105     26  449.8         449.8
   55.8  19973  -71.3                                     460.4         460.4
