-----------------------------------------------------------------------------
   PRES   HGHT   TEMP   DWPT   RELH   MIXR   DRCT   SKNT   THTA   THTE   THTV
    hPa     m      C      C      %    g/kg    deg   knot     K      K      K 
-----------------------------------------------------------------------------
 1000.0     88                                                               
  994.0    108   26.2   24.0     88  19.33    290      8  299.9  356.7  303.3
  925.0    773   22.2   17.5     75  13.79    275     21  302.0  342.9  304.5
  850.0   1505   17.2   13.3     78  11.42    265     19  304.1  338.4  306.2
  849.0   1515   17.2   12.7     75  10.98    264     19  304.2  337.3  306.3
  839.0   1617   17.6   12.6     72  11.04    257     18  305.7  339.1  307.7
  832.0   1689   18.2    8.2     52   8.26    253     18  307.1  332.4  308.6
  830.0   1709   18.6    5.6     42   6.92    251     18  307.7  329.1  309.0
  827.0   1740   18.2    9.2     56   8.90    249     17  307.6  334.9  309.2
  815.0   1866   18.0   10.0     60   9.54    241     17  308.7  338.0  310.4
  793.0   2100   16.0    9.5     66   9.50    225     15  308.9  338.2  310.7
  787.0   2164   15.4    9.4     67   9.49    226     15  309.0  338.2  310.8
  763.0   2427   14.4    2.4     44   6.00    229     13  310.6  329.6  311.8
  722.0   2891   10.4    0.4     50   5.49    234     11  311.2  328.6  312.2
  713.0   2995    9.8   -1.9     44   4.70    235     10  311.6  326.6  312.5
  700.0   3148    8.8   -5.2     37   3.73    230     10  312.2  324.3  312.9
  693.0   3231    8.6   -8.4     29   2.94    241     10  312.9  322.6  313.4
  687.0   3303    8.4   -6.7     34   3.37    250     10  313.4  324.4  314.0
  663.0   3596    7.4    0.1     60   5.82    285     15  315.5  334.2  316.6
  659.0   3646    7.2    1.2     66   6.37    288     14  315.8  336.3  317.0
  654.0   3709    7.4    0.4     61   6.06    292     14  316.7  336.3  317.9
  642.0   3862    7.6  -15.4     18   1.81    302     12  318.6  324.9  319.0
  639.0   3900    7.3  -15.7     18   1.77    305     11  318.7  324.9  319.1
  634.0   3965    6.8  -16.2     18   1.71    302     11  318.9  324.8  319.2
  630.0   4017    6.6  -17.4     16   1.56    299     11  319.2  324.7  319.5
  628.0   4043    6.6  -19.4     14   1.32    298     11  319.5  324.2  319.8
  627.0   4056    6.6  -19.4     14   1.32    297     11  319.7  324.3  319.9
  626.0   4069    6.6  -20.4     12   1.21    297     11  319.8  324.1  320.1
  625.0   4082    6.4  -21.6     11   1.09    296     11  319.7  323.6  319.9
  623.0   4108    6.2  -12.8     24   2.30    295     11  319.8  327.7  320.2
  622.0   4121    6.0   -3.0     52   4.96    294     11  319.7  336.0  320.7
  616.0   4201    5.4   -6.6     42   3.81    290     11  319.9  332.6  320.6
  608.0   4308    4.8  -11.2     30   2.69    285     11  320.4  329.6  320.9
  603.0   4375    4.6  -15.4     22   1.92    281     10  320.9  327.6  321.3
  602.0   4388    4.6  -17.4     19   1.63    281     10  321.1  326.8  321.4
  596.0   4470    3.6   -5.4     52   4.31    277     10  320.9  335.2  321.7
  590.0   4552    3.8  -14.2     26   2.17    273     10  322.0  329.5  322.4
  586.0   4607    4.0  -15.0     24   2.05    270     10  322.9  330.0  323.3
  582.0   4663    3.4   -9.6     38   3.19    267     10  322.8  333.7  323.4
  577.0   4733    3.6  -20.4     15   1.32    264     10  323.8  328.6  324.1
  572.0   4803    3.0  -23.7     12   0.99    260     10  324.0  327.6  324.2
  568.0   4860    2.6  -26.4     10   0.78    261     10  324.1  327.0  324.3
  563.0   4931    2.2  -30.8      7   0.52    262     11  324.5  326.5  324.6
  561.0   4960    2.4  -34.6      5   0.36    263     11  325.0  326.4  325.1
  558.0   5003    2.2  -18.8     19   1.56    264     12  325.3  330.9  325.6
  554.0   5061    1.2   -9.8     44   3.30    265     12  324.8  336.1  325.4
  543.0   5223    0.0   -7.0     59   4.19    268     13  325.2  339.4  326.0
  500.0   5880   -3.3  -12.3     50   2.99    280     19  328.9  339.4  329.6
  488.0   6071   -4.3  -15.3     42   2.40    284     19  330.0  338.5  330.5
  438.0   6909  -10.4  -18.8     50   1.99    300     20  332.6  339.9  333.1
  431.0   7034  -11.3  -19.3     52   1.94    295     19  333.0  340.1  333.4
  407.0   7469  -14.7  -18.6     72   2.18    276     16  334.1  342.0  334.6
  400.0   7600  -15.5  -18.4     78   2.25    270     15  334.8  342.9  335.2
  374.0   8103  -19.2  -22.1     78   1.76    265     13  336.4  342.9  336.8
  369.0   8204  -19.9  -22.8     78   1.67    265     13  336.7  342.9  337.1
  360.0   8387  -20.9  -26.9     59   1.18    264     12  337.8  342.2  338.0
  355.0   8490  -21.7  -29.7     48   0.92    264     11  338.0  341.6  338.2
  347.0   8657  -23.3  -27.9     66   1.12    263     11  338.1  342.3  338.3
  340.0   8806  -24.3  -30.3     58   0.91    263     10  338.7  342.2  338.9
  331.0   9001  -25.5  -28.3     77   1.13    262      9  339.6  344.0  339.9
  324.0   9156  -26.1  -28.5     80   1.13    262      9  340.9  345.2  341.1
  320.0   9246  -26.5  -29.0     79   1.09    261      8  341.6  345.8  341.8
  317.0   9314  -26.9  -29.6     78   1.04    261      8  341.9  346.0  342.1
  314.0   9383  -27.1  -31.2     68   0.91    261      8  342.6  346.1  342.8
  313.0   9406  -27.1  -35.1     47   0.62    261      8  342.9  345.4  343.0
  312.0   9429  -27.3  -35.3     47   0.61    261      8  342.9  345.4  343.1
  311.0   9452  -27.5  -32.0     65   0.85    261      8  343.0  346.3  343.1
  310.0   9475  -27.5  -33.5     57   0.73    260      8  343.3  346.2  343.4
  306.0   9568  -28.1  -34.1     56   0.70    260      7  343.7  346.5  343.9
  305.0   9592  -28.3  -33.1     63   0.78    260      7  343.8  346.8  343.9
  304.0   9615  -28.4  -33.2     63   0.77    260      7  343.9  347.0  344.1
  303.0   9639  -28.5  -33.3     63   0.77    261      7  344.1  347.2  344.3
  301.0   9686  -28.9  -34.9     56   0.66    264      6  344.2  346.8  344.3
  300.0   9710  -28.9  -39.9     34   0.40    265      6  344.5  346.2  344.6
  292.0   9900  -30.5  -40.3     38   0.39    305      2  345.0  346.6  345.1
  280.0  10194  -32.9  -40.9     45   0.38     25      3  345.6  347.2  345.7
  268.0  10502  -35.5  -41.5     54   0.38     90      5  346.3  347.8  346.3
  257.0  10796  -37.9  -42.1     65   0.37    110      8  346.8  348.4  346.9
  250.0  10990  -39.5  -42.5     73   0.36    110      7  347.2  348.7  347.3
  248.0  11045  -39.9  -43.3     70   0.34    110      7  347.4  348.8  347.5
  200.0  12480  -51.7                         100     18  350.7         350.7
  179.0  13174  -57.8                         110     26  352.1         352.1
  150.0  14280  -67.5                         115     41  353.6         353.6
  113.0  15894  -80.1                         105     54  360.0         360.0
  100.0  16590  -85.5                          85     45  362.3         362.3
   97.0  16759  -82.7                          83     43  370.9         370.9
   91.0  17114  -83.7                          80     38  375.9         375.9
   84.8  17506  -84.7                          80     43  381.4         381.4
   82.0  17693  -83.8                          80     45  386.9         386.9
   79.2  17885  -82.9                          94     42  392.6         392.6
   74.8  18208  -78.3                         116     37  408.7         408.7
   74.0  18270  -78.3                         120     36  410.0         410.0
   72.5  18387  -78.3                         118     34  412.4         412.4
   70.8  18524  -74.7                         116     32  422.9         422.9
   70.0  18590  -74.3                         115     31  425.1         425.1
   67.4  18812  -70.9                         102     33  437.1         437.1
   66.0  18937  -70.5                          95     34  440.6         440.6
   63.3  19185  -69.7                          67     25  447.6         447.6
   60.0  19502  -72.5                          30     14  448.3         448.3
   59.5  19551  -72.9                          33     14  448.4         448.4
   55.0  20013  -72.3                          60     15  460.0         460.0
   52.7  20266  -69.1                          75     15  473.1         473.1
   52.0  20346  -69.2                          80     15  474.6         474.6
   50.0  20580  -69.5                          80     14  479.3         479.3
   49.1  20688  -69.3                          74     16  482.3         482.3
   48.1  20812  -66.5                          67     18  491.8         491.8
   47.0  20950  -66.9                          60     21  494.0         494.0
   42.1  21611  -68.9                          74     23  504.9         504.9
   40.0  21919  -67.6                          80     24  515.6         515.6
   36.8  22421  -65.5                         111     27  533.5         533.5
   35.0  22724  -66.4                         130     28  538.8         538.8
   34.4  22829  -66.7                         123     30  540.7         540.7
   33.0  23081  -65.8                         105     34  549.4         549.4
   30.0  23660  -63.9                         110     38  569.9         569.9
   27.0  24314  -61.5                          95     44  594.0         594.0
   25.6  24644  -60.3                          88     47  606.5         606.5
   24.0  25058  -57.3                          80     51  626.5         626.5
   20.3  26132  -49.5                          89     60  681.0         681.0
   20.0  26230  -48.7                          90     61  686.3         686.3
   17.8  26995  -49.1                          86     63  708.3         708.3
   15.0  28105  -52.1                          80     65  733.7         733.7
   14.8  28192  -52.4                          80     65  735.7         735.7
   13.6  28741  -53.9                          84     64  748.5         748.5
   13.1  28981  -54.7                          86     63  753.8         753.8
   12.0  29549  -50.0                          90     62  789.6         789.6
   11.8  29658  -49.1                                     796.6         796.6
