-----------------------------------------------------------------------------
   PRES   HGHT   TEMP   DWPT   RELH   MIXR   DRCT   SKNT   THTA   THTE   THTV
    hPa     m      C      C      %    g/kg    deg   knot     K      K      K 
-----------------------------------------------------------------------------
 1000.0     72                                                               
  992.0    108   27.2   24.0     83  19.37    330      6  301.0  358.3  304.5
  935.0    660   22.6   20.5     88  16.53    305     13  301.5  350.4  304.5
  929.0    720   23.4   17.4     69  13.64    302     14  302.9  343.5  305.3
  925.0    760   23.2   16.2     65  12.68    300     14  303.0  340.9  305.3
  879.0   1203   20.1   14.7     71  12.07    285     21  304.3  340.5  306.5
  866.0   1332   19.2   14.2     73  11.89    287     21  304.6  340.4  306.8
  850.0   1493   18.4   13.5     73  11.57    290     21  305.4  340.3  307.5
  833.0   1667   18.8    9.8     56   9.21    291     21  307.6  335.8  309.3
  782.0   2208   16.0    1.0     36   5.29    294     21  310.2  326.9  311.2
  738.0   2698   12.8    2.8     51   6.38    297     21  311.9  332.1  313.1
  700.0   3142   12.4   -9.6     21   2.65    300     21  316.2  325.1  316.7
  685.0   3322   11.4  -16.6     12   1.53    300     21  317.0  322.4  317.3
  639.0   3896    8.3  -14.0     19   2.04    300     19  319.9  326.9  320.3
  629.0   4027    7.6  -13.4     21   2.17    298     20  320.5  328.0  320.9
  616.0   4198    6.4  -11.6     26   2.57    295     21  321.1  329.9  321.6
  610.0   4278    6.0   -3.0     52   5.05    294     21  321.5  338.2  322.5
  572.0   4798    1.9   -4.5     62   4.80    285     24  322.6  338.6  323.6
  566.0   4884    1.2   -4.8     64   4.76    288     24  322.8  338.7  323.7
  543.0   5216    0.0  -14.0     34   2.40    299     23  325.2  333.6  325.7
  531.0   5394   -1.0  -11.8     44   2.92    305     23  326.1  336.2  326.6
  528.0   5439   -1.3  -11.3     47   3.07    304     23  326.3  336.9  326.9
  500.0   5870   -3.9  -11.9     54   3.09    290     21  328.2  339.0  328.8
  490.0   6030   -5.1  -11.1     63   3.36    294     21  328.6  340.3  329.3
  481.0   6177   -6.1  -10.5     71   3.59    297     20  329.2  341.6  329.9
  475.0   6276   -6.7  -13.7     57   2.81    300     20  329.6  339.5  330.2
  474.0   6293   -6.8  -13.9     57   2.77    300     20  329.7  339.4  330.2
  440.0   6875   -9.7  -21.7     37   1.54    286     19  333.1  338.8  333.4
  410.0   7421  -13.7  -22.7     47   1.51    272     17  334.7  340.3  335.0
  406.0   7496  -13.8  -24.4     40   1.32    270     17  335.6  340.5  335.8
  400.0   7610  -13.9  -26.9     32   1.06    275     15  336.8  340.9  337.1
  381.0   7977  -15.9  -31.9     24   0.70    288     12  338.9  341.6  339.1
  363.0   8340  -18.1  -36.1     19   0.48    302      9  340.7  342.6  340.8
  352.0   8568  -19.7  -32.7     31   0.70    310      7  341.6  344.3  341.7
  346.0   8695  -20.7  -33.5     31   0.66    315      6  341.9  344.5  342.0
  332.0   8998  -23.1  -35.2     32   0.58    310      6  342.6  344.9  342.7
  330.0   9043  -23.5  -35.5     32   0.57    315      6  342.7  345.0  342.8
  320.0   9266  -25.5  -31.5     57   0.86    342      5  342.9  346.3  343.1
  319.0   9289  -25.7  -31.5     58   0.86    345      5  343.0  346.4  343.2
  309.0   9518  -27.5  -31.6     68   0.89    341      7  343.6  347.1  343.8
  306.0   9588  -28.0  -32.8     64   0.80    340      7  343.8  347.0  344.0
  300.0   9730  -29.1  -35.1     56   0.65    315      7  344.2  346.9  344.4
  298.0   9778  -29.5  -36.5     51   0.57    311      7  344.3  346.6  344.5
  293.0   9899  -30.5  -34.8     66   0.68    300      6  344.6  347.3  344.7
  277.0  10296  -33.1  -39.1     55   0.47    333      5  346.4  348.3  346.5
  276.0  10322  -33.3  -42.3     40   0.34    335      5  346.5  347.9  346.6
  269.0  10502  -34.9  -40.4     57   0.42    350      4  346.8  348.5  346.8
  268.0  10528  -35.1  -40.1     60   0.44    352      4  346.8  348.6  346.9
  258.0  10792  -37.0  -45.2     42   0.26     15      3  347.8  348.9  347.9
  250.0  11010  -38.5  -49.5     30   0.17     60      6  348.7  349.4  348.7
  247.0  11093  -39.2  -50.7     28   0.15     65      9  348.9  349.5  348.9
  244.0  11176  -39.9  -51.9     27   0.13     65      9  349.0  349.6  349.1
  216.0  11988  -46.8                          60     14  350.8         350.8
  200.0  12500  -51.1                          80     19  351.7         351.7
  179.0  13194  -56.9                          95     31  353.6         353.6
  150.0  14300  -66.1                          95     29  356.0         356.0
  133.0  15018  -72.5                          95     28  357.1         357.1
  100.0  16650  -83.1                          95     26  366.9         366.9
   92.0  17112  -84.7                         100     33  372.6         372.6
   85.1  17544  -83.1                          96     33  384.2         384.2
   83.0  17684  -81.6                          95     33  390.1         390.1
   81.8  17766  -80.7                          91     31  393.5         393.5
   80.3  17871  -76.9                          87     28  403.4         403.4
   75.0  18264  -77.0                          70     19  411.1         411.1
   71.0  18579  -77.1                          80     13  417.5         417.5
   70.0  18660  -77.1                          90     12  419.1         419.1
   67.0  18912  -77.4                         110     15  423.8         423.8
   63.5  19220  -77.7                         102     16  429.6         429.6
   58.1  19734  -74.1                          88     18  448.8         448.8
   52.0  20381  -74.5                          70     20  462.2         462.2
   50.1  20598  -74.7                          79     17  466.8         466.8
   50.0  20610  -74.7                          80     17  467.1         467.1
   44.9  21235  -73.5                          76     30  484.6         484.6
   44.0  21355  -71.7                          75     32  491.8         491.8
   42.3  21587  -68.1                          92     31  506.2         506.2
   42.0  21631  -67.8                          95     31  507.9         507.9
   35.0  22751  -60.6                          80     34  554.0         554.0
   33.0  23112  -58.2                         100     48  569.6         569.6
   32.4  23224  -57.5                          95     47  574.5         574.5
   30.0  23710  -56.5                          75     42  590.0         590.0
   29.0  23924  -56.7                          75     38  595.1         595.1
   25.0  24862  -57.7                          85     32  618.1         618.1
   24.3  25042  -57.9                          88     35  622.6         622.6
   23.0  25390  -57.0                          95     42  635.2         635.2
   22.1  25642  -56.3                                     644.5         644.5
