-----------------------------------------------------------------------------
   PRES   HGHT   TEMP   DWPT   RELH   MIXR   DRCT   SKNT   THTA   THTE   THTV
    hPa     m      C      C      %    g/kg    deg   knot     K      K      K 
-----------------------------------------------------------------------------
 1000.0     53                                                               
  990.0    108   25.8   24.3     91  19.78    280      5  299.8  358.0  303.3
  989.0    117   24.2   22.9     92  18.15    280      5  298.3  351.2  301.5
  974.0    260   25.6   23.8     90  19.50    278     10  301.0  358.6  304.5
  925.0    740   23.2   21.8     92  18.14    270     25  303.0  357.1  306.3
  878.0   1195   21.0   18.5     86  15.48    260     26  305.3  351.8  308.1
  850.0   1478   19.6   16.4     82  14.00    265     24  306.7  349.0  309.2
  771.0   2316   15.4   13.4     88  12.69    260     15  310.8  349.9  313.2
  764.0   2394   14.8   12.9     88  12.39    260     14  310.9  349.1  313.3
  753.0   2517   13.8   12.1     89  11.92    258     14  311.2  348.0  313.4
  751.0   2540   13.6   11.9     89  11.79    258     14  311.2  347.6  313.4
  750.0   2551   14.2    9.5     73  10.03    258     14  312.0  343.2  313.9
  700.0   3133   11.0    7.3     78   9.25    250     14  314.6  343.8  316.4
  686.0   3301   10.0    7.0     82   9.27    260     14  315.4  344.6  317.1
  662.0   3598    8.3    6.6     89   9.31    275     13  316.6  346.2  318.4
  658.0   3648    8.0    6.5     90   9.31    268     13  316.9  346.4  318.6
  640.0   3878    7.4    6.0     91   9.25    238     12  318.7  348.3  320.5
  638.0   3904    7.3    6.0     91   9.25    235     12  318.9  348.5  320.7
  635.0   3943    7.2    5.9     91   9.26    234     12  319.2  348.9  321.0
  628.0   4034    7.0    2.8     75   7.51    231     12  320.0  344.3  321.4
  622.0   4114    7.2   -2.8     49   5.03    228     12  321.1  337.7  322.1
  620.0   4140    7.4   -4.6     42   4.41    227     12  321.6  336.3  322.5
  618.0   4167    7.0   -5.0     42   4.29    226     12  321.4  335.8  322.3
  615.0   4207    6.6   -1.4     57   5.65    225     12  321.4  340.1  322.5
  614.0   4220    6.2    4.0     86   8.37    226     12  321.1  348.3  322.7
  572.0   4798    2.7    1.4     91   7.45    285     10  323.5  348.0  325.0
  560.0   4971    1.6    0.6     93   7.19    271     11  324.2  348.0  325.7
  557.0   5015    1.4    0.4     93   7.13    267     11  324.5  348.0  325.9
  554.0   5058    1.2   -2.3     77   5.87    264     11  324.8  344.3  325.9
  550.0   5117    1.4   -5.6     60   4.61    259     12  325.7  341.3  326.6
  536.0   5324    0.0   -3.1     80   5.71    241     13  326.4  345.6  327.6
  531.0   5399   -0.5   -3.0     83   5.81    235     13  326.8  346.2  327.9
  513.0   5675   -2.1   -2.7     96   6.15    257     16  328.0  348.7  329.2
  511.0   5707   -2.2   -2.7     96   6.18    260     16  328.3  349.1  329.5
  500.0   5880   -2.5   -2.7     99   6.32    250     13  329.9  351.3  331.2
  498.0   5912   -2.7   -3.0     98   6.20    244     13  330.1  351.1  331.3
  492.0   6007   -3.1   -4.2     93   5.74    225     11  330.6  350.2  331.8
  472.0   6334   -4.7   -8.2     76   4.39    224     10  332.7  347.9  333.6
  468.0   6400   -4.9   -7.8     80   4.57    223     10  333.2  349.1  334.2
  466.0   6434   -5.1   -8.1     79   4.48    223     10  333.4  349.0  334.3
  465.0   6451   -4.9   -8.3     77   4.42    223     10  333.9  349.3  334.8
  464.0   6467   -4.5  -12.5     54   3.17    223     10  334.6  345.8  335.2
  436.0   6951   -8.9  -12.1     78   3.49    221      9  335.0  347.3  335.7
  422.0   7201  -10.4  -13.6     77   3.19    220      9  336.2  347.6  336.8
  406.0   7496  -12.2  -15.4     77   2.86    260     17  337.6  347.9  338.2
  400.0   7610  -12.9  -16.1     77   2.74    255     18  338.1  348.1  338.7
  360.0   8403  -17.6  -20.2     80   2.14    235     12  342.1  350.1  342.6
  333.0   8989  -21.1  -23.3     83   1.77    300      5  345.1  351.8  345.4
  323.0   9219  -22.5  -24.5     84   1.64    306      5  346.2  352.5  346.5
  300.0   9760  -26.1  -28.2     82   1.26    320      6  348.5  353.4  348.8
  294.0   9903  -27.3  -29.5     81   1.13    330      4  348.8  353.3  349.0
  282.0  10198  -29.8  -32.3     78   0.91    255      4  349.4  353.1  349.6
  270.0  10505  -32.3  -35.2     76   0.71    270      5  350.1  353.0  350.2
  259.0  10800  -34.8  -38.0     73   0.56     10      1  350.6  352.9  350.7
  250.0  11050  -36.9  -40.3     71   0.46     90      2  351.1  353.0  351.2
  248.0  11105  -37.4  -40.7     71   0.44    105      2  351.2  353.1  351.3
  237.0  11416  -39.9  -42.7     74   0.38     97      5  351.9  353.5  352.0
  227.0  11704  -42.3                          90      8  352.6         352.6
  200.0  12550  -49.3                         105     10  354.5         354.5
  198.0  12613  -49.9                         100     11  354.7         354.7
  181.0  13178  -54.9                          80     12  355.8         355.8
  150.0  14360  -65.3                         115     30  357.4         357.4
  140.0  14775  -68.9                         124     33  358.2         358.2
  128.0  15293  -72.4                         135     38  361.3         361.3
  100.0  16720  -81.9                         100     18  369.2         369.2
   93.0  17119  -84.5                          80     13  371.8         371.8
   82.4  17784  -88.9                          82     18  376.0         376.0
   80.0  17943  -90.1                          83     19  376.7         376.7
   79.8  17956  -90.1                          83     19  376.9         376.9
   79.7  17963  -90.1                          83     19  377.1         377.1
   79.6  17970  -90.1                          83     19  377.2         377.2
   79.5  17976  -90.1                          83     19  377.4         377.4
   79.4  17983  -90.1                          83     19  377.5         377.5
   79.3  17990  -89.9                          83     20  378.0         378.0
   79.2  17997  -89.7                          83     20  378.6         378.6
   79.1  18003  -89.3                          83     20  379.6         379.6
   79.0  18010  -88.9                          83     20  380.5         380.5
   78.9  18017  -87.9                          83     20  382.7         382.7
   78.8  18024  -87.7                          83     20  383.3         383.3
   78.7  18031  -78.1                          83     20  403.3         403.3
   71.0  18624  -74.9                          85     24  422.1         422.1
   70.1  18698  -74.5                                     424.5         424.5
