-----------------------------------------------------------------------------
   PRES   HGHT   TEMP   DWPT   RELH   MIXR   DRCT   SKNT   THTA   THTE   THTV
    hPa     m      C      C      %    g/kg    deg   knot     K      K      K 
-----------------------------------------------------------------------------
 1000.0     95                                                               
  995.0    108   26.8   24.2     86  19.55     30      4  300.4  358.0  303.9
  977.0    276   25.6   22.8     84  18.29    350      3  300.8  354.8  304.1
  925.0    779   22.2   18.7     81  14.90    330     14  302.0  346.2  304.7
  921.0    817   21.8   18.9     84  15.16    328     14  302.0  346.9  304.7
  912.0    902   21.5   18.2     81  14.61    325     14  302.5  345.9  305.1
  888.0   1134   20.6   16.2     76  13.22    294     16  303.9  343.4  306.3
  881.0   1202   21.3   13.8     62  11.34    285     17  305.3  339.6  307.4
  880.0   1212   21.4   13.4     60  11.10    284     17  305.5  339.1  307.5
  852.0   1492   20.1   10.2     53   9.27    270     18  307.0  335.3  308.7
  850.0   1512   20.0   10.0     53   9.15    270     18  307.1  335.1  308.8
  816.0   1864   17.8    6.8     49   7.65    291     10  308.4  332.0  309.8
  794.0   2097   16.2   10.1     67   9.86    305      5  309.1  339.4  310.9
  788.0   2162   15.8   11.0     73  10.57    302      5  309.3  341.8  311.3
  767.0   2391   14.0   10.4     79  10.46    290      3  309.7  341.9  311.7
  747.0   2615   12.2    9.9     86  10.35    308      5  310.1  342.1  312.1
  714.0   2994   10.5    7.9     84   9.44    340      8  312.3  341.8  314.1
  700.0   3160    9.8    7.0     83   9.06    355      6  313.3  341.7  315.0
  688.0   3304    9.6    6.1     79   8.65    345      5  314.6  341.9  316.2
  679.0   3413    9.4    5.4     76   8.35      2      5  315.6  342.1  317.2
  664.0   3597    8.1    4.7     79   8.12     30      5  316.2  342.0  317.7
  640.0   3900    6.0    3.5     84   7.75     25      4  317.1  341.9  318.6
  638.0   3926    5.8    3.4     85   7.72     22      4  317.2  341.9  318.6
  617.0   4200    5.4    2.8     83   7.62    345      2  319.8  344.4  321.2
  606.0   4347    5.2    2.4     82   7.57    357      3  321.2  345.8  322.6
  595.0   4495    4.3    1.4     81   7.16     10      5  321.8  345.2  323.2
  573.0   4800    2.5   -0.7     80   6.38    350      6  323.1  344.2  324.4
  552.0   5102    0.6   -2.8     78   5.68     20      5  324.4  343.4  325.6
  545.0   5205    0.0   -3.5     77   5.45     27      5  324.9  343.1  325.9
  512.0   5702   -2.7   -8.3     65   4.00     60      4  327.5  341.2  328.3
  507.0   5780   -3.1   -9.1     63   3.81     48      4  327.9  341.0  328.6
  500.0   5890   -3.7   -8.2     71   4.15     30      3  328.5  342.7  329.3
  493.0   6001   -4.8   -8.1     78   4.25      0      2  328.4  342.9  329.2
  489.0   6066   -5.5   -8.0     83   4.31     10      2  328.4  343.1  329.2
  475.0   6293   -6.5  -10.4     73   3.65     45      4  329.9  342.5  330.6
  457.0   6596   -7.8  -13.7     63   2.92    315      3  331.9  342.2  332.4
  456.0   6613   -7.9  -13.9     62   2.88    315      3  332.0  342.2  332.6
  427.0   7121  -11.5  -15.6     72   2.67    306     10  333.7  343.2  334.2
  423.0   7193  -12.0  -16.9     67   2.42    305     11  334.0  342.7  334.5
  400.0   7620  -14.7  -24.7     42   1.30    325     10  335.8  340.7  336.1
  395.0   7715  -15.1  -27.1     35   1.06    328     10  336.5  340.5  336.7
  391.0   7792  -15.6  -28.1     34   0.98    330     10  336.8  340.5  337.0
  376.0   8086  -17.7  -31.7     28   0.72    358      7  337.8  340.6  338.0
  375.0   8106  -17.9  -31.6     29   0.73      0      7  337.9  340.7  338.0
  363.0   8348  -19.7  -30.7     37   0.82     17     10  338.6  341.8  338.7
  361.0   8389  -20.1  -29.1     45   0.96     20     10  338.6  342.3  338.8
  360.0   8410  -20.3  -28.3     49   1.04     22     10  338.6  342.5  338.8
  357.0   8472  -20.7  -27.7     53   1.11     27     10  338.8  343.1  339.1
  351.0   8597  -20.9  -32.9     33   0.69     38     11  340.2  342.9  340.4
  319.0   9293  -25.4  -42.3     19   0.29    100     14  343.4  344.6  343.4
  300.0   9740  -28.3  -48.3     13   0.16    120     16  345.4  346.1  345.4
  286.0  10080  -31.3  -50.3     14   0.13    120     17  345.8  346.4  345.9
  281.0  10203  -32.1  -51.2     13   0.12    120     17  346.4  347.0  346.4
  250.0  11020  -37.5  -57.5     11   0.06     90      8  350.2  350.5  350.2
  247.0  11103  -38.3  -58.0     11   0.06     90      8  350.2  350.5  350.2
  240.0  11299  -40.1  -59.1     11   0.06     96      9  350.4  350.6  350.4
  216.0  11999  -46.2                         120     12  351.6         351.6
  200.0  12510  -50.7                          90     16  352.3         352.3
  188.0  12899  -54.0                          60     18  353.3         353.3
  150.0  14320  -66.1                          75     29  356.0         356.0
  141.0  14677  -68.8                          70     30  357.6         357.6
  121.0  15560  -75.5                          70     14  361.3         361.3
  109.0  16163  -80.1                         110     19  363.6         363.6
  100.0  16660  -83.9                         115     30  365.4         365.4
   93.2  17055  -81.5                         123     27  377.5         377.5
   88.0  17377  -83.2                         130     24  380.5         380.5
   84.6  17597  -84.3                         119     21  382.5         382.5
   79.0  17985  -79.8                         100     16  399.4         399.4
   76.6  18159  -77.7                          73     12  407.2         407.2
   71.0  18598  -76.3                           5      3  419.0         419.0
   70.0  18680  -76.1                         345      4  421.3         421.3
   67.5  18888  -76.7                           3      6  424.4         424.4
   64.0  19195  -74.0                          30     10  436.8         436.8
   62.9  19295  -73.1                          25     10  440.9         440.9
   61.0  19473  -73.7                          15      9  443.4         443.4
   58.2  19746  -74.7                          76     13  447.2         447.2
   58.0  19766  -74.7                          80     13  447.7         447.7
   56.3  19938  -74.5                          79     15  451.9         451.9
   53.8  20204  -69.1                          77     18  470.3         470.3
   52.0  20406  -68.5                          75     20  476.2         476.2
   50.0  20640  -67.9                         100     22  483.1         483.1
   43.4  21497  -64.9                          90     28  510.4         510.4
   38.3  22258  -65.5                          81     34  527.4         527.4
   35.7  22688  -63.5                          76     37  543.3         543.3
   35.0  22811  -61.8                          75     38  550.8         550.8
   33.7  23046  -58.5                          77     37  565.5         565.5
   30.0  23780  -56.9                          85     32  588.9         588.9
   29.8  23822  -56.9                          84     32  590.1         590.1
   29.0  23993  -57.6                          80     31  592.7         592.7
   26.0  24678  -60.5                          65     12  603.3         603.3
   25.6  24775  -60.9                          75     15  604.8         604.8
   24.0  25182  -58.7                         115     25  622.4         622.4
   22.0  25730  -55.8                         115     42  646.8         646.8
   21.3  25934  -54.7                                     656.1         656.1
