-----------------------------------------------------------------------------
   PRES   HGHT   TEMP   DWPT   RELH   MIXR   DRCT   SKNT   THTA   THTE   THTV
    hPa     m      C      C      %    g/kg    deg   knot     K      K      K 
-----------------------------------------------------------------------------
 1000.0     79                                                               
  993.0    108   27.6   24.7     84  20.21    240      6  301.4  361.2  305.0
  975.0    279   26.5   23.7     85  19.41    275      7  301.8  359.4  305.3
  943.0    591   24.4   22.0     86  18.01    280     12  302.6  356.1  305.8
  925.0    770   24.2   19.3     74  15.48    260     13  304.1  350.4  306.9
  922.0    799   24.2   18.2     69  14.48    260     13  304.3  347.7  307.0
  911.0    903   23.7   17.7     69  14.19    260     14  304.9  347.5  307.4
  881.0   1195   22.3   16.3     69  13.41    280     16  306.3  346.9  308.8
  850.0   1508   20.8   14.8     69  12.61    275     14  307.9  346.3  310.2
  739.0   2700   13.0   10.8     87  11.12    230      8  312.0  346.5  314.0
  734.0   2758   12.6   10.6     88  11.05    231      8  312.1  346.5  314.2
  711.0   3024   10.8    8.8     87  10.10    237      8  313.0  344.5  314.9
  700.0   3154   10.8    6.4     74   8.69    240      8  314.4  341.8  316.1
  699.0   3166   10.8    4.8     66   7.77    240      8  314.5  339.2  316.0
  688.0   3298   10.3    2.4     58   6.63    240      8  315.4  336.6  316.7
  682.0   3372   10.0    1.0     54   6.07    240      8  315.9  335.4  317.0
  664.0   3594    8.5    2.6     67   7.03    240      9  316.6  339.1  317.9
  656.0   3694    7.8    3.4     74   7.50    248     10  316.9  340.9  318.4
  654.0   3720    7.8    4.6     80   8.20    250     10  317.2  343.4  318.8
  645.0   3834    8.2   -3.8     42   4.50    260     11  318.9  333.8  319.8
  643.0   3860    8.0    1.0     61   6.44    262     11  319.0  339.9  320.2
  640.0   3898    7.8    0.8     61   6.40    265     11  319.1  339.9  320.4
  595.0   4493    4.4   -1.6     65   5.75    295     10  321.9  340.9  323.1
  573.0   4800    2.7   -2.9     67   5.44    290      9  323.4  341.4  324.4
  552.0   5105    0.9   -4.1     69   5.14    320      8  324.8  342.0  325.8
  541.0   5269    0.0   -4.8     70   4.98    350      6  325.6  342.3  326.5
  537.0   5329   -0.5   -5.2     71   4.86      1      6  325.6  342.1  326.6
  532.0   5404    0.2  -10.2     46   3.33     15      5  327.4  338.9  328.1
  528.0   5464    0.8  -14.2     32   2.43     26      5  328.8  337.4  329.3
  513.0   5695   -1.1  -12.8     40   2.79     70      7  329.2  339.0  329.8
  505.0   5821   -2.1  -12.1     46   3.01     79      8  329.5  340.0  330.1
  500.0   5900   -2.5  -14.5     39   2.50     85      8  329.9  338.8  330.4
  484.0   6157   -4.1  -18.1     33   1.91    104      9  331.0  337.9  331.4
  475.0   6304   -5.3  -17.0     39   2.14    115      9  331.4  339.0  331.8
  457.0   6606   -7.7  -14.7     57   2.69     92      7  332.0  341.6  332.6
  446.0   6795   -8.7  -19.7     41   1.81     78      7  333.1  339.7  333.4
  440.0   6899   -9.2  -19.6     43   1.85     70      6  333.7  340.5  334.1
  437.0   6952   -9.5  -19.5     44   1.88     70      6  334.0  340.9  334.4
  426.0   7149  -10.1  -25.1     28   1.18     72      6  335.7  340.1  335.9
  407.0   7497  -12.6  -21.8     46   1.66     75      5  336.9  343.1  337.2
  400.0   7630  -13.5  -20.5     56   1.88     85      6  337.4  344.3  337.7
  394.0   7744  -14.1  -20.1     60   1.98     95      5  338.0  345.3  338.4
  391.0   7802  -13.9  -26.9     32   1.09    100      5  339.0  343.2  339.3
  376.0   8095  -15.6  -33.4     20   0.61     70      7  340.6  343.0  340.7
  357.0   8483  -17.9  -41.9     10   0.27     78     10  342.6  343.7  342.6
  319.0   9303  -24.5  -42.7     17   0.28     95     15  344.6  345.8  344.7
  300.0   9750  -28.1  -43.1     22   0.28     90     16  345.7  346.9  345.7
  294.0   9892  -29.1  -44.1     22   0.26     90     15  346.2  347.3  346.2
  270.0  10490  -33.5  -48.5     21   0.17    135     17  348.3  349.1  348.4
  259.0  10782  -35.7  -50.7     20   0.14    140     15  349.3  350.0  349.4
  250.0  11030  -37.5  -52.5     19   0.12    125     16  350.2  350.7  350.2
  240.0  11310  -40.1  -50.1     33   0.16    113     17  350.4  351.1  350.4
  217.0  11984  -45.4                          85     21  352.4         352.4
  200.0  12530  -49.7                         100     26  353.9         353.9
  172.0  13484  -57.6                         110     19  356.5         356.5
  156.0  14102  -62.6                         105     26  357.9         357.9
  150.0  14350  -64.7                          90     29  358.4         358.4
  128.0  15277  -71.7                          55     40  362.4         362.4
  116.0  15852  -76.1                          45     21  364.6         364.6
  104.0  16491  -81.0                         100     15  366.9         366.9
  100.0  16720  -82.7                         100     20  367.7         367.7
   91.8  17193  -86.3                          90     27  369.7         369.7
   89.0  17362  -86.5                          80     19  372.5         372.5
   84.0  17678  -86.9                          75      5  377.9         377.9
   79.4  17985  -87.3                          43      5  383.3         383.3
   78.1  18076  -84.9                          33      6  390.1         390.1
   75.0  18299  -84.9                          10      6  394.6         394.6
   71.9  18532  -84.9                          79     13  399.4         399.4
   71.0  18602  -84.3                         100     15  402.0         402.0
   70.0  18680  -83.7                         105     20  405.0         405.0
   67.9  18849  -82.3                          98     26  411.6         411.6
   64.2  19167  -75.9                          86     36  432.2         432.2
   64.0  19185  -75.9                          85     37  432.6         432.6
   61.0  19461  -75.7                          85     33  439.0         439.0
   57.0  19857  -70.5                          85     28  459.4         459.4
   51.7  20439  -67.1                          85     20  480.3         480.3
   50.0  20640  -68.3                          85     17  482.1         482.1
   49.4  20712  -68.7                          85     17  482.9         482.9
   43.0  21560  -61.6                          80     16  519.8         519.8
   41.9  21718  -60.3                          91     16  526.9         526.9
   41.0  21853  -60.7                         100     16  529.1         529.1
   37.5  22406  -62.5                          87     19  538.2         538.2
   32.0  23397  -58.5                          65     23  573.8         573.8
   31.0  23595  -57.7                          80     23  581.2         581.2
   30.0  23800  -56.9                          80     24  588.9         588.9
   29.4  23928  -56.7                                     592.9         592.9
