-----------------------------------------------------------------------------
   PRES   HGHT   TEMP   DWPT   RELH   MIXR   DRCT   SKNT   THTA   THTE   THTV
    hPa     m      C      C      %    g/kg    deg   knot     K      K      K 
-----------------------------------------------------------------------------
 1000.0     95                                                               
  995.0    108   26.6   21.6     74  16.62    220      2  300.2  349.1  303.2
  977.0    277   25.6   21.1     76  16.36    320      4  300.7  348.9  303.6
  925.0    785   22.4   19.4     83  15.58    295      8  302.2  348.4  305.0
  913.0    899   21.8   18.6     82  14.99    295      9  302.8  347.4  305.5
  900.0   1025   21.2   17.7     80  14.37    299      9  303.4  346.2  306.0
  872.0   1300   20.6   13.6     64  11.35    308      8  305.5  339.8  307.6
  850.0   1522   19.6   12.6     64  10.90    315      8  306.7  339.8  308.7
  823.0   1798   17.5   12.3     71  11.00    315      5  307.3  340.8  309.4
  794.0   2104   15.2   11.9     80  11.12     40      1  308.1  342.0  310.1
  781.0   2245   14.2   11.7     85  11.18     61      2  308.4  342.6  310.4
  767.0   2397   13.5   10.6     83  10.57     85      3  309.2  341.6  311.2
  740.0   2697   12.0    8.4     78   9.43     50      3  310.8  340.0  312.6
  707.0   3080   10.2    5.6     73   8.13     83      4  312.9  338.4  314.4
  700.0   3163    9.6    6.6     82   8.81     90      4  313.1  340.7  314.8
  686.0   3331    8.2    7.0     92   9.24     92      3  313.3  342.3  315.1
  664.0   3601    5.8    4.2     89   7.86     95      2  313.6  338.4  315.1
  660.0   3650    5.4    3.7     89   7.62     72      2  313.7  337.7  315.1
  650.0   3776    5.2    2.1     80   6.90     14      3  314.8  336.8  316.1
  642.0   3877    4.8    2.6     86   7.24    327      4  315.5  338.5  316.9
  640.0   3903    4.9    0.2     72   6.11    315      4  315.9  335.5  317.1
  635.0   3967    5.2   -5.8     45   3.93    310      5  316.9  329.9  317.7
  627.0   4071    4.8  -10.2     33   2.82    301      7  317.6  327.1  318.1
  617.0   4202    3.8   -2.2     65   5.30    290     10  317.9  335.2  318.9
  602.0   4403    2.8   -2.2     70   5.44    291      9  319.0  336.8  320.1
  588.0   4594    2.0  -10.0     41   3.06    293      9  320.2  330.6  320.8
  583.0   4663    1.6  -12.4     35   2.54    293      9  320.6  329.2  321.0
  577.0   4746    0.8   -7.2     55   3.88    294      9  320.6  333.5  321.3
  571.0   4830    0.8  -20.2     19   1.35    294      8  321.5  326.3  321.8
  566.0   4901    0.8  -25.2     12   0.88    295      8  322.3  325.5  322.5
  559.0   5001    0.0  -17.0     27   1.82    295      8  322.5  328.9  322.9
  556.0   5044    0.2  -23.8     15   1.01    296      8  323.3  326.9  323.5
  547.0   5175   -0.7  -25.7     13   0.87    296      7  323.7  326.9  323.9
  541.0   5263   -1.1  -25.1     14   0.93    297      7  324.2  327.6  324.4
  539.0   5293   -1.1  -26.1     13   0.85    297      7  324.6  327.7  324.8
  538.0   5308   -1.1  -28.1     11   0.71    297      7  324.8  327.4  324.9
  534.0   5368   -1.7   -9.7     54   3.45    298      7  324.7  336.5  325.4
  518.0   5610   -3.3  -10.3     58   3.39    299      6  325.6  337.3  326.3
  512.0   5702   -3.9  -10.9     58   3.27    300      6  326.0  337.2  326.6
  507.0   5780   -3.7  -16.7     36   2.05    300      5  327.2  334.4  327.6
  506.0   5796   -3.5  -25.5     16   0.95    300      5  327.6  331.1  327.8
  500.0   5890   -3.7  -25.7     16   0.95    300      4  328.5  332.0  328.6
  499.0   5906   -3.7  -23.7     20   1.14    299      4  328.6  332.9  328.9
  493.0   6001   -4.4  -25.6     17   0.97    290      4  328.9  332.5  329.1
  479.0   6228   -6.1  -30.1     13   0.66    316      3  329.6  332.1  329.7
  474.0   6309   -6.6  -27.7     17   0.83    325      2  329.9  333.0  330.1
  457.0   6594   -8.5  -19.5     41   1.80     50      5  331.0  337.5  331.4
  456.0   6611   -8.5  -18.5     44   1.96     55      5  331.2  338.3  331.6
  449.0   6731   -8.3  -11.7     76   3.50     55      4  332.9  345.2  333.6
  439.0   6906   -9.7  -12.5     80   3.35     55      3  333.4  345.2  334.0
  426.0   7138  -11.5  -13.6     84   3.16    124      3  333.9  345.1  334.5
  423.0   7192  -10.9  -20.9     44   1.72    140      3  335.3  341.7  335.7
  422.0   7210  -11.0  -22.5     38   1.50    145      3  335.4  341.0  335.7
  421.0   7229  -11.1  -24.1     33   1.30    146      3  335.5  340.4  335.8
  417.0   7302  -11.7  -23.7     36   1.36    150      3  335.7  340.8  335.9
  415.0   7339  -11.9  -23.9     36   1.34    151      3  335.9  340.9  336.2
  414.0   7357  -12.1  -23.1     40   1.45    152      3  335.9  341.2  336.1
  413.0   7376  -12.3  -23.3     39   1.43    153      3  335.8  341.1  336.1
  412.0   7394  -12.5  -22.5     43   1.53    154      3  335.8  341.5  336.1
  411.0   7413  -12.5  -15.8     76   2.73    155      3  336.0  345.9  336.6
  406.0   7506  -13.0  -16.4     76   2.63    160      3  336.5  346.0  337.1
  400.0   7620  -13.7  -17.1     75   2.52    125      2  337.1  346.2  337.6
  390.0   7811  -14.4  -19.1     68   2.18     90      6  338.6  346.6  339.0
  379.0   8027  -15.3  -21.3     60   1.85     75      6  340.2  347.1  340.6
  361.0   8388  -18.1  -23.4     63   1.62     50      7  341.3  347.4  341.6
  346.0   8703  -20.5  -25.2     66   1.44     75      4  342.2  347.6  342.5
  334.0   8965  -22.5  -26.7     69   1.30    118      7  342.9  347.9  343.1
  332.0   9009  -22.8  -27.2     67   1.24    125      7  343.0  347.8  343.3
  328.0   9098  -23.5  -28.3     65   1.14    121      7  343.3  347.7  343.5
  324.0   9187  -24.3  -34.3     39   0.65    118      8  343.4  346.0  343.5
  321.0   9254  -24.7  -36.7     32   0.52    115      8  343.8  345.8  343.9
  305.0   9622  -28.3  -31.9     71   0.87    100     10  343.8  347.2  343.9
  300.0   9740  -29.3  -31.3     83   0.94     95     10  344.0  347.6  344.2
  293.0   9909  -30.5  -33.1     78   0.81     85     10  344.6  347.8  344.8
  284.0  10130  -31.9  -37.9     55   0.52     87     12  345.7  347.8  345.8
  283.0  10155  -32.1  -41.1     40   0.37     87     12  345.7  347.3  345.8
  281.0  10206  -32.5  -44.5     29   0.26     88     13  345.9  347.0  345.9
  279.0  10256  -32.9  -45.9     26   0.23     88     13  346.0  346.9  346.0
  278.0  10281  -33.1  -48.1     21   0.18     88     13  346.1  346.8  346.1
  277.0  10307  -33.3  -48.3     21   0.17     88     13  346.1  346.9  346.2
  275.0  10358  -33.7  -40.7     49   0.40     89     14  346.3  347.9  346.4
  270.0  10485  -34.8  -41.8     49   0.36     90     15  346.5  348.0  346.6
  250.0  11020  -39.3  -46.3     47   0.24     75     11  347.5  348.5  347.6
  246.0  11130  -39.9  -44.9     59   0.29     71     12  348.2  349.4  348.3
  216.0  11997  -47.1                          40     17  350.3         350.3
  200.0  12510  -51.3                          50     19  351.4         351.4
  171.0  13490  -59.4                          70     37  354.1         354.1
  150.0  14310  -66.1                          90     52  356.0         356.0
  121.0  15555  -75.7                          95     64  361.0         361.0
  104.0  16432  -82.5                          90     36  364.0         364.0
  103.0  16486  -82.3                          90     36  365.3         365.3
  100.0  16650  -81.9                          90     42  369.2         369.2
   89.3  17283  -83.9                          77     42  377.4         377.4
   88.0  17365  -83.6                          75     42  379.5         379.5
   84.4  17598  -82.9                          71     35  385.6         385.6
   79.6  17931  -76.7                          66     26  404.8         404.8
   75.0  18274  -77.8                          60     16  409.4         409.4
   72.5  18469  -78.5                          82     15  412.0         412.0
   71.0  18589  -77.9                          95     15  415.7         415.7
   70.0  18670  -77.5                          95     18  418.3         418.3
   67.0  18919  -77.8                          85     23  422.8         422.8
   64.6  19127  -78.1                          99     23  426.7         426.7
   62.1  19353  -76.1                         113     22  435.9         435.9
   61.0  19457  -72.4                         120     22  446.5         446.5
   60.4  19514  -70.3                         112     20  452.3         452.3
   58.9  19664  -67.7                          92     14  461.4         461.4
   58.0  19756  -67.7                          80     11  463.4         463.4
   55.0  20074  -67.9                          70     13  470.1         470.1
   54.9  20085  -67.9                          71     13  470.3         470.3
   52.7  20331  -64.9                          92     12  482.8         482.8
   50.0  20650  -65.7                         120     10  488.2         488.2
   41.7  21740  -70.9                          85     21  501.3         501.3
   41.0  21841  -70.5                          90     21  504.6         504.6
   39.0  22141  -69.5                         105     15  514.5         514.5
   37.0  22456  -68.4                          85     23  525.2         525.2
   34.1  22945  -66.7                          85     27  542.0         542.0
   31.7  23389  -64.9                          85     30  558.3         558.3
   30.3  23668  -60.1                          85     32  578.6         578.6
   30.0  23730  -59.7                          85     32  581.3         581.3
   24.5  25003  -56.7                          88     40  624.6         624.6
   21.7  25780  -51.5                          89     46  662.2         662.2
   20.0  26310  -50.1                          90     49  682.1         682.1
   19.0  26644  -50.9                          90     46  689.6         689.6
   18.8  26713  -51.1                          90     46  691.1         691.1
   17.6  27144  -48.5                          90     48  712.5         712.5
   15.0  28197  -48.0                          90     52  747.4         747.4
   14.4  28466  -47.9                                     756.6         756.6
