-----------------------------------------------------------------------------
   PRES   HGHT   TEMP   DWPT   RELH   MIXR   DRCT   SKNT   THTA   THTE   THTV
    hPa     m      C      C      %    g/kg    deg   knot     K      K      K 
-----------------------------------------------------------------------------
 1000.0     99                                                               
  995.0    108   26.4   23.6     85  18.84    160     12  300.0  355.4  303.4
  994.0    117   27.6   21.6     70  16.64    164     12  301.3  350.5  304.3
  990.0    155   28.6   21.6     66  16.71    178     11  302.6  352.3  305.6
  978.0    269   27.7   21.1     67  16.39    220      8  302.8  351.6  305.8
  925.0    788   23.8   18.8     74  15.00    235      5  303.6  348.4  306.4
  924.0    797   23.4   18.4     74  14.63    236      5  303.3  347.0  306.0
  914.0    892   22.8   18.6     77  14.94    250      8  303.6  348.3  306.4
  885.0   1173   21.0   19.0     88  15.89    282      7  304.6  352.2  307.5
  882.0   1202   20.9   18.8     88  15.78    285      7  304.7  352.1  307.6
  852.0   1502   19.3   17.2     88  14.72    240     10  306.1  350.6  308.9
  850.0   1522   19.2   17.1     88  14.65    240     10  306.2  350.5  308.9
  823.0   1798   17.7   15.1     85  13.32    260      8  307.5  348.0  310.0
  795.0   2093   16.1   13.0     82  12.01    250      3  308.9  345.6  311.1
  767.0   2399   14.5   10.9     79  10.76    270      2  310.3  343.5  312.3
  765.0   2422   14.4   10.7     78  10.67    266      2  310.4  343.4  312.4
  714.0   2999   10.1    8.7     91   9.97    170      6  311.8  342.8  313.7
  700.0   3165    8.8    8.1     95   9.77    185      7  312.2  342.6  314.0
  699.0   3177    8.6    7.9     95   9.65    185      7  312.1  342.2  313.9
  689.0   3296    7.9    7.2     95   9.30    190      7  312.6  341.7  314.4
  664.0   3601    6.2    5.2     93   8.44    185      5  314.0  340.6  315.6
  640.0   3904    4.5    3.3     92   7.65    270      3  315.4  339.7  316.9
  636.0   3956    4.2    3.0     92   7.52    278      3  315.6  339.6  317.1
  617.0   4202    3.2    2.2     94   7.35    315      4  317.2  340.8  318.6
  595.0   4497    2.0    1.4     96   7.15    165      3  319.1  342.2  320.5
  561.0   4975    0.0   -0.1     99   6.82    134      8  322.2  344.6  323.5
  552.0   5104   -0.9   -1.1     98   6.44    125      9  322.6  343.8  323.9
  530.0   5430   -3.1   -3.6     96   5.57    155      8  323.8  342.3  324.9
  522.0   5550   -5.7  -11.7     63   3.01    166      8  322.0  332.3  322.6
  519.0   5595   -5.3  -15.3     45   2.25    170      8  323.1  330.9  323.5
  512.0   5703   -4.2  -16.0     40   2.16    180      8  325.6  333.1  326.0
  511.0   5718   -4.1  -16.1     39   2.14    178      8  325.9  333.5  326.4
  506.0   5796   -4.5  -11.5     58   3.15    165      8  326.4  337.3  327.0
  500.0   5890   -5.3   -8.1     81   4.18    150      8  326.5  340.7  327.3
  499.0   5906   -5.3   -7.7     83   4.32    147      8  326.7  341.4  327.6
  493.0   6001   -5.5   -9.4     74   3.82    130     10  327.6  340.8  328.4
  491.0   6033   -5.5  -10.0     71   3.66    131     10  328.0  340.6  328.7
  483.0   6162   -6.3   -9.4     79   3.91    136     11  328.5  342.0  329.3
  480.0   6211   -5.5  -17.5     38   2.03    138     12  330.1  337.4  330.5
  477.0   6260   -5.7  -21.7     27   1.42    140     12  330.4  335.6  330.7
  469.0   6393   -6.5  -14.5     53   2.67    145     13  331.1  340.5  331.6
  467.0   6426   -6.7  -14.7     53   2.63    146     13  331.2  340.6  331.7
  466.0   6443   -6.7  -11.7     68   3.37    147     13  331.4  343.2  332.1
  446.0   6785   -8.1  -22.1     31   1.47    160     16  333.8  339.2  334.1
  439.0   6908   -9.0  -24.5     27   1.21    165     17  334.2  338.7  334.4
  432.0   7032   -9.9  -26.9     24   0.98    162     17  334.6  338.3  334.8
  420.0   7249  -12.3  -25.3     33   1.17    158     17  334.2  338.6  334.5
  417.0   7304  -12.7  -25.7     33   1.14    157     18  334.4  338.7  334.6
  414.0   7359  -13.3  -25.3     36   1.19    156     18  334.3  338.8  334.6
  410.0   7433  -14.3  -23.3     46   1.44    154     18  333.9  339.3  334.2
  409.0   7451  -14.5  -24.5     42   1.29    154     18  333.9  338.7  334.2
  408.0   7470  -14.7  -21.7     55   1.66    153     18  333.9  340.0  334.2
  407.0   7488  -15.1  -18.0     78   2.29    153     18  333.6  341.9  334.1
  401.0   7601  -14.3  -16.8     81   2.58    150     18  336.1  345.4  336.6
  400.0   7620  -14.1  -16.4     83   2.67    150     18  336.6  346.2  337.1
  360.0   8408  -18.6  -21.0     82   2.00    125     10  340.8  348.2  341.2
  337.0   8903  -21.5  -23.9     81   1.66     98     12  343.4  349.7  343.7
  319.0   9303  -24.2  -26.8     79   1.35     75     14  345.0  350.2  345.3
  306.0   9606  -26.3  -29.0     78   1.15     40      8  346.2  350.7  346.5
  300.0   9750  -27.3  -30.0     78   1.06     50      9  346.8  351.0  347.0
  293.0   9919  -28.5  -31.2     77   0.97     50     11  347.5  351.3  347.7
  287.0  10066  -29.5  -32.3     77   0.89     46     12  348.1  351.6  348.2
  250.0  11030  -37.9  -41.6     68   0.40     20     17  349.6  351.3  349.7
  247.0  11113  -38.6  -42.4     68   0.37     20     18  349.7  351.2  349.8
  242.0  11252  -39.9  -43.7     67   0.33     21     18  349.8  351.2  349.9
  226.0  11707  -43.8                          25     19  350.8         350.8
  200.0  12520  -50.7                          45     22  352.3         352.3
  150.0  14330  -66.1                          75     27  356.0         356.0
  148.0  14408  -66.7                          75     27  356.3         356.3
  127.0  15295  -74.1                          50     28  359.0         359.0
  109.0  16181  -81.4                          55     18  361.2         361.2
  103.0  16509  -84.1                                     361.9         361.9
