-----------------------------------------------------------------------------
   PRES   HGHT   TEMP   DWPT   RELH   MIXR   DRCT   SKNT   THTA   THTE   THTV
    hPa     m      C      C      %    g/kg    deg   knot     K      K      K 
-----------------------------------------------------------------------------
 1000.0     92                                                               
  994.0    108   27.2   24.5     85  19.94      0      0  300.9  359.8  304.4
  977.0    268   26.0   23.4     85  18.93    280      6  301.1  357.1  304.6
  925.0    776   22.2   19.8     86  15.98    275     11  302.0  349.4  304.9
  878.0   1231   19.2   17.3     89  14.36    262      9  303.4  346.3  306.0
  867.0   1340   19.4   14.4     73  12.03    259      9  304.7  340.9  306.9
  851.0   1501   18.1   15.3     84  13.05    255      8  305.0  344.2  307.4
  850.0   1511   18.0   15.4     85  13.11    255      8  305.0  344.4  307.4
  822.0   1797   16.7   13.4     81  11.90    245      7  306.5  342.6  308.7
  765.0   2411   13.9    9.2     73   9.61    270      8  309.9  339.6  311.7
  763.0   2434   13.8    9.0     73   9.53    270      8  310.0  339.4  311.8
  756.0   2512   14.2    3.2     48   6.41    268      8  311.3  331.5  312.5
  747.0   2613   14.0    2.0     44   5.95    266      8  312.1  331.0  313.2
  734.0   2761   13.0    5.0     58   7.50    263      8  312.6  336.2  314.0
  702.0   3136   11.0    3.0     58   6.81    255      9  314.4  336.1  315.7
  700.0   3160   10.8    1.8     54   6.27    255      9  314.4  334.4  315.6
  689.0   3291   10.6   -5.4     32   3.73    260      9  315.6  327.9  316.3
  688.0   3303   10.5   -5.0     33   3.84    260      9  315.6  328.3  316.4
  666.0   3572    8.4    3.4     71   7.39    267      9  316.2  339.8  317.6
  620.0   4158    5.0    1.7     79   7.03    281     10  318.9  341.6  320.2
  594.0   4505    4.1   -6.6     46   3.95    290     10  321.7  335.0  322.5
  586.0   4615    3.8   -9.2     38   3.27    287     10  322.6  333.8  323.3
  572.0   4810    2.6   -7.4     48   3.85    282      9  323.5  336.5  324.2
  565.0   4909    2.4  -12.6     32   2.58    280      9  324.4  333.3  324.9
  553.0   5082    1.0   -8.0     51   3.81    275      9  324.7  337.6  325.5
  552.0   5096    1.1  -10.6     41   3.11    275      9  325.0  335.6  325.6
  550.0   5125    1.2  -15.8     27   2.04    276      9  325.4  332.6  325.9
  541.0   5257    0.0  -12.0     40   2.83    280      9  325.6  335.4  326.1
  530.0   5420   -1.1  -17.1     29   1.90    285      9  326.2  332.9  326.5
  521.0   5556   -2.1  -13.1     43   2.69    290      9  326.6  335.9  327.1
  515.0   5647   -2.3  -21.3     22   1.36    293      9  327.4  332.3  327.7
  514.0   5663   -2.3  -27.3     13   0.80    293      9  327.6  330.6  327.7
  507.0   5771   -3.5  -12.5     50   2.90    296      9  327.4  337.5  328.0
  502.0   5849   -4.3   -9.3     68   3.79    299      9  327.4  340.4  328.1
  500.0   5880   -4.5   -8.9     71   3.92    300      9  327.5  340.9  328.3
  493.0   5991   -5.0   -9.9     69   3.69    310     10  328.2  340.9  329.0
  477.0   6252   -6.1  -12.1     63   3.19    318     10  329.9  341.1  330.6
  470.0   6369   -6.9  -10.0     79   3.83    322     11  330.4  343.6  331.1
  456.0   6604   -8.1  -11.6     76   3.46    330     11  331.7  343.8  332.4
  439.0   6900   -9.6  -13.7     72   3.05    320      8  333.4  344.2  334.0
  423.0   7189  -11.1  -15.7     69   2.68    335      4  335.0  344.7  335.6
  415.0   7337  -11.9  -16.7     67   2.51    349      4  335.9  344.9  336.4
  409.0   7449  -12.5  -19.5     56   2.01    360      3  336.5  343.9  336.9
  406.0   7506  -12.9  -18.8     61   2.14      5      3  336.7  344.5  337.1
  402.0   7582  -13.5  -17.9     69   2.34     15      3  336.9  345.4  337.4
  400.0   7620  -13.9  -17.7     73   2.39     20      3  336.8  345.5  337.3
  391.0   7791  -15.3  -18.7     75   2.24     25      3  337.2  345.4  337.6
  375.0   8106  -17.9  -20.7     79   1.98    330      3  337.8  345.1  338.2
  369.0   8228  -18.9  -21.4     81   1.89    288      3  338.0  345.0  338.4
  361.0   8391  -19.8  -24.9     64   1.42    230      3  338.9  344.3  339.2
  355.0   8515  -20.5  -27.5     54   1.13    208      4  339.6  344.0  339.9
  346.0   8705  -21.9  -34.3     32   0.61    175      5  340.2  342.6  340.3
  345.0   8726  -22.1  -35.1     30   0.56    175      5  340.3  342.5  340.4
  336.0   8920  -23.3  -40.3     20   0.34    174      5  341.2  342.6  341.3
  329.0   9074  -24.5  -32.5     47   0.76    173      5  341.6  344.6  341.8
  326.0   9141  -25.1  -30.1     63   0.97    173      5  341.7  345.4  341.9
  325.0   9163  -25.1  -30.1     63   0.97    172      6  342.0  345.8  342.2
  323.0   9208  -25.5  -33.5     47   0.70    172      6  342.0  344.8  342.2
  322.0   9230  -25.7  -40.7     23   0.34    172      6  342.1  343.5  342.1
  318.0   9321  -26.3  -41.3     23   0.32    172      6  342.4  343.8  342.5
  311.0   9482  -27.3  -39.3     31   0.41    171      6  343.2  344.9  343.3
  309.0   9528  -27.7  -36.7     42   0.54    170      6  343.3  345.5  343.4
  306.0   9598  -28.2  -35.4     50   0.62    170      6  343.6  346.1  343.7
  304.0   9645  -28.5  -34.5     56   0.68    172      6  343.8  346.5  343.9
  300.0   9740  -29.5  -34.5     62   0.69    175      5  343.7  346.4  343.8
  291.0   9957  -31.5  -38.5     50   0.47    210      5  343.8  345.8  343.9
  281.0  10202  -33.2  -39.6     53   0.44    250      6  344.8  346.6  344.9
  270.0  10482  -35.2  -41.0     56   0.40    225      2  345.8  347.5  345.9
  258.0  10800  -37.5  -42.5     60   0.35     55      5  347.0  348.5  347.1
  250.0  11020  -39.1  -43.5     63   0.33     40      8  347.8  349.2  347.9
  247.0  11103  -39.9  -44.0     64   0.31     30      9  347.9  349.2  347.9
  246.0  11130  -40.1  -44.2     65   0.31     31      9  347.9  349.2  348.0
  216.0  11997  -47.4                          75     23  349.8         349.8
  200.0  12510  -51.7                          75     32  350.7         350.7
  150.0  14320  -66.1                         100     68  356.0         356.0
  141.0  14676  -69.0                         100     69  357.4         357.4
  103.0  16480  -83.5                         100     61  363.0         363.0
  100.0  16650  -84.9                          95     57  363.4         363.4
   99.9  16656  -85.1                          95     57  363.2         363.2
   90.8  17185  -85.9                          85     46  371.6         371.6
   87.0  17425  -82.8                          80     41  382.4         382.4
   83.1  17683  -79.5                          90     21  394.2         394.2
   83.0  17689  -79.5                          90     20  394.3         394.3
   79.0  17971  -80.1                         135     27  398.8         398.8
   73.2  18405  -80.9                         122     33  405.8         405.8
   70.0  18660  -78.7                         115     36  415.7         415.7
   67.0  18909  -76.7                         100     37  425.2         425.2
   65.8  19012  -75.9                          86     34  429.2         429.2
   64.0  19171  -76.2                          65     30  432.0         432.0
   58.7  19665  -77.1                          72     39  440.7         440.7
   57.0  19835  -74.5                          75     42  450.4         450.4
   55.1  20031  -71.5                          64     35  461.6         461.6
   52.0  20370  -72.3                          45     23  467.4         467.4
   51.4  20438  -72.5                          51     22  468.5         468.5
   50.0  20600  -70.3                          65     19  477.4         477.4
   49.0  20721  -69.0                          75     18  483.3         483.3
   47.3  20932  -66.7                          79     15  493.7         493.7
   45.0  21234  -66.2                          85     11  502.0         502.0
   42.2  21623  -65.5                         118     22  513.0         513.0
   42.0  21653  -65.3                         120     23  514.1         514.1
   40.0  21953  -63.3                         100     32  526.3         526.3
   36.4  22534  -59.5                         102     32  550.6         550.6
   33.0  23146  -60.0                         105     33  564.8         564.8
   30.5  23637  -60.5                          80     39  576.4         576.4
   30.0  23740  -60.1                          75     40  580.2         580.2
   29.0  23954  -59.3                          75     35  588.0         588.0
   25.0  24888  -55.9                          88     38  623.3         623.3
   23.0  25417  -56.5                          95     40  636.6         636.6
   21.7  25786  -56.9                                     646.0         646.0
