-----------------------------------------------------------------------------
   PRES   HGHT   TEMP   DWPT   RELH   MIXR   DRCT   SKNT   THTA   THTE   THTV
    hPa     m      C      C      %    g/kg    deg   knot     K      K      K 
-----------------------------------------------------------------------------
 1000.0     96                                                               
  995.0    108   27.2   20.2     66  15.22    150      2  300.8  345.7  303.5
  977.0    277   25.5   20.1     72  15.45      5      2  300.6  346.1  303.4
  964.0    402   24.2   20.1     78  15.62    312      3  300.5  346.5  303.3
  944.0    595   23.7   17.1     67  13.15    230      4  301.8  340.8  304.1
  933.0    703   23.4   15.4     61  11.93    230      6  302.5  338.1  304.6
  925.0    782   23.0   15.0     61  11.72    230      7  302.8  337.8  304.9
  881.0   1203   20.5   12.5     60  10.41    300      5  304.4  335.8  306.3
  851.0   1503   18.7   10.7     60   9.55    250      3  305.6  334.6  307.3
  850.0   1513   18.6   10.6     60   9.53    250      2  305.6  334.5  307.4
  794.0   2095   14.9    6.9     59   7.91    335      3  307.7  332.0  309.1
  784.0   2204   14.2    6.2     59   7.64    354      3  308.0  331.6  309.5
  766.0   2399   13.3    4.2     54   6.80     30      4  309.1  330.3  310.4
  739.0   2701   11.9    1.1     48   5.66    345      4  310.8  328.7  311.8
  713.0   3002   10.5   -1.9     42   4.69    335      5  312.4  327.5  313.3
  704.0   3109   10.0   -3.0     40   4.38    307      5  313.0  327.1  313.9
  700.0   3156    9.8   -0.2     50   5.42    295      5  313.3  330.6  314.3
  699.0   3168    9.6    0.6     53   5.75    295      5  313.2  331.6  314.3
  688.0   3298    8.9   -0.4     52   5.42    290      7  313.9  331.3  314.9
  616.0   4206    4.2   -7.6     42   3.53    290     12  318.6  330.3  319.2
  610.0   4286    3.8   -8.2     41   3.39    286     11  319.0  330.3  319.6
  598.0   4448    4.0  -29.0      7   0.59    278     10  321.0  323.2  321.1
  597.0   4461    3.8  -20.2     15   1.29    277     10  320.9  325.5  321.2
  594.0   4502    3.5  -17.5     20   1.64    275     10  321.1  326.9  321.4
  590.0   4557    3.2  -13.8     28   2.24    277     10  321.3  329.1  321.8
  584.0   4640    3.6  -41.4      2   0.17    281     10  322.7  323.4  322.8
  573.0   4793    2.0  -28.0      9   0.67    287      9  322.6  325.1  322.7
  568.0   4864    1.4  -15.6     27   2.01    290      9  322.7  329.7  323.1
  552.0   5093    0.3  -19.7     21   1.46    300      8  324.1  329.3  324.4
  547.0   5166    0.0  -21.0     19   1.32    294      6  324.5  329.3  324.8
  537.0   5314   -0.9  -39.9      3   0.22    282      3  325.2  326.1  325.2
  531.0   5403   -1.2  -42.3      3   0.17    275      1  325.8  326.5  325.9
  511.0   5708   -2.4  -50.6      1   0.07     60      4  328.0  328.3  328.0
  509.0   5739   -2.5  -51.5      1   0.07     57      4  328.2  328.5  328.3
  500.0   5880   -3.7  -52.7      1   0.06     45      3  328.5  328.7  328.5
  492.0   6004   -4.5  -53.1      1   0.06     60      2  329.0  329.2  329.0
  474.0   6292   -6.3  -53.9      1   0.05    110      7  330.2  330.5  330.3
  439.0   6883  -10.1  -55.6      1   0.05    115      5  332.8  333.0  332.8
  422.0   7187  -12.1  -56.5      1   0.04    145      7  334.1  334.3  334.1
  406.0   7485  -14.0  -57.4      1   0.04    105      7  335.3  335.5  335.3
  400.0   7600  -14.7  -57.7      1   0.04    100      6  335.8  336.0  335.8
  395.0   7695  -15.5  -59.5      1   0.03     98      6  336.0  336.1  336.0
  390.0   7791  -15.9  -57.3      1   0.04     95      5  336.6  336.8  336.6
  374.0   8107  -17.3  -50.1      4   0.10     15      5  338.9  339.3  338.9
  367.0   8250  -17.9  -46.9      6   0.15     13      6  339.9  340.6  339.9
  360.0   8391  -18.9  -49.2      5   0.12     10      7  340.4  340.9  340.4
  345.0   8704  -21.2  -54.2      3   0.07    355      7  341.5  341.8  341.5
  332.0   8986  -23.3  -58.7      2   0.04      0     11  342.4  342.6  342.4
  318.0   9302  -25.6  -63.8      2   0.02      5     15  343.4  343.6  343.5
  300.0   9730  -28.7  -70.7      1   0.01     15     16  344.8  344.9  344.8
  293.0   9894  -30.0  -71.6      1   0.01     30     15  345.3  345.3  345.3
  269.0  10490  -34.8  -75.0      1   0.01     55     22  346.9  346.9  346.9
  250.0  11000  -38.9  -77.9      1   0.00     65     19  348.1  348.1  348.1
  246.0  11111  -39.9  -78.9      1   0.00     68     19  348.2  348.2  348.2
  225.0  11705  -45.2                          85     21  349.0         349.0
  200.0  12490  -52.3                          80     19  349.8         349.8
  170.0  13501  -60.8                          75     28  352.4         352.4
  150.0  14280  -67.3                          80     51  354.0         354.0
  133.0  14968  -72.8                          90     56  356.6         356.6
  100.0  16600  -85.7                          90     37  361.9         361.9
   97.8  16722  -86.3                          90     36  363.1         363.1
   87.0  17383  -82.1                          90     40  383.8         383.8
   78.0  17999  -78.2                          90     44  404.1         404.1
   70.0  18610  -74.3                          50     32  425.1         425.1
   63.0  19224  -73.0                          55     12  440.9         440.9
   50.0  20570  -70.3                          95     32  477.4         477.4
   49.0  20694  -69.9                          95     29  481.1         481.1
   44.0  21356  -67.8                         125     21  501.4         501.4
   36.0  22589  -63.7                         110     32  541.4         541.4
   33.0  23124  -62.0                          95     28  559.6         559.6
   30.0  23710  -60.1                         100     40  580.2         580.2
   27.0  24367  -59.4                          90     41  600.0         600.0
   24.0  25102  -58.6                          90     39  622.9         622.9
   20.0  26240  -57.3                          85     56  660.0         660.0
   15.0  28089  -52.4                          85     75  733.0         733.0
   13.4  28814  -50.4                          85     85  763.6         763.6
   13.0  29008  -49.9                                     772.1         772.1
