-----------------------------------------------------------------------------
   PRES   HGHT   TEMP   DWPT   RELH   MIXR   DRCT   SKNT   THTA   THTE   THTV
    hPa     m      C      C      %    g/kg    deg   knot     K      K      K 
-----------------------------------------------------------------------------
 1000.0     98                                                               
  995.0    108   27.0   24.4     86  19.80    340     10  300.6  359.0  304.1
  945.0    585   23.5   21.4     88  17.26    345     17  301.4  352.5  304.6
  925.0    783   22.0   20.1     89  16.29    335     17  301.8  350.0  304.7
  920.0    831   21.4   19.2     87  15.47    333     17  301.6  347.4  304.4
  865.0   1370   18.6   16.1     85  13.49    306     18  304.1  344.5  306.6
  852.0   1502   18.2   15.7     85  13.31    300     18  305.1  345.1  307.5
  850.0   1522   18.2   15.6     85  13.29    300     18  305.2  345.2  307.6
  844.0   1583   18.8   14.6     77  12.53    299     18  306.4  344.4  308.8
  796.0   2083   15.4   10.7     74  10.25    293     16  308.0  339.3  309.9
  740.0   2699   13.9    7.0     63   8.57    285     14  312.8  339.7  314.4
  737.0   2733   13.8    6.8     63   8.48    288     13  313.1  339.7  314.7
  700.0   3165   11.0    6.0     71   8.45    330      6  314.6  341.3  316.2
  689.0   3297   10.1    5.2     71   8.09    330      5  315.0  340.7  316.6
  664.0   3604    7.9    3.2     72   7.30    315      5  316.0  339.3  317.4
  658.0   3680    7.4    2.7     72   7.11    318      5  316.2  338.9  317.6
  641.0   3893    6.3    1.4     71   6.65    325      6  317.3  338.7  318.6
  618.0   4191    4.7   -0.4     69   6.03     55      2  318.8  338.5  320.0
  596.0   4487    3.2   -2.2     67   5.47    140      6  320.4  338.4  321.4
  553.0   5097    0.0   -6.0     64   4.44    110      9  323.5  338.4  324.4
  537.0   5332   -1.1  -11.1     47   3.07    122     11  324.9  335.5  325.5
  533.0   5392   -1.4  -11.2     47   3.06    125     11  325.3  335.8  325.9
  514.0   5681   -2.9  -11.9     50   3.01    122      9  326.9  337.3  327.4
  503.0   5853   -4.1  -12.1     54   3.02    120      8  327.4  337.9  328.0
  500.0   5900   -4.3  -13.3     50   2.76    120      8  327.7  337.4  328.3
  489.0   6075   -5.1  -18.1     35   1.89    111      8  328.8  335.6  329.2
  475.0   6301   -6.6  -19.6     35   1.71    100      8  329.7  335.9  330.1
  465.0   6467   -7.7  -20.7     34   1.59    113      9  330.4  336.1  330.7
  461.0   6534   -8.3  -21.3     34   1.52    118      9  330.4  336.0  330.7
  458.0   6585   -8.7  -18.7     44   1.92    121      9  330.6  337.5  330.9
  456.0   6619   -8.9  -16.9     52   2.25    124     10  330.7  338.7  331.2
  455.0   6636   -8.9  -13.5     69   2.98    125     10  330.9  341.4  331.5
  443.0   6842  -10.3  -15.3     67   2.64    141     11  331.7  341.1  332.2
  440.0   6894  -10.6  -16.5     62   2.40    145     11  331.9  340.5  332.4
  418.0   7287  -12.9  -25.9     33   1.11    129     11  333.9  338.1  334.1
  406.0   7508  -14.5  -28.5     29   0.90    120     11  334.6  338.1  334.8
  400.0   7620  -15.3  -27.3     35   1.02    125      9  335.0  338.9  335.2
  393.0   7753  -16.1  -25.1     46   1.27    140      9  335.7  340.4  335.9
  389.0   7830  -16.1  -21.1     65   1.84    149      9  336.6  343.4  337.0
  381.0   7986  -16.9  -23.9     55   1.46    166     10  337.6  343.1  337.9
  379.0   8026  -17.3  -26.3     45   1.19    171     10  337.6  342.1  337.8
  378.0   8046  -17.3  -29.3     34   0.90    173     10  337.8  341.3  338.0
  376.0   8085  -17.5  -28.5     38   0.98    178     10  338.1  341.8  338.3
  375.0   8105  -17.7  -24.7     54   1.39    180     10  338.1  343.3  338.4
  371.0   8186  -18.1  -27.1     45   1.13    177     10  338.6  342.9  338.8
  369.0   8226  -18.3  -32.3     28   0.69    176     10  338.8  341.6  339.0
  368.0   8246  -18.3  -36.3     19   0.47    175     10  339.1  341.0  339.2
  367.0   8266  -18.5  -33.5     26   0.62    174      9  339.1  341.6  339.2
  366.0   8287  -18.5  -27.5     45   1.10    174      9  339.4  343.6  339.6
  361.0   8389  -19.1  -30.8     35   0.82    170      9  339.9  343.0  340.0
  355.0   8514  -19.9  -34.9     25   0.56    154      9  340.4  342.7  340.6
  346.0   8704  -20.9  -32.4     35   0.73    130      9  341.6  344.5  341.8
  342.0   8790  -21.3  -31.3     40   0.82    130     10  342.2  345.4  342.4
  332.0   9008  -23.3  -30.3     53   0.93    128     11  342.4  346.0  342.6
  325.0   9163  -24.7  -30.7     57   0.92    127     13  342.5  346.1  342.7
  322.0   9231  -25.1  -36.1     35   0.55    127     13  342.9  345.1  343.0
  306.0   9597  -28.3  -34.9     53   0.65    125     16  343.5  346.1  343.6
  300.0   9740  -29.5  -34.4     62   0.69    130     14  343.7  346.4  343.8
  277.0  10306  -32.9  -41.9     40   0.35    159     11  346.7  348.2  346.8
  258.0  10801  -37.2  -44.8     45   0.27    185      8  347.5  348.6  347.5
  250.0  11020  -39.1  -46.1     47   0.25    185      8  347.8  348.9  347.9
  246.0  11130  -40.1  -47.1     47   0.22    191      8  347.9  348.9  348.0
  236.0  11407  -42.4                         205      7  348.6         348.6
  216.0  11997  -47.4                          95      8  349.8         349.8
  206.0  12313  -50.0                          55     12  350.4         350.4
  200.0  12510  -51.7                          50     15  350.7         350.7
  188.0  12895  -55.1                          45     13  351.4         351.4
  163.0  13783  -63.1                          70     22  352.7         352.7
  150.0  14300  -67.7                          70     25  353.3         353.3
  148.0  14380  -68.5                          72     25  353.2         353.2
  140.0  14706  -71.1                          80     26  354.3         354.3
  125.0  15369  -76.5                          99     30  356.2         356.2
  114.0  15890  -79.1                         115     34  361.0         361.0
  100.0  16630  -82.7                          90     55  367.7         367.7
   97.0  16798  -83.9                          85     53  368.6         368.6
   90.3  17194  -86.7                          90     50  370.6         370.6
   82.0  17724  -84.5                          80     36  385.4         385.4
   81.8  17737  -84.5                          81     36  385.7         385.7
   80.7  17813  -81.7                          84     34  393.0         393.0
   74.9  18233  -80.3                         103     25  404.4         404.4
   70.0  18620  -75.5                         120     17  422.5         422.5
   69.3  18678  -75.1                         126     15  424.6         424.6
   67.0  18875  -74.7                         145     10  429.6         429.6
   63.0  19234  -73.9                         100     10  439.0         439.0
   62.0  19328  -73.7                          93     13  441.4         441.4
   60.0  19518  -75.2                          80     19  442.2         442.2
   58.9  19626  -76.1                          81     20  442.6         442.6
   53.3  20206  -74.9                          83     26  458.1         458.1
   51.1  20451  -74.1                          84     29  465.6         465.6
   50.0  20580  -69.5                          85     30  479.3         479.3
   49.9  20592  -69.3                          85     30  480.1         480.1
   44.0  21345  -68.7                          90     23  499.1         499.1
   42.4  21566  -68.5                         110     24  504.9         504.9
   42.0  21624  -68.1                         115     24  507.3         507.3
   36.3  22513  -61.7                         101     36  545.3         545.3
   36.0  22564  -61.8                         100     37  546.5         546.5
   31.0  23488  -62.9                          95     49  567.4         567.4
   30.8  23528  -62.9                          96     49  568.3         568.3
   30.0  23690  -62.3                         100     51  574.2         574.2
   26.0  24582  -57.5                          90     45  611.8         611.8
   24.0  25088  -56.9                          85     42  627.8         627.8
   22.3  25552  -56.3                          87     48  642.8         642.8
   20.3  26154  -52.1                          90     56  673.1         673.1
   20.0  26250  -51.7                          90     57  677.2         677.2
   17.1  27268  -50.5                          86     57  712.0         712.0
   16.0  27708  -47.9                          85     57  734.1         734.1
   15.0  28136  -45.4                         100     46  756.2         756.2
   14.3  28452  -43.5                                     772.9         772.9
