-----------------------------------------------------------------------------
   PRES   HGHT   TEMP   DWPT   RELH   MIXR   DRCT   SKNT   THTA   THTE   THTV
    hPa     m      C      C      %    g/kg    deg   knot     K      K      K 
-----------------------------------------------------------------------------
 1000.0     77                                                               
  993.0    108   27.0   25.6     92  21.36    310      6  300.8  363.9  304.6
  992.0    117   27.4   22.4     74  17.53    308      6  301.2  353.1  304.4
  975.0    277   26.2   22.1     78  17.56    265      7  301.6  353.5  304.7
  935.0    665   23.4   21.5     89  17.61    261     19  302.3  354.6  305.5
  925.0    764   22.8   20.7     88  16.92    260     22  302.6  352.9  305.7
  850.0   1499   19.2   15.6     80  13.29    265     21  306.2  346.4  308.7
  780.0   2234   16.8    9.8     63   9.84    245     19  311.3  341.8  313.1
  765.0   2398   15.8    9.3     65   9.69    240     19  312.0  342.1  313.8
  711.0   3016   12.2    7.3     72   9.10    224     17  314.6  343.2  316.3
  700.0   3146   11.6    7.3     75   9.25    220     16  315.3  344.5  317.1
  684.0   3340   11.4    4.4     62   7.72    216     15  317.2  341.9  318.6
  659.0   3651    9.0    4.2     72   7.91    210     15  317.9  343.2  319.4
  640.0   3894    7.5    1.7     67   6.82    205     14  318.8  340.9  320.1
  636.0   3946    7.2    1.2     66   6.61    204     14  319.1  340.5  320.3
  608.0   4316    5.6  -12.4     26   2.44    198     10  321.3  329.7  321.8
  594.0   4507    4.4   -9.6     35   3.12    195      8  322.1  332.7  322.7
  592.0   4534    4.0   -8.0     41   3.55    195      8  321.9  333.9  322.6
  587.0   4603    3.6  -11.4     32   2.74    197      8  322.2  331.6  322.8
  586.0   4617    3.8  -16.2     22   1.85    197      8  322.6  329.1  323.0
  583.0   4659    3.4  -14.6     25   2.13    198      8  322.6  330.0  323.1
  569.0   4856    2.6  -22.4     14   1.12    201      7  323.9  328.0  324.2
  555.0   5057    1.4  -14.6     29   2.23    204      7  324.9  332.7  325.3
  538.0   5308    0.0  -17.0     27   1.89    208      6  326.1  332.8  326.4
  532.0   5397   -0.9  -16.8     29   1.94    210      6  326.1  332.9  326.5
  521.0   5564   -2.5  -16.5     33   2.03    202      5  326.1  333.2  326.5
  514.0   5672   -2.9  -20.9     24   1.41    197      4  326.9  332.0  327.1
  512.0   5702   -3.2  -20.2     26   1.51    195      4  326.9  332.3  327.2
  502.0   5859   -4.5  -16.5     39   2.11    220      3  327.1  334.6  327.5
  500.0   5890   -5.1  -13.1     53   2.80    225      3  326.8  336.5  327.3
  495.0   5969   -5.3  -17.3     38   2.00    225      2  327.4  334.6  327.9
  493.0   6001   -5.2  -24.5     20   1.07    225      2  328.0  331.9  328.2
  492.0   6017   -5.1  -28.1     15   0.77    217      2  328.3  331.2  328.4
  480.0   6210   -6.1  -21.1     29   1.49    116      3  329.4  334.8  329.6
  474.0   6308   -5.3  -29.2     13   0.72     65      3  331.6  334.3  331.7
  470.0   6375   -4.7  -34.7      8   0.43     70      4  333.1  334.8  333.2
  439.0   6902   -8.4  -33.4     11   0.53    110     11  334.9  337.0  335.0
  400.0   7620  -13.5  -31.5     20   0.69    120     15  337.4  340.1  337.5
  391.0   7793  -14.5  -32.5     20   0.64    130     12  338.2  340.7  338.4
  386.0   7891  -15.1  -33.1     20   0.61    128     11  338.7  341.1  338.8
  361.0   8392  -19.4  -30.2     38   0.86    120      7  339.5  342.8  339.6
  355.0   8518  -20.5  -29.5     44   0.94    110      7  339.6  343.3  339.8
  346.0   8707  -21.3  -33.3     33   0.67     95      7  341.1  343.7  341.2
  332.0   9012  -22.5  -39.4     20   0.38     90      7  343.4  345.0  343.5
  326.0   9146  -23.1  -42.1     16   0.29     79      9  344.4  345.7  344.5
  319.0   9304  -24.4  -41.8     18   0.31     65     11  344.8  346.1  344.9
  300.0   9750  -27.9  -40.9     28   0.36     60      7  345.9  347.4  346.0
  270.0  10490  -34.0  -45.3     31   0.25     55      6  347.6  348.7  347.7
  258.0  10809  -36.7  -47.2     33   0.21     15      5  348.3  349.2  348.3
  250.0  11030  -38.5  -48.5     34   0.19     10      9  348.7  349.5  348.7
  244.0  11196  -39.9  -48.9     38   0.18     15     12  349.0  349.8  349.1
  237.0  11390  -41.5                          20     16  349.5         349.5
  207.0  12291  -49.0                          65     32  351.6         351.6
  200.0  12520  -50.9                          70     34  352.0         352.0
  171.0  13506  -58.3                         100     38  355.9         355.9
  150.0  14330  -64.5                          80     49  358.8         358.8
  134.0  14984  -70.0                          85     49  360.7         360.7
  100.0  16680  -84.3                          70     29  364.6         364.6
   93.2  17069  -86.1                          65     32  368.5         368.5
   93.0  17081  -86.1                          65     32  368.7         368.7
   88.0  17384  -86.3                          45     28  374.2         374.2
   83.0  17706  -86.4                          50     16  380.2         380.2
   81.3  17819  -86.5                          69     16  382.3         382.3
   80.1  17901  -86.3                          82     16  384.4         384.4
   79.1  17971  -82.7                          94     16  393.2         393.2
   79.0  17978  -82.7                          95     16  393.4         393.4
   75.0  18269  -82.1                         115     23  400.4         400.4
   73.6  18375  -81.9                         105     25  403.0         403.0
   72.3  18475  -81.5                          95     27  405.9         405.9
   71.3  18554  -78.3                          87     29  414.4         414.4
   71.0  18578  -77.9                          85     29  415.6         415.6
   70.0  18660  -76.7                          85     30  420.0         420.0
   64.0  19183  -73.7                          95     27  437.4         437.4
   61.0  19464  -72.1                          80     22  446.9         446.9
   57.0  19860  -69.9                         100     20  460.8         460.8
   55.0  20072  -69.8                         110     19  465.8         465.8
   50.9  20533  -69.5                          98     21  476.9         476.9
   50.0  20640  -66.9                          95     21  485.4         485.4
   49.7  20677  -66.3                          95     21  487.7         487.7
   43.0  21552  -68.3                          85     23  503.4         503.4
   41.7  21738  -68.7                          82     24  506.8         506.8
   39.0  22147  -64.7                          75     27  526.6         526.6
   37.3  22419  -62.1                          79     31  540.1         540.1
   35.0  22820  -60.4                          85     36  554.6         554.6
   33.0  23190  -58.7                          75     35  568.3         568.3
   30.0  23790  -56.1                         105     30  591.1         591.1
