-----------------------------------------------------------------------------
   PRES   HGHT   TEMP   DWPT   RELH   MIXR   DRCT   SKNT   THTA   THTE   THTV
    hPa     m      C      C      %    g/kg    deg   knot     K      K      K 
-----------------------------------------------------------------------------
 1000.0     59                                                               
  991.0    108   27.0   25.8     93  21.67    300      4  300.9  365.1  304.8
  940.0    596   24.1   23.0     94  19.29    295     25  302.5  359.9  306.0
  925.0    745   23.2   22.2     94  18.60    295     25  303.0  358.4  306.4
  918.0    811   22.8   21.8     94  18.28    295     25  303.3  357.8  306.6
  901.0    974   20.0   17.5     86  14.17    293     26  302.0  344.0  304.6
  850.0   1476   18.2   17.2     94  14.75    290     29  305.2  349.5  307.9
  849.0   1486   18.2   17.3     94  14.86    290     29  305.3  350.0  308.0
  807.0   1919   15.2   13.1     87  11.88    290     26  306.6  342.6  308.8
  776.0   2251   14.0   11.9     87  11.40    290     25  308.7  343.6  310.8
  759.0   2438   14.6    8.6     67   9.32    290     24  311.3  340.3  313.1
  736.0   2698   13.5    8.0     69   9.22    290     22  312.9  341.7  314.6
  715.0   2941   12.4    7.4     72   9.11    284     21  314.3  343.0  316.0
  700.0   3119   11.8    4.8     62   7.76    280     21  315.5  340.2  317.0
  690.0   3240   11.6    0.6     47   5.83    279     21  316.6  335.4  317.7
  663.0   3573    9.6   -0.4     50   5.64    276     19  318.0  336.3  319.1
  658.0   3636    9.6   -7.4     29   3.35    275     19  318.7  329.9  319.3
  642.0   3840    7.8   -4.2     42   4.39    273     18  318.9  333.4  319.7
  605.0   4327    5.0  -12.0     28   2.53    268     17  321.1  329.8  321.6
  591.0   4518    3.4  -11.6     32   2.68    266     16  321.4  330.6  321.9
  572.0   4783    1.6   -6.4     55   4.16    263     15  322.3  336.3  323.1
  550.0   5099    0.5   -9.5     47   3.39    260     14  324.6  336.2  325.3
  540.0   5246    0.0  -11.0     43   3.07    265     14  325.7  336.3  326.3
  533.0   5351   -0.3  -15.3     31   2.19    268     13  326.6  334.3  327.0
  527.0   5442   -0.7  -18.7     24   1.67    271     13  327.2  333.1  327.5
  525.0   5472   -0.9  -18.9     24   1.65    272     13  327.3  333.2  327.6
  521.0   5533   -1.7  -10.7     50   3.26    274     13  327.0  338.3  327.7
  520.0   5548   -1.9   -7.9     64   4.08    275     13  327.0  340.9  327.8
  519.0   5564   -1.9   -6.6     70   4.52    275     13  327.1  342.5  328.1
  515.0   5625   -2.1  -14.1     39   2.51    277     13  327.6  336.4  328.1
  509.0   5718   -2.7  -12.7     46   2.84    280     12  328.0  337.9  328.6
  504.0   5797   -2.9  -18.9     28   1.71    283     12  328.7  334.9  329.0
  500.0   5860   -3.3  -22.3     21   1.29    285     12  328.9  333.7  329.2
  498.0   5892   -3.7  -16.7     36   2.09    286     12  328.8  336.3  329.3
  495.0   5939   -3.9  -16.9     36   2.07    288     13  329.2  336.5  329.6
  493.0   5971   -4.1  -19.1     30   1.72    289     14  329.3  335.5  329.6
  491.0   6003   -4.5  -17.5     36   1.98    290     14  329.2  336.3  329.6
  488.0   6051   -4.9  -11.9     58   3.17    289     14  329.3  340.3  329.9
  485.0   6100   -4.9  -25.9     18   0.96    288     13  329.9  333.4  330.1
  478.0   6213   -5.9  -19.9     32   1.66    286     13  330.0  336.0  330.3
  466.0   6412   -6.5  -27.5     17   0.86    283     11  331.7  334.9  331.8
  455.0   6598   -7.7  -26.5     21   0.97    280     10  332.5  336.1  332.7
  451.0   6666   -8.1  -26.1     22   1.01    274     10  332.8  336.6  333.0
  422.0   7180   -9.9  -36.9      9   0.38    227      9  336.8  338.4  336.9
  421.0   7198  -10.0  -37.5      9   0.36    225      9  336.9  338.4  337.0
  416.0   7290  -10.5  -40.5      7   0.27    230      9  337.4  338.6  337.5
  405.0   7495  -11.5  -22.5     40   1.56    240      8  338.8  344.6  339.1
  400.0   7590  -12.3  -20.3     51   1.92    245      8  338.9  346.0  339.3
  374.0   8098  -16.7  -21.2     68   1.90    280     11  339.7  346.8  340.1
  367.0   8241  -17.9  -21.4     74   1.90    282     12  339.9  347.0  340.3
  345.0   8694  -20.8  -24.0     75   1.60    290     14  342.1  348.1  342.4
  331.0   8998  -22.7  -25.8     76   1.42    330     15  343.5  348.9  343.8
  305.0   9599  -26.5  -29.3     77   1.12    335     18  346.2  350.6  346.5
  300.0   9720  -27.3  -30.0     78   1.06    330     19  346.8  351.0  347.0
  299.0   9744  -27.5  -30.1     78   1.06    330     19  346.8  351.0  347.1
  258.0  10787  -36.1  -39.0     74   0.51    345     16  349.1  351.2  349.2
  250.0  11010  -37.9  -40.9     73   0.43    340     14  349.6  351.4  349.7
  242.0  11232  -40.1  -43.3     71   0.34    340     14  349.5  351.0  349.6
  226.0  11687  -43.8                         340     14  350.8         350.8
  216.0  11988  -46.2                           5     11  351.7         351.7
  200.0  12500  -50.3                          80     11  352.9         352.9
  197.0  12595  -51.1                         100     12  353.1         353.1
  171.0  13486  -59.0                         150     30  354.7         354.7
  150.0  14310  -66.3                         150     40  355.7         355.7
  134.0  14981  -73.1                         147     39  355.2         355.2
  127.0  15289  -74.5                         145     39  358.2         358.2
  103.0  16490  -79.9                          95     32  369.9         369.9
  100.0  16660  -80.7                          80     18  371.6         371.6
   98.2  16761  -85.5                          93     13  364.2         364.2
   98.0  16772  -85.7                          95     12  363.9         363.9
   95.8  16896  -88.3                                     361.3         361.3
   95.1  16935  -89.7                                     359.3         359.3
   94.8  16952  -89.7                                     359.6         359.6
   94.6  16964  -89.5                                     360.2         360.2
   94.5  16969  -89.3                                     360.7         360.7
   94.3  16981  -87.1                                     365.3         365.3
   94.2  16987  -84.1                                     371.3         371.3
   93.4  17035  -79.1                                     382.0         382.0
