-----------------------------------------------------------------------------
   PRES   HGHT   TEMP   DWPT   RELH   MIXR   DRCT   SKNT   THTA   THTE   THTV
    hPa     m      C      C      %    g/kg    deg   knot     K      K      K 
-----------------------------------------------------------------------------
 1000.0     97                                                               
  995.0    108   27.2   24.9     87  20.42    260      6  300.8  361.1  304.4
  977.0    276   26.1   23.6     86  19.25    275      6  301.3  358.3  304.8
  944.0    593   24.2   21.3     84  17.21    265     10  302.3  353.3  305.4
  925.0    781   23.0   19.9     83  16.09    275     12  302.8  350.7  305.7
  913.0    895   22.2   19.1     82  15.47    275     12  303.2  349.3  306.0
  906.0    963   21.8   18.6     82  15.12    267     12  303.4  348.5  306.1
  882.0   1197   20.6   16.8     79  13.85    240     10  304.5  346.0  307.0
  866.0   1356   19.8   15.6     77  13.04    245     10  305.2  344.5  307.6
  860.0   1417   20.0   13.0     64  11.06    247     10  306.1  339.6  308.1
  852.0   1498   19.1   14.9     77  12.71    250     10  305.9  344.3  308.3
  851.0   1508   19.0   15.2     79  12.93    253     11  305.9  345.0  308.3
  850.0   1518   18.6   15.8     84  13.46    255     11  305.6  346.2  308.1
  794.0   2101   15.6   13.1     85  12.09    320      5  308.4  345.3  310.6
  743.0   2668   12.6   10.5     87  10.84    320      3  311.1  344.6  313.1
  740.0   2702   12.5   10.2     86  10.66    320      3  311.3  344.3  313.3
  714.0   3003   11.4    7.4     76   9.10      0      1  313.3  341.8  315.0
  700.0   3170   10.8    5.8     71   8.33    150      3  314.4  340.7  316.0
  689.0   3301   10.1    3.7     65   7.30    130      5  315.0  338.3  316.4
  676.0   3459    9.2    1.2     57   6.21    129      6  315.8  335.7  317.0
  628.0   4064    5.4    2.6     82   7.40    126      8  318.1  342.0  319.6
  618.0   4194    4.7    1.6     80   6.99    125      9  318.8  341.3  320.1
  558.0   5019    0.0   -5.0     69   4.75    125     11  322.7  338.6  323.6
  552.0   5105   -0.7   -4.2     77   5.11    125     11  322.9  339.9  323.9
  550.0   5134   -0.9   -3.9     80   5.24    123     11  323.0  340.4  324.0
  533.0   5384   -1.7   -4.7     80   5.09    106     12  324.9  342.0  325.9
  520.0   5580   -1.5  -12.5     43   2.83     93     13  327.4  337.3  328.0
  512.0   5702   -2.2  -12.4     45   2.89     85     14  328.1  338.1  328.6
  500.0   5890   -3.3  -12.3     50   2.99     85     13  328.9  339.4  329.6
  496.0   5954   -3.7  -13.7     46   2.69     94     11  329.2  338.7  329.8
  493.0   6001   -4.1  -11.1     58   3.34    100     10  329.3  340.9  330.0
  475.0   6290   -5.9  -12.7     59   3.06    150      6  330.6  341.4  331.2
  457.0   6590   -7.7  -14.3     59   2.78     95      6  332.0  341.8  332.5
  423.0   7190  -11.4  -17.6     60   2.29    130      4  334.7  342.9  335.1
  410.0   7432  -12.9  -18.9     61   2.11    122      2  335.8  343.4  336.2
  407.0   7488  -13.3  -19.3     61   2.05    120      2  335.9  343.4  336.3
  400.0   7620  -14.3  -20.3     60   1.92     85      2  336.3  343.4  336.7
  391.0   7792  -15.3  -22.2     55   1.66     35      1  337.2  343.4  337.5
  376.0   8087  -17.0  -25.5     48   1.28    195      2  338.7  343.6  339.0
  362.0   8373  -18.7  -28.7     41   0.99    171      5  340.2  344.0  340.4
  347.0   8683  -20.9  -31.2     39   0.82    145      8  341.2  344.5  341.4
  319.0   9300  -25.4  -36.1     36   0.55    150     10  343.4  345.6  343.5
  300.0   9750  -28.7  -39.7     34   0.41    185      5  344.8  346.5  344.9
  294.0   9894  -29.9  -40.9     34   0.37    190      5  345.1  346.7  345.2
  283.0  10166  -32.1  -43.1     33   0.30    194      6  345.7  347.0  345.8
  272.0  10445  -34.5  -46.5     29   0.22    199      7  346.2  347.1  346.2
  270.0  10496  -35.0  -46.3     31   0.22    200      7  346.3  347.2  346.3
  258.0  10812  -37.8  -45.0     47   0.27    225      5  346.7  347.8  346.7
  250.0  11030  -39.7  -44.1     63   0.31    190      3  346.9  348.2  347.0
  249.0  11057  -39.9  -44.3     63   0.30    182      3  347.0  348.3  347.1
  247.0  11111  -40.3                         165      4  347.1         347.1
  237.0  11385  -42.6                         135      3  347.9         347.9
  226.0  11700  -45.2                         310      2  348.6         348.6
  216.0  12000  -47.7                         335      3  349.3         349.3
  207.0  12282  -50.0                          50      9  349.9         349.9
  200.0  12510  -51.9                          45     15  350.4         350.4
  180.0  13174  -57.5                          45     23  352.0         352.0
  159.0  13955  -64.1                          72     30  353.5         353.5
  150.0  14310  -66.5                          85     33  355.3         355.3
  127.0  15271  -72.9                         105     38  361.1         361.1
  109.0  16153  -78.8                          85     51  366.1         366.1
  100.0  16650  -82.1                          90     55  368.9         368.9
   98.0  16764  -82.1                          90     49  370.9         370.9
   92.0  17119  -82.2                          80     36  377.6         377.6
   88.0  17369  -82.2                          90     24  382.3         382.3
   83.2  17684  -82.3                         100     32  388.4         388.4
   83.0  17698  -82.2                         100     32  388.8         388.8
   75.0  18272  -79.1                          55     31  406.7         406.7
   74.5  18310  -78.9                          55     30  407.9         407.9
   70.0  18670  -75.1                          60     17  423.4         423.4
   67.0  18926  -71.7                          85     14  436.1         436.1
   66.5  18970  -71.1                          91     14  438.3         438.3
   61.6  19420  -73.3                         157     10  443.1         443.1
   61.0  19478  -73.1                         165     10  444.7         444.7
   58.0  19775  -72.3                         110     11  453.0         453.0
   52.0  20419  -70.5                         105     15  471.5         471.5
   50.0  20650  -69.9                          90     25  478.4         478.4
   48.1  20880  -70.3                          86     23  482.7         482.7
   45.0  21282  -66.6                          80     20  501.0         501.0
   42.4  21641  -63.3                          93     17  517.7         517.7
   41.0  21848  -62.5                         100     16  524.8         524.8
   39.8  22031  -61.7                          88     16  531.2         531.2
   39.0  22155  -62.1                          80     16  533.3         533.3
   37.0  22478  -63.1                          40     18  538.8         538.8
   35.0  22818  -64.1                          40     12  544.7         544.7
   33.0  23178  -65.2                          75     11  551.0         551.0
   32.2  23329  -65.7                          80     14  553.7         553.7
   30.0  23760  -63.7                          95     23  570.4         570.4
   29.0  23969  -63.4                          90     29  576.8         576.8
   26.0  24640  -62.5                          95     33  597.7         597.7
   25.5  24760  -62.3                                     601.5         601.5
