-----------------------------------------------------------------------------
   PRES   HGHT   TEMP   DWPT   RELH   MIXR   DRCT   SKNT   THTA   THTE   THTV
    hPa     m      C      C      %    g/kg    deg   knot     K      K      K 
-----------------------------------------------------------------------------
 1000.0     95                                                               
  995.0    108   27.2   24.9     87  20.42    200      4  300.8  361.1  304.4
  977.0    277   26.2   23.5     85  19.10    285      6  301.4  357.9  304.8
  944.0    596   24.3   20.9     81  16.82    305      9  302.4  352.4  305.4
  925.0    785   23.2   19.4     79  15.58    285     10  303.0  349.4  305.9
  882.0   1198   20.8   17.6     82  14.55    265     14  304.6  348.3  307.3
  869.0   1327   20.0   17.0     83  14.23    269     13  305.1  347.9  307.8
  850.0   1518   19.0   15.9     82  13.55    275     12  306.0  346.9  308.5
  797.0   2070   17.2   10.2     63   9.90    272     11  309.8  340.3  311.6
  700.0   3163    9.6    6.4     80   8.69    265     10  313.1  340.3  314.7
  664.0   3599    6.6    4.0     83   7.72    265      8  314.5  338.9  315.9
  650.0   3776    5.4    3.0     85   7.36    254      7  315.0  338.4  316.4
  595.0   4497    2.4    0.5     87   6.72    210      2  319.6  341.4  320.9
  573.0   4801    1.2   -1.4     82   6.04    170      4  321.7  341.6  322.9
  554.0   5073    0.2   -3.2     78   5.49    170      6  323.6  341.8  324.7
  545.0   5205    0.0   -7.0     59   4.17    170      6  324.9  339.0  325.7
  512.0   5701   -3.8   -6.8     80   4.52    170      9  326.1  341.4  327.0
  500.0   5890   -5.3   -6.7     90   4.66    185     10  326.5  342.3  327.4
  499.0   5906   -5.1   -9.1     73   3.87    185     10  326.9  340.2  327.7
  494.0   5985   -4.9   -7.6     81   4.40    185     11  328.1  343.1  329.0
  493.0   6001   -4.9   -8.2     78   4.22    185     11  328.3  342.7  329.1
  486.0   6114   -5.1  -12.1     58   3.13    183     11  329.4  340.3  330.0
  478.0   6244   -6.1  -10.0     74   3.76    181     11  329.8  342.8  330.5
  473.0   6326   -6.7   -9.0     84   4.12    180     10  330.0  344.2  330.8
  457.0   6595   -7.9  -18.3     43   1.99    175     10  331.8  339.0  332.2
  454.0   6646   -8.1  -20.1     37   1.72    177     10  332.1  338.4  332.5
  447.0   6766   -8.9  -22.9     31   1.36    183     10  332.6  337.6  332.9
  443.0   6836   -9.1  -23.1     31   1.35    187     10  333.2  338.2  333.5
  439.0   6906   -9.7  -14.7     67   2.80    190     10  333.3  343.3  333.9
  433.0   7012  -10.3  -14.2     73   2.96    185     11  333.9  344.4  334.5
  430.0   7066  -10.5  -13.9     76   3.05    182     11  334.3  345.1  334.9
  427.0   7120  -10.7  -15.3     69   2.74    179     12  334.7  344.5  335.2
  424.0   7174  -10.7  -22.7     37   1.46    177     12  335.4  340.8  335.7
  423.0   7192  -10.7  -27.7     23   0.93    176     12  335.6  339.1  335.8
  420.0   7247  -11.1  -29.1     21   0.83    173     13  335.8  338.9  335.9
  416.0   7320  -11.5  -19.5     52   1.97    169     13  336.2  343.4  336.6
  415.0   7339  -11.7  -15.6     73   2.75    168     14  336.1  346.1  336.7
  414.0   7357  -11.9  -15.5     75   2.78    167     14  336.1  346.1  336.7
  413.0   7376  -12.1  -17.1     66   2.44    167     14  336.1  344.9  336.6
  412.0   7395  -12.1  -27.1     28   1.01    166     14  336.3  340.2  336.5
  409.0   7450  -12.5  -17.5     66   2.38    163     15  336.5  345.2  337.0
  406.0   7507  -13.1  -16.9     73   2.52    160     15  336.4  345.6  337.0
  403.0   7563  -13.7  -16.3     81   2.67    162     15  336.4  346.0  336.9
  400.0   7620  -13.7  -16.8     77   2.58    165     15  337.1  346.4  337.6
  395.0   7715  -13.9  -21.9     51   1.69    163     15  338.1  344.3  338.4
  387.0   7870  -15.1  -26.1     39   1.18    159     16  338.4  342.9  338.7
  372.0   8167  -17.1  -28.1     38   1.02    151     17  339.6  343.6  339.9
  356.0   8495  -19.7  -23.3     73   1.65    143     18  340.4  346.7  340.8
  332.0   9008  -23.8  -25.0     90   1.53    130     19  341.8  347.6  342.1
  330.0   9052  -24.1  -25.1     91   1.52    129     19  341.9  347.6  342.2
  324.0   9186  -24.9  -27.7     77   1.22    125     20  342.6  347.2  342.8
  310.0   9505  -27.1  -29.0     84   1.13    116     22  343.8  348.2  344.1
  300.0   9740  -28.5  -30.6     82   1.00    110     24  345.1  349.0  345.3
  293.0   9906  -29.7  -32.3     78   0.87    110     24  345.7  349.1  345.9
  279.0  10251  -32.3  -35.8     71   0.65    116     19  346.9  349.5  347.0
  272.0  10429  -33.1  -40.1     49   0.43    119     16  348.2  350.0  348.3
  262.0  10688  -35.1  -45.1     35   0.26    123     13  349.0  350.2  349.1
  258.0  10794  -36.1  -45.5     38   0.25    125     11  349.0  350.1  349.1
  250.0  11010  -38.3  -46.3     43   0.24    110     10  349.0  350.0  349.0
  247.0  11093  -38.9  -47.6     39   0.21    110     10  349.3  350.2  349.4
  242.0  11234  -39.9  -49.9     34   0.17    112     11  349.8  350.6  349.9
  216.0  11995  -46.3                         125     15  351.4         351.4
  200.0  12510  -50.7                         105     18  352.3         352.3
  188.0  12897  -54.1                         100     20  353.1         353.1
  155.0  14105  -64.7                         110     27  355.1         355.1
  150.0  14310  -66.5                         105     33  355.3         355.3
  141.0  14667  -69.3                         110     37  356.8         356.8
  114.0  15894  -78.8                         105     42  361.4         361.4
  100.0  16650  -84.7                          85     49  363.8         363.8
   97.0  16818  -86.2                          85     47  364.1         364.1
   95.7  16892  -86.9                          90     45  364.1         364.1
   89.4  17267  -83.9                          90     38  377.3         377.3
   85.1  17540  -85.1                          90     33  380.2         380.2
   83.0  17679  -82.7                          90     31  387.8         387.8
   81.8  17761  -81.3                          91     32  392.3         392.3
   79.1  17950  -81.7                          94     36  395.2         395.2
   78.0  18029  -81.0                          95     37  398.3         398.3
   75.2  18236  -79.1                          93     26  406.4         406.4
   73.9  18336  -75.1                          92     21  416.9         416.9
   71.0  18568  -76.3                          90      9  419.2         419.2
   70.0  18650  -76.7                          95     10  420.0         420.0
   67.2  18884  -77.1                         102     17  424.0         424.0
   64.0  19167  -75.6                         110     26  433.2         433.2
   57.0  19840  -72.1                          85     29  455.7         455.7
   55.1  20036  -71.1                          81     28  462.5         462.5
   50.0  20610  -70.3                          70     26  477.4         477.4
   47.0  20980  -69.3                          60     18  488.2         488.2
   42.0  21653  -67.6                         115     33  508.5         508.5
   40.7  21842  -67.1                                     514.3         514.3
