-----------------------------------------------------------------------------
   PRES   HGHT   TEMP   DWPT   RELH   MIXR   DRCT   SKNT   THTA   THTE   THTV
    hPa     m      C      C      %    g/kg    deg   knot     K      K      K 
-----------------------------------------------------------------------------
 1000.0    105                                                               
  996.0    108   25.8   24.6     93  20.02      0      0  299.3  358.0  302.9
  978.0    276   24.3   22.9     92  18.41    310      5  299.3  353.3  302.6
  970.0    352   23.6   22.2     92  17.72    302      6  299.3  351.3  302.5
  945.0    592   23.1   20.6     86  16.40    275     10  301.0  349.4  304.0
  925.0    788   22.6   19.2     81  15.38    265     14  302.4  348.1  305.2
  861.0   1412   19.4   13.4     68  11.34    257     11  305.3  339.6  307.4
  850.0   1523   19.0   11.0     60   9.79    255     10  306.0  335.8  307.8
  823.0   1800   18.1    4.2     40   6.32    240      6  307.9  327.6  309.1
  809.0   1947   17.6    0.6     32   4.96    218      6  308.9  324.6  309.8
  795.0   2096   16.7   -0.3     31   4.75    195      6  309.5  324.6  310.4
  783.0   2225   16.0   -1.0     31   4.56    199      7  310.1  324.6  310.9
  767.0   2400   14.2    7.2     63   8.37    205      8  310.0  335.9  311.5
  719.0   2944   11.4   -3.6     35   4.10    223     11  312.7  325.9  313.4
  708.0   3072   10.6   -6.4     30   3.36    227     11  313.2  324.2  313.8
  700.0   3167    9.6    0.6     53   5.74    230     12  313.1  331.4  314.2
  688.0   3310    8.2    3.6     73   7.25    235     12  313.1  336.0  314.4
  681.0   3395    7.6    4.3     80   7.70    238     12  313.3  337.6  314.8
  662.0   3628    6.6   -3.4     49   4.52    245     13  314.7  329.4  315.6
  658.0   3678    7.0  -11.0     26   2.52    247     13  315.7  324.2  316.2
  633.0   3994    4.2   -9.8     35   2.88    258     13  316.1  325.7  316.6
  610.0   4295    3.4  -19.6     17   1.33    268     14  318.5  323.2  318.8
  604.0   4375    4.0  -18.0     18   1.54    270     14  320.1  325.5  320.4
  594.0   4510    2.8   -8.2     44   3.49    275     14  320.2  331.9  320.9
  591.0   4551    2.4   -4.6     60   4.62    276     14  320.2  335.5  321.1
  587.0   4606    2.2   -6.8     51   3.93    278     14  320.6  333.8  321.4
  576.0   4759    1.4   -4.6     64   4.75    283     14  321.4  337.2  322.3
  569.0   4857    2.0   -4.0     64   5.03    287     15  323.2  340.0  324.2
  552.0   5102    0.7   -5.3     64   4.70    295     15  324.5  340.3  325.4
  543.0   5234    0.0   -6.0     64   4.52    293     16  325.2  340.5  326.1
  500.0   5890   -4.3   -8.3     74   4.11    285     19  327.7  341.8  328.6
  462.0   6511   -8.1  -10.5     83   3.74    281     16  330.5  343.5  331.2
  418.0   7284  -12.3  -15.2     79   2.82    277     12  334.7  344.8  335.2
  400.0   7620  -14.7  -17.8     77   2.37    275     10  335.8  344.4  336.3
  391.0   7790  -15.8  -19.2     76   2.16    275     10  336.5  344.4  336.9
  361.0   8386  -19.9  -23.9     70   1.54    240      5  338.9  344.6  339.2
  346.0   8704  -22.0  -26.5     67   1.28    280      3  340.1  345.0  340.4
  340.0   8834  -22.9  -27.5     66   1.18    265      3  340.6  345.1  340.8
  332.0   9008  -24.4  -28.0     72   1.15    245      4  340.9  345.3  341.1
  316.0   9367  -27.5  -29.1     86   1.10    250      5  341.4  345.6  341.6
  300.0   9740  -30.1  -33.3     74   0.77    255      6  342.8  345.9  343.0
  269.0  10506  -35.7  -41.7     54   0.37    290      5  345.5  347.1  345.6
  258.0  10793  -38.1  -43.2     58   0.33    335      3  346.2  347.5  346.2
  250.0  11010  -39.9  -44.4     62   0.30      0      3  346.6  347.9  346.7
  249.0  11037  -40.1  -44.4     63   0.30      7      3  346.7  348.0  346.8
  247.0  11091  -40.6                          20      3  346.8         346.8
  236.0  11393  -43.1                          50      3  347.5         347.5
  200.0  12490  -52.5                          80     20  349.5         349.5
  197.0  12584  -53.3                          85     20  349.7         349.7
  150.0  14280  -67.9                          95     53  352.9         352.9
  133.0  14991  -74.3                         105     51  353.9         353.9
  112.0  15971  -82.3                         101     60  356.7         356.7
  108.0  16173  -82.9                         100     62  359.2         359.2
  100.0  16600  -84.3                          85     57  364.6         364.6
   98.3  16695  -85.1                          80     53  364.9         364.9
   97.0  16768  -84.7                          80     49  366.9         366.9
   93.3  16984  -83.7                          86     42  373.1         373.1
   91.0  17124  -80.2                          90     38  382.7         382.7
   90.3  17167  -79.1                          95     39  385.7         385.7
   87.0  17379  -79.1                         120     42  389.9         389.9
   78.0  18001  -78.9                         105     30  402.5         402.5
   75.0  18224  -78.9                          94     27  407.2         407.2
   72.5  18418  -76.7                          85     25  415.8         415.8
   70.0  18620  -77.1                          75     23  419.1         419.1
   66.3  18931  -79.1                          77     23  421.3         421.3
   61.7  19341  -78.5                          79     24  431.4         431.4
   60.0  19502  -77.1                          80     24  438.0         438.0
   58.4  19657  -75.7                          90     22  444.5         444.5
   56.6  19841  -70.3                         102     21  460.8         460.8
   54.0  20124  -67.5                         120     18  473.4         473.4
   52.5  20293  -65.9                          79     19  481.0         481.0
   52.0  20352  -65.9                          65     19  482.2         482.2
   50.0  20590  -66.1                          55     21  487.3         487.3
   49.0  20711  -66.6                          65     20  489.0         489.0
   44.0  21357  -69.0                         100     14  498.3         498.3
   43.5  21426  -69.3                         100     16  499.2         499.2
   39.2  22047  -68.5                         103     31  516.3         516.3
   35.6  22626  -65.9                         105     45  537.5         537.5
   35.0  22730  -65.0                         105     48  542.5         542.5
   33.6  22979  -62.7                         101     44  554.9         554.9
   32.8  23128  -59.3                          99     42  567.7         567.7
   31.4  23402  -56.9                          94     38  581.3         581.3
   30.0  23690  -56.9                          90     34  588.9         588.9
   27.0  24357  -57.3                          65     29  605.8         605.8
   26.0  24598  -56.5                          90     33  614.8         614.8
   23.0  25381  -53.7                          85     47  644.8         644.8
   22.6  25493  -53.3                          84     47  649.2         649.2
   20.0  26280  -53.7                          75     48  671.0         671.0
   19.5  26442  -54.9                                     672.2         672.2
