-----------------------------------------------------------------------------
   PRES   HGHT   TEMP   DWPT   RELH   MIXR   DRCT   SKNT   THTA   THTE   THTV
    hPa     m      C      C      %    g/kg    deg   knot     K      K      K 
-----------------------------------------------------------------------------
 1000.0     72                                                               
  992.0    108   27.8   24.7     83  20.23    280      2  301.6  361.6  305.3
  939.0    622   23.8   21.6     88  17.64    276     12  302.3  354.7  305.5
  925.0    762   23.6   21.0     85  17.25    275     15  303.4  354.9  306.6
  876.0   1238   21.8   15.8     69  13.05    272     16  306.3  345.8  308.7
  850.0   1500   20.0   15.4     75  13.11    270     17  307.1  346.9  309.5
  821.0   1797   18.1   13.6     75  12.05    255     17  308.1  344.8  310.3
  780.0   2236   15.2   10.9     75  10.61    248     16  309.6  342.2  311.5
  738.0   2702   12.4    4.2     57   7.05    240     14  311.5  333.6  312.8
  720.0   2910   11.2    1.2     50   5.83    247     13  312.3  330.9  313.4
  700.0   3145   10.2    3.2     62   6.93    255     11  313.8  335.7  315.1
  672.0   3483    8.6    3.6     71   7.43    263     11  315.6  339.3  317.1
  663.0   3595    8.3    2.6     67   7.04    265     11  316.6  339.1  317.9
  633.0   3976    7.4   -0.6     57   5.82    248      9  319.7  338.7  320.8
  594.0   4496    4.0   -3.0     60   5.19    225      6  321.6  338.8  322.6
  588.0   4578    3.6   -2.4     65   5.49    217      6  322.1  340.2  323.2
  584.0   4634    3.4   -3.6     60   5.05    212      6  322.5  339.3  323.5
  578.0   4717    4.0  -12.0     30   2.65    205      6  324.1  333.3  324.7
  569.0   4845    4.4  -16.6     20   1.84    193      6  326.1  332.6  326.4
  552.0   5089    2.6  -18.4     20   1.63    170      6  326.7  332.6  327.1
  529.0   5431    0.0  -21.0     19   1.36    161      7  327.6  332.6  327.9
  506.0   5785   -1.5  -20.5     22   1.49    152      9  330.0  335.4  330.3
  500.0   5880   -1.7  -26.7     13   0.87    150      9  330.9  334.2  331.1
  493.0   5992   -2.2  -29.2     11   0.70    145     11  331.6  334.3  331.7
  469.0   6387   -4.1  -38.1      5   0.31    119     12  334.0  335.3  334.1
  457.0   6589   -5.7  -38.0      6   0.32    105     12  334.5  335.8  334.6
  421.0   7228  -10.7  -37.7      9   0.36    102     11  336.0  337.5  336.1
  400.0   7620  -13.1  -40.1      8   0.29    100     10  337.9  339.1  337.9
  376.0   8087  -15.8  -37.2     14   0.42     95      9  340.4  342.1  340.5
  366.0   8291  -16.9  -35.9     18   0.49     98      9  341.5  343.5  341.6
  343.0   8774  -20.7  -31.7     37   0.79    106     10  342.7  345.9  342.9
  333.0   8991  -22.2  -38.5     21   0.42    110     10  343.6  345.4  343.7
  328.0   9102  -22.9  -41.9     16   0.30    108     10  344.1  345.4  344.2
  307.0   9583  -25.9  -45.6     14   0.21    100     10  346.5  347.4  346.6
  300.0   9750  -26.9  -46.9     13   0.19    115      9  347.4  348.2  347.4
  298.0   9798  -27.3  -47.3     13   0.18    118      8  347.4  348.2  347.5
  294.0   9894  -28.1  -47.5     14   0.18    125      7  347.6  348.4  347.6
  282.0  10189  -30.8  -47.9     17   0.18     75      6  348.0  348.8  348.1
  250.0  11040  -38.3  -49.3     30   0.17     45     17  349.0  349.7  349.0
  248.0  11095  -38.8  -49.8     30   0.16     45     18  349.0  349.8  349.1
  243.0  11234  -40.1  -51.1     30   0.14     48     20  349.1  349.8  349.2
  200.0  12530  -50.3                          75     34  352.9         352.9
  198.0  12594  -50.8                          75     33  353.1         353.1
  172.0  13484  -58.2                          95     32  355.5         355.5
  150.0  14350  -65.3                          80     44  357.4         357.4
  135.0  14963  -69.7                          75     41  360.6         360.6
  128.0  15273  -71.9                          60     35  362.1         362.1
  115.0  15897  -76.3                          80     23  365.2         365.2
  104.0  16482  -80.5                         115     30  367.9         367.9
  100.0  16710  -82.1                         110     35  368.9         368.9
   93.0  17108  -84.2                          85     28  372.4         372.4
   84.0  17667  -87.1                          65     13  377.5         377.5
   76.9  18151  -89.7                          80     26  381.8         381.8
   74.5  18323  -87.5                          92     27  389.9         389.9
   73.4  18405  -83.3                          98     27  400.4         400.4
   71.0  18591  -81.8                         110     28  407.5         407.5
   70.0  18670  -81.1                         100     31  410.6         410.6
   69.0  18751  -80.7                          97     30  413.1         413.1
   64.0  19184  -73.6                          80     25  437.6         437.6
   63.5  19229  -72.9                          82     26  440.2         440.2
   61.0  19464  -73.2                          95     31  444.6         444.6
   53.3  20253  -74.3                          95     28  459.5         459.5
   50.0  20630  -69.7                          95     27  478.8         478.8
   48.6  20799  -69.3                          94     28  483.7         483.7
   46.4  21080  -63.7                          93     29  503.6         503.6
   41.5  21770  -60.1                          91     31  528.8         528.8
   34.0  23014  -59.9                          87     36  560.4         560.4
   31.0  23594  -58.3                          85     38  579.7         579.7
   30.0  23800  -57.7                          85     39  586.8         586.8
   28.0  24237  -55.7                          70     36  604.0         604.0
   27.8  24283  -55.5                          71     36  605.8         605.8
   23.0  25489  -56.1                         105     25  637.7         637.7
   20.0  26380  -54.7                         105     39  668.0         668.0
   18.8  26776  -53.9                         104     45  682.4         682.4
   17.8  27130  -50.9                         102     50  702.6         702.6
   15.6  27989  -50.3                          99     63  731.6         731.6
   13.0  29197  -46.5                          95     81  784.0         784.0
   12.0  29727  -44.8                          95     83  808.1         808.1
   11.5  30009  -43.9                          95     83  821.2         821.2
   11.2  30184  -43.3                                     829.5         829.5
