-----------------------------------------------------------------------------
   PRES   HGHT   TEMP   DWPT   RELH   MIXR   DRCT   SKNT   THTA   THTE   THTV
    hPa     m      C      C      %    g/kg    deg   knot     K      K      K 
-----------------------------------------------------------------------------
 1000.0     82                                                               
  993.0    108   24.2   23.1     94  18.30    130      4  297.9  351.3  301.2
  992.0    117   23.4   20.4     83  15.46    120      4  297.2  342.1  300.0
  975.0    278   23.6   20.1     80  15.42    315      5  298.9  344.1  301.7
  950.0    520   24.0   19.6     76  15.36    303     11  301.5  347.0  304.3
  925.0    768   22.0   18.9     83  15.09    290     18  301.8  346.5  304.5
  911.0    900   21.3   17.3     78  13.87    285     19  302.4  343.6  304.9
  880.0   1200   19.8   13.8     68  11.39    288     21  303.9  338.0  305.9
  873.0   1269   19.2   15.5     79  12.85    288     21  303.9  342.4  306.3
  868.0   1318   18.8   15.8     83  13.18    288     21  304.0  343.4  306.4
  857.0   1428   19.0   11.0     60   9.71    289     22  305.3  334.7  307.1
  850.0   1498   18.6   10.6     60   9.53    290     22  305.6  334.5  307.4
  846.0   1539   18.8    9.8     56   9.07    289     22  306.2  333.9  307.9
  835.0   1651   17.6   13.7     78  11.94    285     21  306.1  342.2  308.3
  821.0   1796   17.0   10.7     66   9.93    280     21  307.0  337.3  308.8
  768.0   2366   14.8   -1.2     33   4.58    266     17  310.5  325.1  311.4
  765.0   2399   14.5   -0.6     36   4.83    265     17  310.5  325.9  311.4
  746.0   2612   12.6    3.6     54   6.69    275     18  310.7  331.7  312.0
  727.0   2829   11.6    2.6     54   6.39    285     18  311.9  332.1  313.1
  722.0   2887   11.4    0.4     47   5.49    288     18  312.3  329.8  313.3
  717.0   2945   10.8    2.8     58   6.57    291     18  312.3  333.0  313.5
  716.0   2957   10.6    5.9     73   8.20    291     18  312.2  337.8  313.7
  711.0   3016   10.4    4.4     66   7.43    294     19  312.6  336.0  314.0
  710.0   3027   10.8    1.8     54   6.18    294     19  313.1  332.8  314.3
  706.0   3075   10.4    1.4     54   6.03    297     19  313.2  332.4  314.4
  705.0   3087   10.2    6.0     75   8.39    297     19  313.1  339.4  314.7
  704.0   3098   10.0    6.2     77   8.52    298     19  313.0  339.7  314.6
  700.0   3146   10.0    0.0     50   5.50    300     19  313.5  331.1  314.6
  699.0   3158   10.2    1.2     54   6.01    300     19  313.9  333.1  315.0
  696.0   3194    9.8   -0.2     50   5.45    298     19  313.8  331.3  314.9
  689.0   3277    9.2    1.2     57   6.10    296     19  314.1  333.5  315.2
  687.0   3302    8.9    2.2     63   6.57    295     19  314.0  334.9  315.2
  684.0   3338    8.4    3.7     72   7.35    295     19  313.8  337.1  315.2
  683.0   3350    8.2    3.4     72   7.20    295     19  313.7  336.5  315.1
  682.0   3362    8.4    7.2     92   9.43    295     19  314.1  343.7  315.9
  669.0   3521    8.8    1.8     61   6.56    294     20  316.3  337.3  317.5
  662.0   3608    8.6   -1.4     49   5.24    294     20  317.0  334.0  318.0
  659.0   3646    8.2   -1.8     49   5.11    294     20  316.9  333.6  317.9
  657.0   3671    8.0    2.0     66   6.78    293     20  317.0  338.8  318.3
  653.0   3721    7.8    0.8     61   6.25    293     20  317.3  337.5  318.5
  630.0   4017    7.4   -8.6     31   3.19    292     21  320.1  330.9  320.8
  619.0   4161    6.8  -10.2     29   2.86    291     21  321.1  330.8  321.6
  614.0   4228    6.0   -4.0     49   4.66    291     21  320.9  336.4  321.8
  600.0   4416    5.0   -4.0     52   4.77    290     22  321.9  337.7  322.8
  594.0   4498    4.1   -0.8     70   6.14    290     22  321.8  342.0  323.0
  593.0   4512    4.0   -0.2     74   6.40    290     22  321.8  342.8  323.0
  543.0   5223    0.0   -7.0     59   4.19    295     23  325.2  339.4  326.0
  528.0   5447   -0.3   -9.3     51   3.60    297     23  327.5  339.9  328.2
  500.0   5880   -3.5  -12.5     50   2.94    300     23  328.7  339.0  329.3
  439.0   6885  -10.6  -18.3     53   2.07    300     19  332.2  339.7  332.6
  407.0   7469  -14.7  -21.7     55   1.67    277     22  334.1  340.3  334.5
  405.0   7506  -15.0  -22.0     55   1.63    275     22  334.2  340.2  334.6
  400.0   7600  -15.7  -22.7     55   1.55    275     21  334.5  340.2  334.8
  390.0   7790  -17.0  -21.1     70   1.83    270     19  335.2  341.9  335.6
  383.0   7926  -17.9  -20.0     84   2.05    277     19  335.8  343.3  336.2
  366.0   8265  -20.1  -21.2     91   1.94    294     19  337.2  344.4  337.6
  360.0   8387  -20.4  -23.6     75   1.60    300     19  338.5  344.4  338.8
  345.0   8702  -21.1  -29.7     46   0.95    290     15  341.7  345.4  341.9
  344.0   8724  -21.1  -30.1     44   0.92    292     15  341.9  345.5  342.1
  331.0   9007  -22.9  -35.9     29   0.54    320     10  343.2  345.4  343.3
  310.0   9484  -26.9  -32.9     57   0.78    304      8  344.1  347.2  344.3
  305.0   9601  -27.9  -33.3     60   0.76    300      7  344.3  347.4  344.5
  300.0   9720  -28.9  -33.7     63   0.74    295      7  344.5  347.5  344.7
  280.0  10209  -33.0  -36.3     72   0.61    280      7  345.5  348.0  345.6
  273.0  10389  -34.5  -37.3     76   0.57    255      3  345.8  348.1  345.9
  269.0  10492  -35.2  -38.8     69   0.50    240      1  346.3  348.3  346.4
  265.0  10597  -35.9  -40.4     63   0.43    194      3  346.7  348.5  346.8
  257.0  10809  -37.8  -41.2     70   0.41    100      8  347.0  348.7  347.1
  250.0  11000  -39.5  -41.9     78   0.39     85     11  347.2  348.8  347.3
  247.0  11083  -40.1  -41.9     83   0.39     79     11  347.5  349.1  347.6
  236.0  11386  -42.5                          55     13  348.4         348.4
  200.0  12490  -51.3                          90     22  351.4         351.4
  150.0  14290  -66.5                         130     35  355.3         355.3
  147.0  14407  -67.3                         125     36  355.9         355.9
  120.0  15578  -75.9                         100     38  361.6         361.6
  100.0  16630  -83.5                          90     35  366.2         366.2
   96.2  16845  -84.3                          85     32  368.7         368.7
   87.0  17401  -83.8                          85     28  380.3         380.3
   84.2  17582  -83.7                          82     32  384.2         384.2
   81.9  17736  -82.7                          79     36  389.3         389.3
   79.8  17882  -78.5                          77     39  400.8         400.8
   78.0  18013  -76.7                          75     42  407.3         407.3
   76.7  18110  -75.3                          70     37  412.1         412.1
   74.0  18318  -75.0                          60     27  417.0         417.0
   70.0  18640  -74.5                          80     10  424.7         424.7
   68.4  18775  -75.5                          85      6  425.3         425.3
   67.0  18896  -73.4                          90      2  432.3         432.3
   66.1  18975  -72.1                         140      2  436.9         436.9
   64.0  19164  -72.9                         260      2  439.2         439.2
   58.4  19701  -75.1                         148     18  445.9         445.9
   58.0  19741  -74.9                         140     19  447.2         447.2
   55.0  20052  -73.4                         115     21  457.6         457.6
   54.1  20148  -72.9                          94     17  460.8         460.8
   52.0  20380  -73.9                          45      9  463.7         463.7
   50.8  20517  -74.5                          48      9  465.4         465.4
   50.0  20610  -72.5                          50      9  472.2         472.2
   49.0  20730  -70.2                          70     15  480.4         480.4
   48.6  20778  -69.3                          70     16  483.7         483.7
   47.0  20980  -68.6                          70     19  490.1         490.1
   45.0  21242  -67.6                          45     15  498.5         498.5
   39.8  21982  -64.9                          99     34  523.1         523.1
   38.0  22264  -65.1                         120     41  529.7         529.7
   33.7  22994  -65.5                          94     40  547.0         547.0
   33.0  23122  -64.8                          90     40  552.0         552.0
   31.8  23348  -63.7                          94     42  561.0         561.0
   30.0  23710  -57.9                         100     44  586.2         586.2
   29.0  23924  -58.0                          95     41  591.8         591.8
   26.0  24613  -58.1                          75     37  610.0         610.0
   23.4  25277  -58.3                          79     43  628.2         628.2
   20.2  26207  -57.1                          85     51  658.8         658.8
   20.0  26270  -57.1                          85     52  660.6         660.6
   19.0  26597  -55.1                          90     51  676.5         676.5
   18.2  26871  -53.5                                     690.0         690.0
