-----------------------------------------------------------------------------
   PRES   HGHT   TEMP   DWPT   RELH   MIXR   DRCT   SKNT   THTA   THTE   THTV
    hPa     m      C      C      %    g/kg    deg   knot     K      K      K 
-----------------------------------------------------------------------------
 1010.0     12   28.8   22.8     70  17.65      0      1  301.1  353.2  304.3
 1000.0    101   28.4   21.4     66  16.33    315      2  301.6  349.9  304.5
  978.0    297   26.6   20.8     71  16.07    305      7  301.6  349.2  304.5
  937.0    675   23.0   19.6     81  15.58    313     15  301.7  347.8  304.5
  936.0    685   23.0   19.8     82  15.79    313     16  301.8  348.6  304.6
  925.0    788   23.2   16.2     65  12.68    315     18  303.0  340.9  305.3
  922.0    817   23.8   15.8     61  12.39    316     18  303.9  341.1  306.2
  882.0   1204   21.3   10.3     50   9.02    325     16  305.2  332.6  306.8
  881.0   1214   21.2   10.2     49   8.94    325     16  305.2  332.4  306.8
  852.0   1505   20.3    8.3     46   8.14    315     15  307.1  332.2  308.7
  850.0   1525   20.2    8.2     46   8.09    315     14  307.3  332.2  308.8
  839.0   1637   20.4    3.4     33   5.86    304     13  308.6  327.0  309.7
  794.0   2106   16.7    7.1     53   8.02    255     11  309.6  334.5  311.1
  767.0   2400   14.4    9.4     72   9.74    250     14  310.2  340.3  312.0
  758.0   2500   13.6    9.7     77  10.06    255     13  310.4  341.5  312.2
  753.0   2555   13.2    9.6     79  10.06    258     12  310.5  341.6  312.4
  750.0   2589   13.2    9.5     78  10.03    259     12  310.9  341.9  312.8
  742.0   2679   14.4   -2.6     31   4.28    264     10  313.1  327.0  313.9
  740.0   2702   14.4   -5.6     25   3.42    265     10  313.4  324.6  314.0
  700.0   3166   11.4  -11.6     19   2.26    235      8  315.1  322.7  315.5
  689.0   3298   10.4  -18.5     11   1.29    235     11  315.4  319.9  315.6
  687.0   3322   10.2  -19.8     10   1.16    236     11  315.4  319.5  315.7
  679.0   3419   10.2  -24.8      7   0.76    239     11  316.5  319.2  316.6
  677.0   3444   10.0  -18.0     12   1.38    240     11  316.5  321.3  316.8
  673.0   3493   10.2  -31.8      3   0.40    241     10  317.3  318.8  317.4
  659.0   3667    8.4   -4.6     39   4.15    247     10  317.2  330.8  318.0
  637.0   3948    6.8   -1.2     57   5.53    256      9  318.4  336.5  319.5
  624.0   4117    5.6   -0.4     65   5.99    262      8  319.0  338.5  320.1
  617.0   4209    5.4   -4.1     50   4.61    265      8  319.8  335.0  320.7
  616.0   4223    5.4   -4.6     49   4.44    264      8  319.9  334.6  320.8
  606.0   4356    4.6   -4.4     52   4.58    255      9  320.5  335.7  321.4
  602.0   4411    5.0  -13.0     26   2.35    251      9  321.6  329.6  322.0
  595.0   4506    4.6  -16.2     20   1.82    245     10  322.1  328.5  322.5
  592.0   4547    4.4  -17.6     18   1.63    248      9  322.4  328.1  322.7
  574.0   4798    2.3  -14.0     29   2.27    265      5  322.8  330.7  323.3
  573.0   4812    2.2  -13.8     30   2.31    263      5  322.8  330.8  323.3
  568.0   4882    1.4   -7.6     51   3.82    251      4  322.7  335.6  323.4
  558.0   5025    1.0  -19.0     21   1.53    227      3  323.9  329.3  324.2
  554.0   5083    1.0  -25.0     12   0.91    217      3  324.5  327.9  324.7
  553.0   5098    0.9  -24.1     13   0.99    215      3  324.6  328.2  324.8
  542.0   5259    0.0  -14.0     34   2.40    124      4  325.4  333.8  325.9
  533.0   5393   -1.5   -8.5     59   3.80     48      4  325.1  338.1  325.9
  532.0   5408   -1.6   -8.5     59   3.80     40      4  325.2  338.1  326.0
  513.0   5697   -3.5   -8.7     67   3.89     60      4  326.3  339.6  327.1
  511.0   5728   -3.7   -8.7     68   3.90     57      4  326.4  339.7  327.2
  500.0   5900   -4.5  -10.5     63   3.46     40      2  327.5  339.4  328.2
  494.0   5995   -4.8  -11.8     58   3.17     35      3  328.2  339.2  328.9
  481.0   6205   -5.5  -14.5     49   2.60    283      4  329.9  339.1  330.4
  475.0   6304   -6.2  -14.1     54   2.71    230      4  330.2  339.7  330.7
  465.0   6470   -7.5  -13.5     62   2.92    224      4  330.6  340.9  331.2
  460.0   6555   -8.1  -13.0     68   3.07    222      4  330.9  341.7  331.5
  457.0   6606   -8.3  -15.1     58   2.61    220      4  331.3  340.6  331.8
  449.0   6743   -8.7  -20.7     37   1.65    299      3  332.4  338.5  332.8
  440.0   6899   -9.9  -20.1     43   1.77     30      2  332.9  339.4  333.3
  429.0   7095  -11.3  -19.3     52   1.95     49      7  333.5  340.6  333.9
  423.0   7203  -12.2  -19.7     54   1.91     60     10  333.7  340.6  334.1
  417.0   7313  -13.1  -20.1     56   1.87     57     11  333.9  340.7  334.3
  412.0   7405  -12.9  -22.9     43   1.48     55     12  335.3  340.8  335.6
  400.0   7630  -14.1  -26.1     36   1.14     50     14  336.6  340.9  336.8
  394.0   7745  -14.5  -27.5     32   1.02     50     13  337.5  341.4  337.7
  391.0   7802  -14.9  -26.5     36   1.13     50     13  337.8  342.0  338.0
  383.0   7959  -15.9  -23.9     50   1.46     63      8  338.4  343.9  338.7
  376.0   8094  -16.9  -25.0     50   1.34     75      3  338.8  343.9  339.1
  361.0   8392  -19.2  -27.4     48   1.12    205      1  339.8  344.1  340.0
  333.0   8985  -23.7  -32.3     45   0.77    155      3  341.5  344.6  341.7
  319.0   9300  -26.1  -34.8     44   0.63     75      5  342.4  344.9  342.6
  300.0   9750  -29.5  -38.5     41   0.46    100      5  343.7  345.6  343.8
  293.0   9914  -30.8  -40.1     40   0.40     95      5  344.1  345.8  344.2
  250.0  11020  -39.7  -50.7     30   0.15     70     23  346.9  347.6  346.9
  249.0  11047  -40.1  -53.1     24   0.11     70     23  346.7  347.2  346.7
  236.0  11405  -43.0                          70     25  347.7         347.7
  200.0  12510  -51.9                          95     32  350.4         350.4
  177.0  13286  -59.5                         102     31  350.4         350.4
  155.0  14099  -65.9                         110     30  353.0         353.0
  150.0  14300  -67.5                         105     34  353.6         353.6
  137.0  14839  -72.3                          98     46  354.4         354.4
  124.0  15418  -77.3                          91     60  355.6         355.6
  116.0  15798  -80.1                          86     69  357.2         357.2
  114.0  15896  -79.9                          85     71  359.4         359.4
  100.0  16640  -78.3                         105     38  376.2         376.2
   97.0  16812  -78.6                         105     36  378.9         378.9
   92.0  17112  -79.1                          90     23  383.6         383.6
   88.0  17364  -79.6                          30      6  387.6         387.6
   83.0  17695  -80.2                         295     18  393.0         393.0
   75.0  18269  -81.2                         295     23  402.4         402.4
   73.9  18353  -81.3                         286     20  403.8         403.8
   71.0  18580  -78.9                         260     12  413.5         413.5
   70.0  18660  -78.1                         245      9  417.0         417.0
   67.0  18913  -75.4                         150      6  428.1         428.1
   65.2  19070  -73.7                          55      8  435.1         435.1
   64.0  19179  -73.7                         350     10  437.5         437.5
   61.0  19459  -73.6                          30     12  443.8         443.8
   58.3  19724  -73.5                          17     12  449.7         449.7
   55.4  20023  -72.3                           2     12  459.1         459.1
   55.0  20066  -71.5                           0     12  461.8         461.8
   53.2  20263  -67.9                                     474.6         474.6
