-----------------------------------------------------------------------------
   PRES   HGHT   TEMP   DWPT   RELH   MIXR   DRCT   SKNT   THTA   THTE   THTV
    hPa     m      C      C      %    g/kg    deg   knot     K      K      K 
-----------------------------------------------------------------------------
   94.2         -86.1                                     367.4         367.4
   87.0         -85.2                          80     26  377.5         377.5
   85.8         -85.1                         112     21  379.3         379.3
   85.0         -84.7                         133     17  381.1         381.1
   83.6         -78.9                         171     11  394.7         394.7
   82.0         -76.2                         215      4  402.5         402.5
   80.7         -73.9                         224      5  409.0         409.0
   72.6         -76.3                         280     15  416.5         416.5
   70.0         -76.5                         300     18  420.3         420.3
   67.0         -76.8                         315      7  425.0         425.0
   66.3         -76.9                         289      7  426.1         426.1
   64.2         -76.9                         208      7  430.1         430.1
   63.8         -76.9                         192      7  430.8         430.8
   63.0         -72.7                         160      7  441.6         441.6
   57.6         -74.7                         133     19  448.6         448.6
   57.0         -74.7                         130     20  449.8         449.8
   52.8         -74.9                         159     22  459.4         459.4
   52.0         -73.8                         165     22  464.0         464.0
   49.7         -70.5                         138     21  477.8         477.8
   49.0         -70.7                         130     21  479.4         479.4
   43.5         -71.9                         107     22  492.9         492.9
   40.0         -69.1                          90     22  511.9         511.9
   37.7         -67.1                          90     21  525.7         525.7
   36.0         -62.4                          90     21  544.9         544.9
   35.0         -59.5                          75     17  556.8         556.8
   34.6         -58.3                          66     16  561.8         561.8
   33.1         -56.5                          32     14  573.7         573.7
   33.0         -56.5                          30     14  574.1         574.1
   31.0         -57.0                         345     17  583.2         583.2
   30.0         -57.2                         310     11  588.1         588.1
   29.0         -57.5                         235     12  593.1         593.1
   28.8         -57.5                         233     12  594.2         594.2
   27.0         -60.1                         215     13  598.0         598.0
   26.6         -60.7                         183     13  598.8         598.8
   26.0         -60.5                         135     12  603.4         603.4
   25.0         -60.1                         105     29  611.3         611.3
   22.0         -58.8                          85     54  637.9         637.9
   21.4         -58.5                          81     53  643.8         643.8
   20.4         -55.3                          75     52  662.4         662.4
   19.0         -53.5                          65     51  681.7         681.7
   18.3         -52.5                                     692.1         692.1
   15.0         -55.1                                     723.9         723.9
