-----------------------------------------------------------------------------
   PRES   HGHT   TEMP   DWPT   RELH   MIXR   DRCT   SKNT   THTA   THTE   THTV
    hPa     m      C      C      %    g/kg    deg   knot     K      K      K 
-----------------------------------------------------------------------------
 1009.0     12   27.0   23.8     83  18.80     80      1  299.4  354.5  302.7
 1008.0     21   28.6   21.6     66  16.41     77      1  301.1  349.5  304.0
 1000.0     97   27.8   20.8     66  15.73     50      1  300.9  347.4  303.8
  977.0    302   25.6   19.6     69  14.92     15      4  300.7  344.8  303.4
  944.0    602   24.7   18.1     67  14.01    335     15  302.8  344.5  305.3
  926.0    771   24.2   17.2     65  13.51    330     20  303.9  344.4  306.4
  925.0    780   24.2   17.2     65  13.53    330     20  304.1  344.6  306.5
  854.0   1475   20.2   14.2     68  12.06    306     21  306.9  343.5  309.1
  850.0   1515   19.8   12.8     64  11.04    305     21  306.9  340.4  308.9
  794.0   2095   14.9   11.0     77  10.51    280     16  307.7  339.8  309.6
  775.0   2302   13.2   10.4     83  10.32    282     15  308.0  339.5  309.9
  761.0   2455   13.4   10.0     80  10.23    283     14  309.8  341.3  311.7
  708.0   3059    9.4    6.5     82   8.65    289     11  311.9  338.8  313.5
  700.0   3153    9.2    6.1     81   8.51    290     10  312.6  339.3  314.2
  663.0   3602    7.3    3.4     76   7.41    280     12  315.4  339.0  316.9
  645.0   3829    6.4    2.0     73   6.90    289     14  316.9  339.0  318.2
  616.0   4203    4.5    0.2     74   6.35    305     16  318.9  339.5  320.1
  553.0   5079    0.0   -4.0     74   5.17    289     17  323.5  340.8  324.5
  500.0   5880   -5.1   -8.0     80   4.21    275     18  326.8  341.1  327.6
  482.0   6167   -7.5   -9.6     85   3.85    275     19  327.2  340.4  328.0
  474.0   6296   -8.1  -10.4     84   3.68    275     20  328.1  340.8  328.8
  435.0   6959  -11.1  -14.4     77   2.90    280     16  332.4  342.7  333.0
  424.0   7156  -11.3  -17.3     61   2.33    282     15  334.6  343.0  335.1
  405.0   7505  -13.5  -18.6     65   2.18    285     13  336.1  344.1  336.6
  400.0   7600  -14.1  -19.0     66   2.14    280     14  336.6  344.4  337.0
  387.0   7850  -16.3  -20.1     72   2.01    270     17  336.9  344.3  337.3
  374.0   8104  -17.9  -22.9     65   1.62    260     20  338.1  344.1  338.4
  336.0   8900  -22.9  -31.9     44   0.79    272     17  341.8  344.9  341.9
  300.0   9720  -29.5  -37.5     46   0.51    285     13  343.7  345.8  343.8
  292.0   9908  -31.1  -38.6     47   0.47    280     10  344.1  346.0  344.2
  280.0  10201  -33.6  -40.4     50   0.40    315      3  344.6  346.3  344.7
  268.0  10506  -36.2  -42.3     53   0.35     55      4  345.2  346.6  345.2
  257.0  10798  -38.7  -44.1     57   0.30     60      5  345.7  346.9  345.7
  251.0  10963  -40.1  -45.1     59   0.27     60      2  345.9  347.1  346.0
  250.0  10990  -40.3                          60      2  346.0         346.0
  246.0  11098  -41.2                         335      1  346.2         346.2
  235.0  11403  -43.8                         200      4  346.9         346.9
  206.0  12283  -51.2                         160     15  348.5         348.5
  200.0  12480  -52.9                         160     18  348.8         348.8
  162.0  13791  -64.3                         115     31  351.3         351.3
  150.0  14270  -68.5                         115     35  351.9         351.9
  147.0  14390  -69.5                         113     37  352.2         352.2
  132.0  15016  -73.6                         100     50  355.9         355.9
  119.0  15619  -77.5                          83     46  359.4         359.4
  113.0  15914  -77.5                          75     44  364.8         364.8
  100.0  16610  -77.5                          40     23  377.7         377.7
   97.0  16783  -78.6                          25     16  378.9         378.9
   92.0  17084  -80.5                         290      6  380.9         380.9
   86.0  17467  -82.9                         220     11  383.5         383.5
   83.0  17666  -82.5                         175      9  388.1         388.1
   82.7  17686  -82.5                         184      9  388.6         388.6
   81.1  17796  -81.3                         233      8  393.2         393.2
   79.8  17888  -76.7                         273      8  404.5         404.5
   78.0  18021  -76.4                         330      7  407.9         407.9
   74.0  18326  -75.6                         315     20  415.7         415.7
   72.6  18437  -75.3                         294     19  418.6         418.6
   71.0  18567  -74.4                         270     18  423.1         423.1
   70.0  18650  -73.9                         260     18  426.0         426.0
   69.4  18700  -71.9                         260     18  431.3         431.3
   64.0  19175  -73.7                         255     16  437.6         437.6
   62.1  19351  -74.3                         274     13  439.9         439.9
   61.0  19456  -72.8                         285     12  445.4         445.4
   59.4  19613  -70.7                         286     11  453.6         453.6
   54.3  20148  -68.5                         289      9  470.4         470.4
   52.0  20406  -69.3                         290      8  474.3         474.3
   50.0  20640  -70.1                         275      5  477.9         477.9
   47.0  21012  -68.3                         140     10  490.7         490.7
   43.0  21546  -65.7                          95     16  509.8         509.8
   41.0  21833  -64.3                         115     17  520.2         520.2
   39.0  22138  -64.2                         135     18  528.0         528.0
   37.0  22459  -64.1                         135     20  536.3         536.3
   35.0  22798  -63.9                         115     20  545.2         545.2
   31.8  23383  -63.7                         131     13  561.0         561.0
   30.0  23740  -62.9                         140      8  572.6         572.6
   29.5  23843  -62.7                         125      8  575.9         575.9
   29.0  23950  -61.5                         110      7  582.0         582.0
   27.6  24257  -58.1                          27      6  599.8         599.8
   27.0  24395  -58.2                         350      5  603.3         603.3
   26.0  24632  -58.3                         310     10  609.5         609.5
   25.0  24878  -58.5                         330      5  615.9         615.9
   24.9  24903  -58.5                         344      6  616.5         616.5
   24.0  25137  -57.3                         110     12  626.6         626.6
   23.0  25408  -55.9                          85     26  638.4         638.4
   20.5  26141  -52.1                          89     45  671.2         671.2
   20.0  26300  -52.3                          90     49  675.3         675.3
   17.2  27271  -52.5                          87     63  704.4         704.4
   16.0  27740  -50.6                          85     69  725.3         725.3
   15.1  28116  -49.1                          86     67  742.4         742.4
   13.5  28856  -43.7                          89     64  785.0         785.0
   13.0  29110  -43.5                          90     63  794.0         794.0
   10.0  30870  -42.5                         110     66  859.8         859.8
    9.9  30938  -41.9                                     864.5         864.5
