-----------------------------------------------------------------------------
   PRES   HGHT   TEMP   DWPT   RELH   MIXR   DRCT   SKNT   THTA   THTE   THTV
    hPa     m      C      C      %    g/kg    deg   knot     K      K      K 
-----------------------------------------------------------------------------
 1010.0     12   27.8   23.3     77  18.21    350      4  300.1  353.7  303.4
 1009.0     22   28.8   21.8     66  16.60    352      4  301.2  350.2  304.2
 1000.0    108   28.6   20.6     62  15.53     10      8  301.8  347.8  304.6
  979.0    295   27.3   18.9     60  14.24      0      8  302.3  344.6  304.9
  949.0    569   25.4   16.4     57  12.51    351     12  303.1  340.4  305.3
  946.0    597   25.2   15.9     56  12.14    350     12  303.2  339.5  305.4
  925.0    793   24.2   12.2     47   9.74    340     16  304.1  333.4  305.8
  902.0   1014   24.0    4.0     27   5.68    329     17  306.0  323.7  307.1
  883.0   1199   22.6    6.6     35   6.96    320     17  306.5  327.9  307.8
  853.0   1500   20.4   10.8     54   9.60    320     12  307.2  336.6  309.0
  850.0   1531   20.2   11.2     56   9.92    320     12  307.3  337.6  309.1
  795.0   2103   15.2    9.7     70   9.61    280     12  307.8  337.3  309.6
  783.0   2233   14.0    9.4     74   9.54    285     12  307.9  337.2  309.7
  744.0   2664   12.6    5.6     62   7.72    302     13  310.9  335.1  312.4
  715.0   2996   10.4    6.2     76   8.41    315     13  312.1  338.4  313.6
  700.0   3173    9.2    6.6     84   8.81    305     13  312.6  340.2  314.3
  689.0   3304    8.3    5.8     84   8.48    290     10  313.1  339.7  314.7
  683.0   3377    7.8    5.4     85   8.30    273      9  313.3  339.4  314.9
  665.0   3597    7.0    4.6     85   8.06    220      4  314.8  340.3  316.3
  641.0   3899    5.8    3.5     85   7.74    250      6  316.8  341.5  318.3
  628.0   4068    5.2    2.9     85   7.57    300      5  317.9  342.2  319.4
  618.0   4199    4.7    2.0     82   7.19    340      4  318.8  342.0  320.2
  612.0   4279    4.4    1.4     81   6.97    350      5  319.4  341.9  320.7
  600.0   4440    4.0   -5.0     52   4.42     11      8  320.7  335.4  321.6
  595.0   4508    3.5   -5.5     52   4.28     20      9  320.9  335.1  321.7
  577.0   4757    1.6   -7.4     51   3.82     21      9  321.5  334.3  322.2
  570.0   4855    1.6  -14.4     29   2.21     22      9  322.6  330.3  323.1
  565.0   4926    1.2  -12.8     34   2.54     22      9  323.0  331.7  323.5
  546.0   5200    0.0  -28.0     10   0.70     24      9  324.7  327.3  324.8
  543.0   5244   -0.5  -18.5     24   1.65     24      9  324.6  330.5  324.9
  542.0   5259   -0.5  -13.5     37   2.50     24      9  324.8  333.5  325.3
  541.0   5274   -0.5  -19.5     22   1.52     24      9  325.0  330.4  325.3
  537.0   5333   -0.7  -19.7     22   1.50     25      9  325.4  330.8  325.7
  532.0   5408   -1.3  -10.3     50   3.30     25      9  325.6  336.9  326.2
  526.0   5498   -2.1   -7.0     69   4.32     34      9  325.7  340.3  326.5
  513.0   5697   -3.0   -9.9     59   3.53     55      8  326.9  339.1  327.6
  500.0   5900   -3.9  -12.9     50   2.85     55     12  328.2  338.2  328.8
  494.0   5995   -4.7  -15.7     42   2.29     50     14  328.4  336.5  328.8
  487.0   6108   -5.5  -17.5     38   2.00     56     13  328.7  335.9  329.1
  477.0   6270   -6.5  -12.5     62   3.09     63     11  329.4  340.2  330.1
  470.0   6386   -6.5  -16.5     45   2.25     69     10  330.9  338.9  331.3
  457.0   6605   -8.0  -16.5     50   2.32     80      8  331.7  339.9  332.1
  444.0   6829   -9.5  -16.5     57   2.38    126      6  332.5  341.0  333.0
  440.0   6899  -10.0  -17.3     55   2.25    140      5  332.7  340.8  333.1
  428.0   7112  -11.7  -19.7     52   1.88    115      4  333.2  340.1  333.6
  423.0   7202  -12.1  -18.1     61   2.19    105      4  333.8  341.7  334.2
  422.0   7220  -12.1  -17.1     66   2.39     99      4  334.0  342.6  334.5
  417.0   7312  -11.5  -22.5     40   1.52     72      5  335.9  341.6  336.2
  407.0   7497  -12.8  -24.9     35   1.25     15      6  336.6  341.3  336.9
  400.0   7630  -13.7  -26.7     33   1.08     10      6  337.1  341.2  337.3
  376.0   8094  -17.2  -32.3     26   0.68     55     11  338.5  341.2  338.6
  366.0   8296  -18.7  -34.7     23   0.55     55     11  339.1  341.3  339.2
  333.0   8989  -24.0  -30.9     53   0.88     55      9  341.1  344.6  341.3
  330.0   9056  -24.5  -30.5     58   0.92     61      8  341.3  344.9  341.5
  319.0   9301  -26.5  -31.0     66   0.91     85      4  341.9  345.4  342.1
  308.0   9552  -27.9  -36.9     42   0.53    152      2  343.4  345.5  343.5
  306.0   9599  -28.3  -37.3     42   0.51    165      2  343.4  345.5  343.5
  300.0   9740  -29.5  -38.5     41   0.46    140      4  343.7  345.6  343.8
  294.0   9884  -30.4  -39.0     43   0.44    140      6  344.4  346.2  344.5
  283.0  10155  -32.1  -40.1     45   0.41    144      9  345.7  347.4  345.8
  281.0  10205  -32.5  -42.0     38   0.34    145     10  345.9  347.3  345.9
  279.0  10256  -32.9  -43.9     32   0.28    142     10  346.0  347.2  346.1
  258.0  10801  -37.3  -51.2     22   0.13    105     12  347.3  347.9  347.3
  250.0  11020  -39.1  -54.1     19   0.10    110     15  347.8  348.2  347.8
  247.0  11103  -39.9  -52.9     24   0.11    110     16  347.8  348.3  347.8
  200.0  12510  -51.5                         110     31  351.1         351.1
  197.0  12605  -52.3                         110     32  351.2         351.2
  150.0  14310  -67.5                         120     33  353.6         353.6
  144.0  14554  -70.1                         120     33  353.2         353.2
  140.0  14719  -71.7                         120     33  353.2         353.2
  128.0  15243  -76.9                         114     41  353.1         353.1
  109.0  16152  -83.3                         104     55  357.6         357.6
  102.0  16520  -84.1                         100     61  363.0         363.0
  100.0  16630  -84.3                         100     61  364.6         364.6
   99.0  16686  -84.7                         100     61  364.9         364.9
   97.0  16799  -84.7                         100     60  367.0         367.0
   95.3  16897  -84.7                          97     52  368.9         368.9
   94.0  16973  -80.3                          94     45  379.0         379.0
   92.0  17097  -78.3                          90     35  385.3         385.3
   89.3  17268  -75.5                          63     24  394.1         394.1
   87.0  17418  -76.2                          40     14  395.6         395.6
   83.0  17688  -77.5                         295     12  398.3         398.3
   77.4  18090  -79.5                         265     19  402.3         402.3
   75.0  18268  -79.8                         260     17  405.4         405.4
   71.0  18579  -80.2                         255     28  410.9         410.9
   70.0  18660  -80.3                         260     28  412.3         412.3
   64.0  19176  -76.1                         295     23  432.2         432.2
   62.1  19350  -74.7                         301     19  439.0         439.0
   61.0  19454  -74.7                         305     17  441.3         441.3
   57.0  19850  -74.7                         285     12  449.9         449.9
   55.5  20006  -74.7                         255      6  453.3         453.3
   55.0  20059  -74.4                         245      4  455.1         455.1
   52.0  20389  -72.8                           0      0  466.2         466.2
   50.0  20620  -71.7                         170      2  474.1         474.1
   49.0  20740  -69.9                         165      7  481.2         481.2
   48.8  20764  -69.5                                     482.6         482.6
