-----------------------------------------------------------------------------
   PRES   HGHT   TEMP   DWPT   RELH   MIXR   DRCT   SKNT   THTA   THTE   THTV
    hPa     m      C      C      %    g/kg    deg   knot     K      K      K 
-----------------------------------------------------------------------------
 1010.0     12   28.8   23.9     75  18.90    150      8  301.1  357.0  304.5
 1009.0     21   29.4   20.4     58  15.19    157      7  301.8  346.8  304.5
 1000.0    104   28.4   20.4     62  15.33    220      1  301.6  346.9  304.3
  978.0    301   26.6   19.7     66  14.99     20      2  301.7  346.1  304.4
  946.0    596   23.9   18.6     72  14.49    335      7  301.8  344.8  304.5
  928.0    767   22.4   18.0     76  14.20    326     12  301.9  344.0  304.5
  925.0    795   22.2   18.1     78  14.34    325     13  302.0  344.5  304.6
  895.0   1081   22.6   14.6     61  11.81    305     12  305.3  340.9  307.4
  852.0   1506   19.2   11.2     60   9.87    275     10  306.0  336.0  307.8
  850.0   1526   19.0   11.0     60   9.79    275      9  306.0  335.8  307.8
  837.0   1658   17.8   10.8     64   9.81    273      9  306.1  335.9  307.9
  821.0   1823   18.2    5.2     42   6.80    270     10  308.2  329.4  309.5
  780.0   2259   15.4   -0.6     33   4.72    263     11  309.8  324.8  310.7
  763.0   2445   13.6    6.6     63   8.07    259     12  309.8  334.9  311.3
  740.0   2702   12.2    7.2     71   8.68    255     13  311.0  338.0  312.7
  736.0   2748   12.0    7.3     73   8.79    255     13  311.2  338.6  312.9
  723.0   2897   11.4    6.6     72   8.52    255     13  312.2  338.8  313.8
  713.0   3013   11.4    2.4     54   6.42    255     12  313.4  333.8  314.6
  710.0   3049   11.6   -0.4     43   5.26    255     12  314.0  330.9  315.0
  709.0   3060   11.6   -3.4     35   4.22    255     12  314.1  327.9  314.9
  708.0   3072   11.8   -5.2     30   3.69    255     12  314.5  326.6  315.2
  705.0   3108   11.4    1.4     50   6.04    255     12  314.4  333.8  315.6
  700.0   3167   11.2   -0.8     43   5.18    255     12  314.9  331.6  315.8
  690.0   3287   10.2    1.2     54   6.09    255     12  315.0  334.6  316.2
  678.0   3433    9.6   -4.4     37   4.09    255     12  315.9  329.4  316.7
  650.0   3783    8.6  -13.4     20   2.10    255     13  318.6  325.9  319.1
  642.0   3885    8.2  -16.8     15   1.61    255     13  319.3  324.9  319.6
  641.0   3898    8.1  -16.0     16   1.73    255     13  319.4  325.4  319.7
  626.0   4093    6.8   -3.2     49   4.85    242     12  320.0  336.1  321.0
  618.0   4198    6.0   -3.3     51   4.86    235     11  320.2  336.3  321.2
  593.0   4536    3.2   -3.8     60   4.90    246     11  320.9  337.1  321.8
  574.0   4799    1.5   -9.3     45   3.32    255     11  321.8  333.1  322.5
  558.0   5027    0.0  -14.0     34   2.33    240      6  322.7  330.8  323.1
  553.0   5099    0.0  -17.6     25   1.75    235      5  323.5  329.7  323.9
  551.0   5128    0.0  -19.0     22   1.55    249      5  323.9  329.4  324.2
  546.0   5201   -0.3  -18.3     24   1.67    283      4  324.4  330.3  324.7
  541.0   5275   -0.9   -9.9     50   3.35    317      4  324.5  335.9  325.1
  532.0   5409   -1.9   -6.9     69   4.31     20      3  324.9  339.4  325.7
  513.0   5697   -4.0   -9.7     65   3.60     20      4  325.7  338.0  326.4
  502.0   5869   -5.3  -11.3     63   3.23    359      3  326.1  337.3  326.8
  500.0   5900   -5.3  -10.2     68   3.54    355      3  326.5  338.7  327.2
  495.0   5979   -5.3  -14.3     49   2.57    309      2  327.4  336.4  328.0
  494.0   5995   -5.4  -14.2     50   2.59    300      2  327.5  336.6  328.0
  475.0   6302   -7.5  -12.5     67   3.10    195      5  328.6  339.4  329.3
  473.0   6335   -7.7  -12.3     70   3.16    201      5  328.8  339.8  329.4
  462.0   6518   -9.1  -13.5     70   2.94    235      4  329.2  339.5  329.8
  457.0   6603   -9.4  -16.9     54   2.23    250      4  329.8  337.8  330.3
  453.0   6671   -9.7  -19.7     44   1.78    269      4  330.3  336.8  330.7
  440.0   6894  -11.4  -20.3     48   1.74    330      6  331.0  337.3  331.3
  423.0   7196  -13.7  -21.2     53   1.68     10      7  331.8  337.9  332.1
  417.0   7305  -14.5  -21.5     55   1.65     17      8  332.1  338.1  332.4
  408.0   7471  -15.7  -17.1     89   2.47     28     10  332.6  341.4  333.1
  406.0   7508  -16.1  -16.7     95   2.57     30     10  332.6  341.7  333.1
  404.0   7545  -16.3  -17.2     93   2.47     30     10  332.8  341.6  333.3
  402.0   7582  -16.3  -18.4     84   2.24     30     11  333.2  341.3  333.7
  400.0   7620  -16.3  -18.7     82   2.20     30     11  333.7  341.6  334.2
  398.0   7658  -16.1  -20.8     67   1.84     29     10  334.4  341.2  334.8
  397.0   7677  -15.7  -24.7     46   1.31     29     10  335.2  340.1  335.5
  396.0   7696  -15.5  -22.5     55   1.60     28     10  335.7  341.6  336.0
  390.0   7809  -16.3  -23.2     55   1.52     25      8  336.1  341.8  336.4
  375.0   8101  -18.4  -25.0     56   1.34    315      3  337.1  342.1  337.4
  360.0   8405  -20.7  -26.9     57   1.18    210      3  338.1  342.6  338.3
  348.0   8657  -22.5  -28.5     58   1.05    219      2  338.9  342.9  339.1
  346.0   8699  -22.8  -28.9     57   1.02    220      2  339.1  343.0  339.3
  332.0   8997  -24.9  -32.1     51   0.78     55      2  340.2  343.3  340.4
  318.0   9309  -27.0  -35.4     45   0.59    105      6  341.5  343.9  341.6
  300.0   9730  -29.9  -39.9     37   0.40     80     15  343.1  344.8  343.2
  299.0   9754  -29.9  -41.9     30   0.32     79     15  343.4  344.8  343.5
  288.0  10019  -31.7  -44.7     26   0.25     74     18  344.6  345.6  344.6
  281.0  10190  -33.3  -44.5     32   0.26     70     20  344.8  345.9  344.8
  253.0  10919  -39.9  -43.6     68   0.32     79     26  345.4  346.8  345.5
  250.0  11000  -40.5                          80     27  345.7         345.7
  215.0  12000  -48.6                          95     19  348.4         348.4
  200.0  12480  -52.5                         105     20  349.5         349.5
  187.0  12898  -56.2                         100     21  350.2         350.2
  170.0  13491  -61.5                          85     25  351.1         351.1
  150.0  14270  -68.5                          90     35  351.9         351.9
  126.0  15287  -77.5                          90     42  353.6         353.6
  120.0  15564  -79.7                          90     44  354.5         354.5
  119.0  15611  -79.9                          90     44  355.0         355.0
  114.0  15852  -81.1                          84     48  357.2         357.2
  111.0  16001  -81.9                          80     51  358.4         358.4
  108.0  16154  -82.1                          76     54  360.8         360.8
  107.0  16207  -81.3                          75     55  363.3         363.3
  100.0  16590  -75.7                          50     21  381.2         381.2
   97.0  16765  -76.5                          35     13  383.0         383.0
   92.0  17070  -77.8                         325     10  386.2         386.2
   90.4  17171  -78.3                         312     15  387.2         387.2
   87.0  17393  -76.8                         285     25  394.6         394.6
   83.0  17665  -74.8                         260     20  403.8         403.8
   81.1  17799  -73.9                         243     20  408.4         408.4
   78.0  18025  -75.3                         215     20  410.2         410.2
   74.0  18330  -77.1                         195     15  412.5         412.5
   73.6  18361  -77.3                         207     14  412.7         412.7
   71.0  18568  -76.7                         290      6  418.2         418.2
   70.0  18650  -76.5                         310      8  420.4         420.4
   67.0  18901  -77.0                         355      9  424.6         424.6
   64.0  19163  -77.6                         355      9  428.9         428.9
   62.3  19317  -77.9                         345      9  431.5         431.5
   60.0  19531  -77.5                         330     10  437.1         437.1
   58.7  19656  -77.3                         298      7  440.3         440.3
   57.0  19827  -73.9                         255      4  451.6         451.6
   56.0  19929  -71.9                         247      4  458.6         458.6
   54.0  20144  -70.7                         230      5  466.1         466.1
   52.0  20367  -69.5                         135     12  474.0         474.0
   51.7  20401  -69.3                         134     12  475.2         475.2
   50.0  20600  -70.1                         125     10  477.9         477.9
   49.0  20720  -70.3                         120     13  480.2         480.2
   45.0  21230  -68.4                         100     24  496.7         496.7
   42.9  21517  -67.3                          98     23  506.1         506.1
   40.4  21885  -61.1                          95     22  530.4         530.4
   40.0  21946  -61.2                          95     22  531.6         531.6
   38.0  22262  -61.8                         105      9  537.9         537.9
   37.0  22427  -62.1                         310      3  541.2         541.2
   35.0  22770  -62.8                         300     15  548.2         548.2
   33.0  23133  -63.5                         315     13  555.6         555.6
   32.0  23323  -63.9                          25     14  559.6         559.6
   30.8  23558  -64.3                          25     16  564.5         564.5
   30.0  23720  -63.3                          25     18  571.5         571.5
   29.0  23929  -62.8                         350     13  578.3         578.3
   27.0  24370  -61.9                           0      1  592.9         592.9
   26.0  24603  -61.4                         185      5  600.8         600.8
   25.0  24846  -60.9                         170     16  609.1         609.1
   24.0  25098  -60.3                         135     32  617.8         617.8
   23.1  25337  -57.5                         115     37  632.8         632.8
   22.0  25646  -56.2                          90     43  645.4         645.4
   21.2  25880  -55.3                          88     43  655.2         655.2
   20.0  26250  -56.3                          85     42  663.1         663.1
   17.8  26987  -57.7                          85     56  681.1         681.1
   16.2  27586  -53.7                          85     67  712.7         712.7
   15.0  28079  -54.3                          85     76  726.7         726.7
   14.7  28208  -54.4                          85     76  730.4         730.4
   14.5  28296  -54.5                          85     76  733.0         733.0
   12.8  29097  -52.5                          85     75  766.5         766.5
   10.7  30276  -43.9                          85     74  838.2         838.2
   10.0  30730  -43.1                          85     73  857.5         857.5
    8.4  31905  -42.7                          81     70  902.9         902.9
    8.0                                        80     69                     
