-----------------------------------------------------------------------------
   PRES   HGHT   TEMP   DWPT   RELH   MIXR   DRCT   SKNT   THTA   THTE   THTV
    hPa     m      C      C      %    g/kg    deg   knot     K      K      K 
-----------------------------------------------------------------------------
 1009.0     12   29.4   24.4     75  19.51    350      2  301.8  359.7  305.3
 1000.0     96   28.2   22.2     70  17.17    320      7  301.4  352.1  304.4
  977.0    302   26.8   21.2     72  16.56    320     13  301.9  351.0  304.9
  925.0    785   23.4   19.0     76  15.19    310     16  303.2  348.5  306.0
  853.0   1489   17.6   16.9     96  14.41    300     11  304.3  347.4  306.9
  850.0   1519   17.4   16.8     96  14.37    300     11  304.4  347.4  307.0
  766.0   2404   13.5   12.1     91  11.72    285     15  309.4  345.3  311.6
  759.0   2482   13.2   11.7     91  11.51    288     14  309.8  345.2  312.0
  744.0   2651   12.4   11.6     95  11.67    293     12  310.7  346.7  312.9
  740.0   2696   12.6   11.4     92  11.55    295     12  311.4  347.1  313.6
  723.0   2892   13.4   10.4     82  11.07    276     13  314.4  349.1  316.5
  714.0   2997   12.7    9.2     79  10.33    265     13  314.7  347.2  316.7
  700.0   3164   11.6    7.3     75   9.25    255     13  315.3  344.5  317.1
  689.0   3295   10.7    6.5     75   8.89    255     13  315.7  343.9  317.4
  640.0   3906    6.4    2.8     78   7.35    275     12  317.5  341.1  318.9
  623.0   4129    4.8    1.4     79   6.85    267      8  318.2  340.3  319.5
  618.0   4194    4.5    0.9     77   6.65    265      7  318.6  340.2  319.9
  595.0   4502    3.3   -1.5     71   5.81    295      6  320.7  339.8  321.8
  536.0   5347    0.0   -8.0     55   3.93    272      5  326.4  339.8  327.2
  532.0   5407   -0.5   -8.0     57   3.96    270      5  326.5  340.0  327.2
  513.0   5697   -3.2   -8.0     69   4.10    345      3  326.7  340.7  327.5
  508.0   5775   -3.9   -8.0     73   4.14      2      5  326.7  340.9  327.6
  501.0   5884   -4.5   -6.8     84   4.61     27      7  327.3  343.0  328.2
  500.0   5900   -4.5   -6.1     89   4.88     30      7  327.5  344.0  328.4
  494.0   5995   -4.5   -9.5     68   3.79     40      8  328.6  341.7  329.4
  475.0   6301   -6.8  -10.9     73   3.53     60      9  329.5  341.7  330.2
  471.0   6368   -7.3  -11.2     74   3.47     59     10  329.6  341.7  330.4
  467.0   6434   -7.7  -13.7     62   2.86     58     11  330.0  340.0  330.5
  465.0   6467   -7.7  -15.7     53   2.43     58     11  330.4  339.0  330.9
  463.0   6501   -7.9  -13.9     62   2.84     57     12  330.5  340.5  331.1
  447.0   6772   -9.5  -17.5     52   2.18     53     15  331.9  339.7  332.3
  438.0   6929  -10.7  -15.2     69   2.69     51     17  332.3  341.8  332.8
  430.0   7070  -11.7  -16.4     68   2.48     48     19  332.8  341.6  333.2
  428.0   7105  -12.1  -17.1     66   2.35     48     20  332.7  341.1  333.1
  419.0   7268  -11.9  -25.9     30   1.11     45     22  335.0  339.2  335.2
  400.0   7620  -14.3  -29.3     27   0.85     40     27  336.3  339.6  336.5
  391.0   7792  -15.4  -31.3     24   0.72     40     25  337.1  339.9  337.2
  390.0   7812  -15.5  -31.5     24   0.71     40     25  337.2  339.9  337.3
  366.0   8288  -19.3  -26.3     54   1.23     48     18  338.3  342.9  338.6
  361.0   8390  -19.7  -28.1     47   1.05     50     16  339.1  343.1  339.3
  352.0   8577  -20.5  -31.5     37   0.78     32     12  340.5  343.6  340.6
  346.0   8704  -21.5  -31.1     42   0.83     20      9  340.8  344.1  341.0
  333.0   8985  -23.7  -30.1     55   0.94    350      8  341.6  345.2  341.8
  327.0   9119  -24.7  -29.7     63   1.00    356      8  341.9  345.8  342.1
  319.0   9298  -26.2  -31.8     59   0.84      5      8  342.3  345.6  342.5
  315.0   9390  -26.9  -32.9     57   0.77      3      6  342.5  345.6  342.7
  306.0   9598  -28.4  -30.9     78   0.95      0      0  343.3  347.1  343.5
  304.0   9645  -28.7  -30.5     84   1.00     58      1  343.5  347.4  343.7
  300.0   9740  -29.5  -30.7     89   0.99    175      2  343.7  347.6  343.9
  294.0   9884  -30.7  -31.6     91   0.93    175      4  344.0  347.6  344.2
  293.0   9909  -30.9  -31.8     92   0.92    175      4  344.0  347.6  344.2
  286.0  10081  -31.9  -36.9     61   0.57    175      8  345.0  347.3  345.1
  281.0  10204  -32.9  -38.3     58   0.50    175     10  345.3  347.4  345.4
  270.0  10483  -35.1  -41.4     53   0.38    195     14  346.1  347.7  346.2
  250.0  11020  -39.3  -47.3     42   0.22    195      8  347.5  348.4  347.6
  247.0  11102  -40.1  -48.1     42   0.20    190      7  347.5  348.4  347.6
  226.0  11691  -45.1                         120      9  348.7         348.7
  200.0  12500  -52.1                         120     10  350.1         350.1
  188.0  12891  -55.5                         120     16  350.8         350.8
  164.0  13755  -63.1                         110     37  352.1         352.1
  163.0  13793  -63.4                         110     38  352.2         352.2
  150.0  14300  -67.3                         115     46  354.0         354.0
  123.0  15463  -76.9                         100     43  357.1         357.1
  102.0  16518  -82.0                          85     41  367.0         367.0
  100.0  16630  -82.5                          90     41  368.1         368.1
   95.1  16910  -84.1                          95     33  370.3         370.3
   92.0  17095  -83.4                          90     27  375.2         375.2
   87.0  17407  -82.2                          75     20  383.6         383.6
   84.0  17603  -81.5                          86     20  388.9         388.9
   78.4  17988  -83.7                         108     20  392.1         392.1
   78.0  18017  -83.5                         110     20  393.1         393.1
   74.6  18266  -81.9                         140     19  401.5         401.5
   74.0  18312  -80.5                         145     19  405.4         405.4
   73.0  18389  -78.1                         141     19  412.0         412.0
   70.0  18630  -76.1                         130     20  421.3         421.3
   68.2  18780  -75.7                         124     15  425.3         425.3
   67.0  18883  -75.8                         120     11  427.2         427.2
   63.0  19238  -76.2                          45      7  434.0         434.0
   59.2  19596  -76.5                          33     10  441.0         441.0
   54.0  20134  -70.7                          15     15  466.1         466.1
   53.3  20210  -69.9                           6     15  469.7         469.7
   52.0  20357  -70.1                         350     16  472.5         472.5
   50.0  20590  -70.5                         300      9  476.9         476.9
   49.0  20710  -70.3                         255      8  480.3         480.3
   47.5  20894  -69.9                         143      5  485.4         485.4
   47.0  20958  -69.5                         105      4  487.8         487.8
   44.0  21359  -67.2                          70     24  502.7         502.7
   42.0  21641  -65.6                          95     26  513.5         513.5
   38.0  22249  -62.1                          70     19  537.3         537.3
   37.0  22412  -61.2                          35      8  543.8         543.8
   35.9  22595  -60.1                         360      8  551.2         551.2
   35.0  22753  -60.0                         330      8  555.5         555.5
   32.5  23214  -59.7                         296     12  568.2         568.2
   30.0  23710  -62.1                         260     16  574.8         574.8
   29.0  23918  -63.1                         260      2  577.5         577.5
   27.4  24266  -64.9                         110     10  582.0         582.0
   27.0  24356  -63.7                         110     10  587.9         587.9
   25.5  24709  -58.9                         103     21  611.2         611.2
   25.0  24834  -58.7                         100     25  615.3         615.3
   24.0  25090  -58.3                          85     16  623.8         623.8
   21.5  25782  -57.1                          97     34  647.1         647.1
   21.0  25931  -57.9                         100     37  649.1         649.1
   20.6  26052  -57.7                         102     40  653.3         653.3
   20.2  26176  -54.1                         104     43  667.9         667.9
   20.0  26240  -52.9                         105     45  673.5         673.5
   19.1  26538  -51.5                         107     54  686.8         686.8
   18.0  26922  -51.5                         110     65  698.4         698.4
   14.0  28552  -51.7                          95     68  749.8         749.8
   12.3  29397  -48.5                          89     74  789.3         789.3
   11.2  30012  -49.5                          85     79  807.1         807.1
   11.0                                        85     79                     
