-----------------------------------------------------------------------------
   PRES   HGHT   TEMP   DWPT   RELH   MIXR   DRCT   SKNT   THTA   THTE   THTV
    hPa     m      C      C      %    g/kg    deg   knot     K      K      K 
-----------------------------------------------------------------------------
 1008.0     12   29.0   24.3     76  19.41     30      8  301.5  359.0  304.9
 1000.0     87   27.8   21.8     70  16.75     30      5  300.9  350.4  304.0
  977.0    293   26.0   21.0     74  16.31    356      5  301.1  349.3  304.1
  976.0    302   25.9   21.0     74  16.30    355      5  301.2  349.3  304.1
  953.0    512   24.2   20.4     79  16.11    342      9  301.5  349.1  304.4
  936.0    669   24.4   19.9     76  15.89    332     13  303.2  350.6  306.1
  925.0    773   23.6   18.9     75  15.09    325     15  303.4  348.5  306.2
  912.0    896   22.9   18.3     76  14.76    315     15  303.9  348.1  306.6
  881.0   1197   21.1   16.9     77  13.98    275     12  305.1  347.1  307.6
  850.0   1508   19.2   15.5     79  13.20    265     14  306.2  346.1  308.7
  776.0   2291   14.6   11.6     82  11.18    262     13  309.4  343.7  311.4
  740.0   2693   12.8    9.0     78   9.84    260     12  311.6  342.2  313.4
  700.0   3163   10.6    6.0     73   8.45    270      9  314.2  340.8  315.8
  657.0   3691    8.6    0.6     57   6.12    274      9  317.7  337.5  318.9
  641.0   3894    7.3    0.5     62   6.25    275      9  318.4  338.7  319.6
  618.0   4194    5.4    0.4     70   6.43    285      8  319.6  340.5  320.8
  609.0   4315    4.6    0.4     74   6.51    277      8  320.0  341.2  321.3
  574.0   4795    2.0   -2.7     71   5.50    245      9  322.4  340.6  323.5
  552.0   5111    0.2   -4.7     69   4.91    230      9  324.0  340.4  324.9
  549.0   5156    0.0   -5.0     69   4.83    234      9  324.2  340.4  325.1
  534.0   5377   -1.5   -4.5     80   5.16    252      6  325.0  342.3  326.0
  532.0   5407   -1.6   -5.3     76   4.88    255      6  325.2  341.6  326.2
  523.0   5543   -1.9   -8.9     59   3.75    251      7  326.4  339.3  327.2
  500.0   5900   -4.7   -9.5     69   3.74    240      8  327.2  340.1  328.0
  498.0   5931   -4.9  -10.9     63   3.36    242      8  327.4  339.0  328.0
  489.0   6074   -6.3   -8.4     85   4.17    249      6  327.4  341.6  328.2
  480.0   6219   -7.1   -7.6     96   4.53    256      4  328.1  343.6  329.0
  477.0   6268   -7.1   -7.5     97   4.59    258      3  328.7  344.4  329.6
  475.0   6301   -8.1   -9.1     93   4.07    260      3  327.9  341.8  328.7
  472.0   6350   -8.1  -13.0     68   2.99    256      3  328.5  338.9  329.1
  471.0   6366   -7.5  -13.5     62   2.88    255      3  329.4  339.5  330.0
  467.0   6432   -7.1  -16.1     49   2.34    249      3  330.7  339.1  331.2
  462.0   6516   -7.9  -13.9     62   2.84    242      4  330.7  340.8  331.3
  455.0   6634   -8.7  -14.7     62   2.70    233      4  331.2  340.7  331.7
  453.0   6668   -8.9  -13.9     67   2.90    230      4  331.3  341.6  331.9
  452.0   6685   -8.9  -13.0     72   3.13    229      4  331.6  342.6  332.2
  451.0   6703   -8.9  -18.9     44   1.92    227      4  331.8  338.7  332.1
  450.0   6720   -8.7  -18.7     44   1.95    226      4  332.2  339.3  332.6
  439.0   6910  -10.2  -16.8     58   2.34    210      5  332.6  341.1  333.1
  437.0   6946  -10.5  -16.5     61   2.42    212      5  332.7  341.4  333.2
  427.0   7123  -11.3  -22.3     40   1.51    221      6  333.9  339.5  334.2
  423.0   7195  -11.7  -21.5     44   1.63    225      6  334.3  340.3  334.6
  414.0   7359  -12.7  -19.7     56   1.95    212      4  335.1  342.2  335.5
  409.0   7451  -13.1  -24.1     39   1.34    204      3  335.7  340.8  336.0
  406.0   7507  -13.5  -23.5     43   1.42    200      2  335.9  341.2  336.2
  400.0   7620  -14.3  -22.3     51   1.61    115      2  336.3  342.3  336.6
  396.0   7696  -14.9  -21.9     55   1.68     97      3  336.5  342.7  336.8
  391.0   7792  -15.5  -23.5     50   1.48     75      4  337.0  342.5  337.3
  382.0   7967  -16.5  -26.5     42   1.15     65      6  337.9  342.3  338.1
  371.0   8185  -18.1  -24.1     59   1.48     52      8  338.6  344.1  338.9
  361.0   8386  -19.2  -26.2     54   1.25     40     10  339.7  344.5  340.0
  346.0   8698  -21.0  -29.5     46   0.96     45      7  341.4  345.2  341.6
  332.0   9001  -22.8  -32.8     40   0.74      0      0  343.1  346.0  343.3
  319.0   9295  -24.4  -35.9     34   0.56      0      1  344.7  347.0  344.8
  314.0   9411  -25.1  -37.1     32   0.51    311      1  345.4  347.4  345.5
  306.0   9597  -26.5  -37.9     33   0.48    230      2  346.0  348.0  346.1
  300.0   9740  -27.5  -38.5     34   0.46    185      2  346.5  348.4  346.6
  293.0   9906  -29.0  -39.4     36   0.43    100      2  346.7  348.5  346.8
  281.0  10199  -31.7  -40.9     40   0.38     40      5  347.0  348.6  347.0
  258.0  10799  -37.3  -44.1     49   0.30     85      9  347.4  348.6  347.4
  250.0  11020  -39.3  -45.3     53   0.27     75     14  347.5  348.6  347.6
  246.0  11130  -39.9  -45.9     53   0.26     77     15  348.2  349.3  348.3
  216.0  11997  -47.1                          90     24  350.3         350.3
  200.0  12510  -51.3                          95     31  351.4         351.4
  150.0  14320  -65.9                         115     47  356.4         356.4
  148.0  14398  -66.4                         115     46  356.8         356.8
  134.0  14977  -70.5                         110     41  359.9         359.9
  121.0  15571  -74.6                          90     18  363.0         363.0
  109.0  16178  -78.8                          20     12  366.1         366.1
  103.0  16508  -81.1                          15     11  367.7         367.7
  100.0  16680  -82.3                          40     12  368.5         368.5
   93.0  17079  -84.4                         120     10  372.1         372.1
   83.0  17704  -87.7                         115     33  377.6         377.6
   81.3  17818  -88.3                         110     39  378.6         378.6
   79.0  17973  -88.3                         105     40  381.8         381.8
   76.3  18161  -88.3                          94     32  385.6         385.6
   74.6  18284  -86.7                          87     27  391.4         391.4
   74.0  18329  -84.5                          85     25  397.0         397.0
   73.2  18389  -81.5                          74     22  404.5         404.5
   71.0  18560  -80.8                          45     15  409.5         409.5
   70.0  18640  -80.5                          45     15  411.9         411.9
   68.1  18796  -80.1                          64     12  416.0         416.0
   67.0  18888  -79.8                          75     10  418.6         418.6
   66.8  18905  -79.7                          74     10  419.1         419.1
   64.8  19080  -74.1                          67     13  435.0         435.0
   60.0  19534  -70.0                          50     19  453.9         453.9
   59.9  19544  -69.9                          47     19  454.3         454.3
   57.0  19840  -69.9                         315      6  460.8         460.8
   55.0  20053  -69.9                         330      3  465.5         465.5
   54.7  20085  -69.9                         338      3  466.2         466.2
   52.5  20333  -65.5                          41      4  481.9         481.9
   52.0  20391  -65.4                          55      4  483.4         483.4
   50.0  20630  -65.1                         105     10  489.7         489.7
   49.0  20753  -64.5                         105     12  493.9         493.9
   47.3  20969  -63.5                         101     15  501.3         501.3
   47.0  21008  -63.6                         100     15  501.9         501.9
   43.3  21508  -65.3                         118     26  509.7         509.7
   43.0  21551  -65.2                         120     27  511.0         511.0
   39.0  22149  -63.8                         105     30  528.9         528.9
   35.0  22813  -62.3                         130     19  549.6         549.6
   34.1  22972  -61.9                         119     16  554.6         554.6
   33.0  23176  -61.0                         105     13  562.2         562.2
   32.0  23368  -60.2                          35     11  569.3         569.3
   30.0  23770  -58.5                          30     16  584.6         584.6
   29.0  23984  -56.7                         340     11  595.3         595.3
   28.7  24049  -56.1                         340     11  598.6         598.6
   28.0  24205  -56.5                         340     11  601.8         601.8
   24.0  25176  -59.0                         185     18  621.7         621.7
   23.5  25308  -59.3                         175     18  624.5         624.5
   22.3  25635  -60.3                         151     19  630.9         630.9
   22.0  25720  -59.7                         145     19  635.2         635.2
   21.0  26013  -57.6                         105     33  649.9         649.9
   20.1  26288  -55.7                         101     41  664.0         664.0
   20.0  26320  -55.3                         100     42  666.2         666.2
   17.0  27361  -53.8                          80     63  702.7         702.7
   16.5  27552  -53.5                          80     65  709.6         709.6
   15.9  27790  -53.9                          81     67  715.9         715.9
   15.3  28038  -51.3                          81     69  732.4         732.4
   13.7  28763  -46.3                          82     74  772.9         772.9
   11.0  30233  -42.9                          85     86  835.1         835.1
   10.9  30294  -42.8                          85     86  837.8         837.8
   10.7  30418  -42.5                                     843.3         843.3
