-----------------------------------------------------------------------------
   PRES   HGHT   TEMP   DWPT   RELH   MIXR   DRCT   SKNT   THTA   THTE   THTV
    hPa     m      C      C      %    g/kg    deg   knot     K      K      K 
-----------------------------------------------------------------------------
 1008.0     12   28.6   22.6     70  17.47    350      8  301.1  352.7  304.2
 1000.0     86   28.2   22.2     70  17.17    335      5  301.4  352.1  304.4
  945.0    588   23.6   20.5     83  16.35    320     17  301.6  350.0  304.5
  925.0    776   22.6   19.7     84  15.88    315     21  302.4  349.6  305.3
  881.0   1199   20.6   17.6     83  14.58    295     21  304.6  348.3  307.2
  869.0   1318   20.0   17.0     83  14.23    281     19  305.1  347.9  307.8
  851.0   1499   18.7   15.7     83  13.34    260     17  305.6  345.8  308.0
  850.0   1509   18.6   15.6     83  13.29    260     17  305.6  345.7  308.1
  798.0   2049   14.2   13.5     96  12.34    265     14  306.5  343.8  308.8
  793.0   2102   13.8   13.0     95  12.01    265     14  306.7  343.1  308.9
  784.0   2198   13.2   12.1     93  11.44    265     14  307.0  341.7  309.1
  759.0   2472   13.8    9.8     77  10.12    265     15  310.5  341.8  312.4
  740.0   2686   12.6    9.9     84  10.45    265     15  311.4  343.8  313.4
  739.0   2697   12.6    9.6     82  10.22    265     15  311.5  343.2  313.4
  724.0   2870   12.2    4.2     58   7.19    261     15  312.9  335.6  314.3
  710.0   3034   11.4    1.4     50   6.00    258     14  313.8  332.9  314.9
  701.0   3140   10.2    6.8     79   8.92    255     14  313.6  341.6  315.3
  700.0   3152   10.2    5.9     75   8.39    255     14  313.8  340.2  315.3
  698.0   3176   10.6    2.6     58   6.66    255     14  314.4  335.6  315.7
  680.0   3393    9.0    4.9     75   8.05    257     12  315.0  340.5  316.6
  626.0   4074    5.4   -1.6     61   5.47    264      6  318.4  336.3  319.5
  616.0   4206    4.3   -0.6     70   5.98    265      5  318.7  338.1  319.9
  609.0   4299    3.6    0.1     78   6.37    279      5  318.9  339.6  320.1
  594.0   4501    2.6   -3.4     65   5.05    310      5  320.0  336.6  321.0
  582.0   4666    1.8   -6.2     55   4.16    291      7  320.9  334.8  321.7
  572.0   4806    1.4   -3.4     70   5.24    275      8  322.1  339.5  323.1
  571.0   4820    1.4   -3.1     72   5.36    276      8  322.2  340.0  323.3
  564.0   4919    1.2   -3.5     71   5.27    284      7  323.1  340.6  324.1
  555.0   5049    0.8   -8.2     51   3.73    295      6  324.1  336.8  324.9
  553.0   5077    0.8  -14.2     32   2.32    298      5  324.5  332.6  324.9
  551.0   5107    0.6  -15.6     29   2.08    300      5  324.6  331.9  325.0
  548.0   5150    0.4  -17.6     25   1.76    298      5  324.8  331.1  325.2
  543.0   5224    0.0  -10.0     47   3.31    294      5  325.2  336.6  325.9
  531.0   5402   -1.0   -8.0     59   3.97    285      5  326.1  339.7  326.9
  527.0   5463   -1.3   -7.3     64   4.22    289      6  326.4  340.8  327.3
  512.0   5692   -2.7   -8.0     67   4.13    305      8  327.4  341.5  328.2
  502.0   5848   -3.7   -8.4     70   4.06    293      7  328.1  342.0  328.9
  500.0   5880   -3.9   -8.0     73   4.21    290      7  328.2  342.6  329.1
  474.0   6301   -5.4  -13.1     55   2.97    240      5  331.4  341.8  331.9
  457.0   6589   -6.5  -16.5     45   2.32    234      6  333.5  341.9  334.0
  417.0   7301  -11.5  -21.5     43   1.65    219      8  335.9  342.1  336.3
  410.0   7431  -12.7  -19.7     56   1.97    217      9  336.0  343.2  336.4
  406.0   7506  -13.3  -19.4     60   2.04    215      9  336.2  343.7  336.6
  400.0   7620  -14.1  -18.9     67   2.16    220     10  336.6  344.5  337.0
  399.0   7639  -14.3  -19.0     68   2.15    221     10  336.6  344.4  337.0
  390.0   7812  -15.5  -19.4     72   2.12    230     10  337.2  345.0  337.6
  385.0   7909  -16.1  -19.7     74   2.10    240      9  337.6  345.3  338.1
  383.0   7948  -16.5  -19.5     78   2.14    244      8  337.6  345.5  338.1
  379.0   8027  -16.9  -21.7     66   1.79    252      7  338.1  344.8  338.5
  378.0   8047  -16.9  -25.9     46   1.23    254      7  338.4  343.0  338.6
  375.0   8106  -17.3  -26.0     47   1.23    260      6  338.6  343.3  338.9
  360.0   8411  -19.2  -26.4     53   1.23    250      8  340.0  344.7  340.2
  358.0   8452  -19.5  -26.5     54   1.23    252      8  340.2  344.9  340.4
  353.0   8556  -20.3  -27.3     54   1.16    256      8  340.5  344.9  340.7
  347.0   8683  -20.9  -35.9     25   0.52    261      8  341.3  343.4  341.4
  340.0   8833  -21.9  -39.9     18   0.35    268      7  342.0  343.4  342.0
  332.0   9008  -23.5  -33.5     39   0.68    275      7  342.1  344.8  342.2
  330.0   9052  -23.9  -31.9     48   0.81    279      6  342.1  345.3  342.3
  320.0   9275  -25.5  -30.1     65   0.99    298      3  342.9  346.8  343.1
  319.0   9298  -25.7  -29.4     71   1.06    300      3  343.0  347.1  343.2
  318.0   9321  -25.9  -28.9     76   1.11    297      3  343.0  347.3  343.2
  315.0   9389  -26.3  -35.3     42   0.60    288      3  343.4  345.8  343.5
  313.0   9435  -26.3  -40.3     26   0.37    282      3  344.0  345.5  344.1
  306.0   9598  -27.8  -39.1     33   0.42    260      3  344.1  345.9  344.2
  300.0   9740  -29.1  -38.1     42   0.48    190      3  344.2  346.2  344.4
  293.0   9904  -30.4  -39.4     41   0.43    155      5  344.7  346.5  344.8
  258.0  10791  -37.5  -46.5     39   0.23    120      6  347.0  348.0  347.0
  250.0  11010  -39.3  -48.3     38   0.19    130      8  347.5  348.3  347.5
  247.0  11093  -39.9  -49.9     34   0.16    126      8  347.8  348.5  347.8
  236.0  11396  -42.5                         110      6  348.5         348.5
  216.0  11987  -47.4                          85     11  349.8         349.8
  200.0  12500  -51.7                          85     13  350.7         350.7
  163.0  13780  -62.5                          90     25  353.7         353.7
  150.0  14300  -66.9                          85     24  354.6         354.6
  148.0  14379  -67.6                          85     24  354.8         354.8
  126.0  15325  -76.1                          97     36  356.1         356.1
  120.0  15603  -76.9                         100     40  359.6         359.6
  108.0  16202  -78.8                          85     20  367.1         367.1
  100.0  16640  -80.1                         105     32  372.7         372.7
   97.0  16812  -81.1                         105     30  374.0         374.0
   93.7  17007  -82.3                         125     22  375.4         375.4
   92.0  17110  -81.6                         135     19  378.8         378.8
   87.0  17426  -79.3                         125      2  389.4         389.4
   86.5  17458  -79.1                         143      3  390.5         390.5
   83.0  17692  -80.3                         275     13  392.8         392.8
   79.4  17943  -81.5                         253     12  395.2         395.2
   75.0  18264  -81.5                         225     11  401.7         401.7
   74.6  18294  -81.5                         228     11  402.3         402.3
   72.9  18424  -79.7                         241     10  408.8         408.8
   71.7  18520  -75.5                         251     10  419.6         419.6
   70.4  18627  -73.1                         262      9  427.0         427.0
   70.0  18660  -72.9                         265      9  428.1         428.1
   64.0  19186  -72.7                         320      9  439.6         439.6
   61.0  19468  -72.6                         305     14  446.0         446.0
   58.6  19704  -72.5                         257     19  451.3         451.3
   58.0  19766  -71.8                         245     20  454.1         454.1
   55.0  20084  -68.4                         225     19  468.9         468.9
   51.6  20467  -64.3                         141     13  487.1         487.1
   50.0  20660  -63.5                         100     10  493.4         493.4
   43.1  21564  -66.5                          61     20  507.4         507.4
   43.0  21578  -66.5                          60     20  507.9         507.9
   39.0  22174  -65.1                          70     19  525.7         525.7
   37.0  22495  -64.3                          35     18  535.6         535.6
   35.0  22834  -63.6                          30      9  546.2         546.2
   34.0  23011  -63.2                         340      6  551.8         551.8
   32.0  23381  -62.3                          35      9  563.7         563.7
   30.0  23780  -61.3                           5      8  577.0         577.0
   29.8  23821  -61.3                          17      7  578.0         578.0
   29.0  23993  -59.6                          65      4  587.3         587.3
   28.0  24214  -57.3                          70      8  599.5         599.5
   26.7  24513  -54.3                          53     10  616.2         616.2
   25.0  24934  -54.7                          30     12  626.8         626.8
   24.0  25194  -54.9                          50     10  633.5         633.5
   23.0  25466  -55.1                          95     15  640.5         640.5
   22.4  25635  -55.3                          93     20  644.9         644.9
   20.3  26264  -53.9                          86     37  667.6         667.6
   20.0  26360  -53.3                          85     40  672.3         672.3
   19.4  26557  -50.5                          88     47  686.8         686.8
   19.0  26694  -50.2                          90     52  691.9         691.9
   14.8  28338  -46.3                         100     60  756.0         756.0
   13.4  28994  -49.1                         104     63  768.2         768.2
   13.2  29092  -49.0                         105     63  771.9         771.9
   13.0  29193  -48.9                         105     63  775.7         775.7
   12.0  29719  -48.2                         105     63  796.0         796.0
   11.6  29942  -47.9                                     804.8         804.8
