-----------------------------------------------------------------------------
   PRES   HGHT   TEMP   DWPT   RELH   MIXR   DRCT   SKNT   THTA   THTE   THTV
    hPa     m      C      C      %    g/kg    deg   knot     K      K      K 
-----------------------------------------------------------------------------
 1009.0     12   29.2   24.2     74  19.27    300      3  301.6  358.7  305.0
 1000.0     95   28.6   23.6     74  18.74    290      4  301.8  357.3  305.1
  977.0    302   27.1   22.6     76  18.05    305      6  302.3  355.9  305.5
  945.0    598   25.0   21.2     80  17.10      5      3  303.0  353.9  306.1
  925.0    788   23.6   20.3     82  16.50     40      3  303.4  352.6  306.4
  913.0    902   22.6   20.0     85  16.38     60      2  303.6  352.4  306.5
  903.0    998   21.8   19.7     88  16.28    111      3  303.7  352.3  306.6
  882.0   1201   20.8   18.1     85  15.06    220      4  304.7  349.8  307.4
  850.0   1521   19.2   15.6     80  13.29    240      3  306.2  346.4  308.7
  823.0   1797   17.7   14.0     79  12.39    265      3  307.5  345.2  309.8
  794.0   2104   16.1   12.3     78  11.45    345      2  308.9  344.0  311.1
  767.0   2399   14.5   10.6     77  10.59     20      4  310.3  343.0  312.3
  765.0   2422   14.4   10.5     77  10.53     16      4  310.4  342.9  312.4
  740.0   2702   13.8    6.4     61   8.23    330      5  312.8  338.6  314.3
  729.0   2829   13.6    4.6     54   7.35    336      4  313.9  337.1  315.2
  723.0   2898   13.2    6.2     63   8.29    340      4  314.1  340.3  315.7
  721.0   2922   13.0    7.0     67   8.79    341      4  314.2  341.9  315.9
  716.0   2980   13.2    1.2     44   5.86    344      3  315.0  333.9  316.1
  714.0   3004   13.1    1.2     44   5.87    345      3  315.1  334.0  316.2
  700.0   3170   12.0    1.0     47   5.91    310      3  315.7  334.8  316.9
  689.0   3302   11.1    2.2     54   6.57    335      2  316.2  337.3  317.4
  666.0   3585    9.2    4.9     74   8.22    191      4  317.1  343.4  318.7
  665.0   3597    9.1    4.8     74   8.18    185      4  317.2  343.3  318.7
  641.0   3900    7.2    2.5     72   7.20    280      1  318.4  341.6  319.7
  626.0   4096    6.0    1.0     70   6.62    348      3  319.1  340.6  320.4
  618.0   4201    5.5   -1.6     60   5.52     25      4  319.7  337.8  320.8
  611.0   4294    5.0   -4.0     52   4.68     25      4  320.2  335.7  321.1
  602.0   4415    4.2   -5.8     48   4.14     25      5  320.6  334.4  321.4
  597.0   4482    3.6   -3.4     60   5.01     25      5  320.7  337.2  321.7
  586.0   4633    2.4   -0.4     82   6.38     25      6  321.0  341.9  322.2
  574.0   4800    1.7   -0.8     84   6.34     25      7  322.1  342.9  323.3
  573.0   4814    1.6   -0.8     84   6.34     26      7  322.1  343.0  323.4
  553.0   5100    0.1   -8.6     52   3.63     55      8  323.6  335.9  324.3
  552.0   5114    0.0   -9.0     51   3.52     54      8  323.7  335.7  324.4
  547.0   5187   -0.5  -14.5     34   2.28     51      8  323.9  331.9  324.4
  546.0   5202   -0.5  -17.5     26   1.78     51      8  324.1  330.4  324.5
  544.0   5231   -0.5  -19.5     22   1.51     49      8  324.4  329.8  324.8
  543.0   5246   -0.5  -17.5     26   1.79     49      7  324.6  331.0  325.0
  541.0   5275   -0.9  -12.9     40   2.63     47      7  324.5  333.6  325.0
  540.0   5290   -1.1   -8.1     59   3.87     47      7  324.4  337.5  325.2
  535.0   5364   -1.7   -5.4     76   4.81     44      7  324.6  340.7  325.5
  528.0   5469   -2.3   -6.3     74   4.55     39      7  325.1  340.4  326.0
  527.0   5484   -2.3   -6.5     73   4.49     38      7  325.2  340.4  326.1
  523.0   5544   -1.9  -11.9     46   2.95     36      6  326.4  336.7  327.0
  500.0   5900   -4.3  -11.3     58   3.24     20      5  327.7  339.0  328.4
  475.0   6303   -6.5  -12.7     62   3.06     10      5  329.8  340.5  330.4
  471.0   6370   -6.9  -12.9     62   3.03     11      6  330.1  340.8  330.8
  457.0   6605   -8.5  -16.5     52   2.32     15      8  331.0  339.3  331.5
  440.0   6898   -9.8  -17.1     55   2.28     20     11  333.0  341.2  333.4
  431.0   7058  -10.5  -17.5     56   2.26      2      8  334.1  342.2  334.5
  423.0   7202  -11.1  -22.1     40   1.54    345      5  335.0  340.8  335.3
  421.0   7239  -11.3  -23.3     36   1.40    337      5  335.3  340.5  335.6
  408.0   7479  -13.1  -21.1     51   1.75    284      5  336.0  342.4  336.3
  407.0   7498  -13.2  -21.7     49   1.67    280      5  336.1  342.3  336.4
  400.0   7630  -13.7  -25.7     36   1.19    310      5  337.1  341.6  337.3
  398.0   7668  -13.7  -26.7     33   1.09    317      5  337.6  341.7  337.8
  391.0   7802  -14.7  -26.9     35   1.09    340      6  337.9  342.1  338.2
  376.0   8097  -17.0  -27.4     40   1.08    330      6  338.7  342.8  338.9
  373.0   8157  -17.5  -27.5     41   1.08    334      7  338.9  343.0  339.1
  361.0   8397  -19.2  -30.0     38   0.88    350      9  339.7  343.1  339.9
  347.0   8686  -21.3  -33.1     34   0.68     15      8  340.8  343.5  340.9
  333.0   8988  -23.5  -36.3     30   0.52     70      4  341.8  343.9  341.9
  319.0   9302  -25.8  -39.6     26   0.39    190      5  342.9  344.5  343.0
  306.0   9607  -27.9  -42.8     23   0.29    220      8  343.9  345.1  344.0
  304.0   9655  -28.3  -43.3     22   0.27    217      8  344.1  345.2  344.1
  300.0   9750  -28.9  -43.9     22   0.26    210      7  344.5  345.6  344.6
  294.0   9894  -30.2  -43.6     26   0.28    205      6  344.6  345.8  344.7
  286.0  10091  -32.1  -43.1     33   0.30    182      5  344.7  345.9  344.8
  282.0  10189  -32.9  -44.1     32   0.27    170      5  344.9  346.1  345.0
  270.0  10493  -35.4  -47.2     29   0.20    175      7  345.7  346.6  345.7
  250.0  11030  -39.7  -52.7     24   0.12    125     11  346.9  347.4  346.9
  248.0  11085  -40.1  -53.1     24   0.11    119     11  347.1  347.6  347.1
  237.0  11385  -42.6                          85     10  347.9         347.9
  200.0  12510  -51.9                         120     28  350.4         350.4
  197.0  12604  -52.8                         120     30  350.6         350.6
  150.0  14300  -68.5                         105     38  351.9         351.9
  140.0  14709  -72.1                          97     40  352.6         352.6
  124.0  15413  -78.1                          84     43  354.1         354.1
  118.0  15694  -79.7                          79     44  356.2         356.2
  114.0  15891  -78.5                          75     45  362.0         362.0
  109.0  16147  -76.9                          63     25  369.7         369.7
  108.0  16199  -77.0                          60     21  370.5         370.5
  103.0  16471  -77.6                         350      6  374.5         374.5
  100.0  16640  -77.9                         290      7  377.0         377.0
   97.0  16812  -78.8                         240      8  378.5         378.5
   88.0  17361  -81.7                         125      9  383.4         383.4
   84.0  17624  -83.1                         125      2  385.7         385.7
   83.0  17691  -82.5                         135      1  388.3         388.3
   79.0  17970  -79.8                         210      5  399.2         399.2
   75.9  18196  -77.7                         291      3  408.3         408.3
   75.0  18264  -77.9                         315      2  409.3         409.3
   73.0  18419  -78.3                         246      3  411.6         411.6
   71.0  18579  -76.6                         175      5  418.5         418.5
   70.0  18660  -75.7                         175      7  422.1         422.1
   68.1  18820  -73.1                         173      8  431.1         431.1
   64.0  19181  -73.7                         170      9  437.4         437.4
   61.0  19461  -74.2                          75      6  442.4         442.4
   58.0  19754  -74.7                          55     11  447.7         447.7
   57.9  19764  -74.7                          57     11  447.9         447.9
   55.0  20066  -71.8                         105      3  461.2         461.2
   53.2  20261  -69.9                         156      4  469.9         469.9
   50.0  20630  -69.3                         250      6  479.8         479.8
   45.3  21219  -70.5                         149     19  490.6         490.6
   43.0  21531  -68.0                          95     26  504.2         504.2
   42.6  21588  -67.5                          93     26  506.7         506.7
   39.0  22121  -67.5                          75     28  519.6         519.6
   35.4  22705  -67.5                          92     25  534.2         534.2
   33.0  23136  -64.9                         105     22  552.0         552.0
   32.0  23324  -63.7                          85     20  559.9         559.9
   30.0  23720  -61.3                          40     16  577.0         577.0
   29.3  23866  -61.1                          57     19  581.4         581.4
   29.0  23931  -60.2                          65     21  585.7         585.7
   27.3  24310  -54.7                          46     18  611.2         611.2
   26.0  24622  -53.1                          30     16  624.3         624.3
   23.6  25239  -55.9                         121     15  633.6         633.6
   23.0  25402  -55.8                         145     15  638.5         638.5
   22.0  25684  -55.8                         145     20  646.9         646.9
   21.5  25830  -55.7                         135     23  651.3         651.3
   20.0  26290  -54.1                         105     32  669.8         669.8
   19.8  26355  -53.7                         105     33  673.0         673.0
   19.3  26520  -50.5                         104     35  687.8         687.8
   17.0  27346  -51.1                         101     44  711.3         711.3
   16.0  27743  -48.5                         100     49  732.1         732.1
   15.7  27867  -47.7                         100     49  738.8         738.8
   14.3  28481  -49.1                         100     52  754.0         754.0
   11.3  30041  -44.5                         100     57  823.1         823.1
   11.0                                       100     58                     
