-----------------------------------------------------------------------------
   PRES   HGHT   TEMP   DWPT   RELH   MIXR   DRCT   SKNT   THTA   THTE   THTV
    hPa     m      C      C      %    g/kg    deg   knot     K      K      K 
-----------------------------------------------------------------------------
 1009.0     12   27.2   24.4     85  19.51     60      2  299.6  356.9  303.1
 1008.0     20   29.2   23.2     70  18.13     55      2  301.7  355.4  304.9
 1000.0     87   28.0   22.0     70  16.96     15      5  301.1  351.3  304.2
  977.0    293   26.0   21.1     74  16.37      0     12  301.1  349.5  304.1
  966.0    394   25.0   20.6     77  16.09      1     13  301.1  348.6  304.0
  925.0    775   23.2   18.2     73  14.43      5     18  303.0  346.0  305.6
  851.0   1500   19.4   14.9     75  12.71    345     12  306.4  344.9  308.7
  850.0   1510   19.4   14.9     75  12.69    345     12  306.4  344.9  308.8
  846.0   1551   19.6   14.7     73  12.58    343     12  307.1  345.3  309.4
  794.0   2089   16.7   10.3     66  10.04    315      6  309.6  340.5  311.5
  766.0   2394   15.1    7.9     62   8.80      0      8  311.0  338.4  312.7
  713.0   3002   11.8    3.0     55   6.69     15     16  313.9  335.1  315.1
  707.0   3074   11.4    2.4     54   6.48     13     16  314.2  334.8  315.4
  700.0   3157   10.6    1.6     54   6.18     10     17  314.2  333.9  315.4
  688.0   3301    9.5    2.5     61   6.69      5     15  314.5  335.8  315.8
  674.0   3471    8.2    3.5     72   7.35    342     14  314.9  338.3  316.3
  665.0   3582    7.6    4.3     80   7.89    327     14  315.5  340.5  317.0
  664.0   3595    7.7    4.0     78   7.76    325     14  315.7  340.4  317.2
  652.0   3746    9.0    1.0     57   6.35    316     13  318.8  339.4  320.1
  595.0   4491    4.3   -3.2     58   5.12    270     10  321.8  338.8  322.8
  573.0   4798    2.4   -4.9     59   4.67    285      6  323.1  338.7  324.0
  552.0   5102    0.5   -6.6     59   4.25    265      3  324.2  338.6  325.1
  547.0   5177    0.0   -7.0     59   4.16    249      3  324.5  338.6  325.4
  512.0   5702   -3.4  -12.7     49   2.84    130      6  326.6  336.5  327.2
  501.0   5874   -4.5  -14.5     46   2.49    112      8  327.3  336.1  327.8
  500.0   5890   -4.7  -14.7     46   2.46    110      8  327.2  335.9  327.7
  474.0   6309   -7.8  -14.1     61   2.72     70     15  328.4  337.9  328.9
  472.0   6342   -8.1  -14.1     62   2.74     72     15  328.5  338.1  329.0
  450.0   6713   -9.1  -18.1     48   2.06     90     14  331.7  339.1  332.1
  430.0   7066  -10.3  -18.3     52   2.12    108     12  334.5  342.2  335.0
  406.0   7506  -13.6  -19.2     63   2.07    130     11  335.8  343.3  336.2
  400.0   7620  -14.5  -19.5     66   2.05    130     11  336.1  343.6  336.5
  384.0   7928  -16.9  -20.5     74   1.96    111     10  336.8  344.1  337.2
  378.0   8045  -17.7  -23.7     59   1.50    104      9  337.3  342.9  337.6
  376.0   8085  -17.9  -23.9     59   1.48    101      9  337.6  343.1  337.9
  375.0   8105  -18.0  -24.5     57   1.41    100      9  337.6  342.9  337.9
  370.0   8205  -18.7  -27.7     45   1.07    103      8  338.0  342.1  338.3
  360.0   8408  -20.3  -25.0     66   1.40    110      6  338.6  343.9  338.9
  357.0   8470  -20.9  -25.1     69   1.40    112      6  338.6  343.9  338.9
  353.0   8553  -21.3  -29.3     49   0.96    115      5  339.1  342.8  339.3
  332.0   9000  -24.9  -31.5     54   0.83    130      1  340.2  343.4  340.4
  323.0   9201  -26.5  -32.5     57   0.78    122      2  340.6  343.7  340.8
  318.0   9313  -26.9  -34.9     47   0.62    117      3  341.6  344.1  341.8
  305.0   9612  -29.1  -39.1     37   0.43    105      4  342.6  344.4  342.7
  300.0   9730  -30.3  -36.3     56   0.57    100      5  342.6  344.9  342.7
  299.0   9754  -30.5  -35.5     62   0.62     99      5  342.6  345.1  342.7
  281.0  10186  -33.8  -37.8     68   0.53     90      9  343.9  346.1  344.1
  269.0  10490  -36.2  -39.4     72   0.47    110     12  344.8  346.8  344.9
  251.0  10973  -39.9  -41.9     81   0.39     91     16  346.2  347.8  346.3
  250.0  11000  -40.1                          90     16  346.3         346.3
  236.0  11382  -43.4                          90     20  347.1         347.1
  200.0  12480  -52.9                         110     28  348.8         348.8
  196.0  12606  -54.0                         105     27  349.1         349.1
  150.0  14270  -68.3                          85     47  352.2         352.2
  135.0  14892  -73.5                          83     48  353.8         353.8
  113.0  15908  -79.5                          80     49  361.1         361.1
  105.0  16327  -81.9                          91     45  364.1         364.1
  102.0  16489  -81.4                          95     44  368.1         368.1
  100.0  16600  -81.1                         105     45  370.8         370.8
   92.0  17069  -82.6                         125     37  376.7         376.7
   90.7  17149  -82.9                         128     34  377.7         377.7
   87.0  17386  -81.4                         135     26  385.3         385.3
   82.0  17721  -79.2                         115     22  396.2         396.2
   79.5  17897  -78.1                          78     16  402.1         402.1
   78.0  18006  -78.3                          55     13  403.9         403.9
   74.0  18308  -78.9                         345     12  408.8         408.8
   73.9  18315  -78.9                         345     12  408.9         408.9
   71.6  18498  -74.7                         333     14  421.5         421.5
   70.0  18630  -75.1                         325     16  423.4         423.4
   65.7  18997  -74.7                         279     19  432.0         432.0
   64.5  19104  -72.3                         266     20  439.5         439.5
   64.0  19150  -72.4                         260     20  440.3         440.3
   53.4  20207  -74.3                         291     11  459.3         459.3
   52.0  20361  -73.7                         295     10  464.1         464.1
   50.0  20590  -72.9                         325      7  471.3         471.3
   49.0  20708  -73.1                         330      8  473.5         473.5
   47.0  20952  -73.6                         110      5  478.1         478.1
   45.5  21141  -73.9                         114      9  481.8         481.8
   42.0  21609  -72.9                         125     19  495.4         495.4
   41.3  21708  -72.7                         121     20  498.2         498.2
   37.8  22238  -64.1                         102     28  532.9         532.9
   35.0  22710  -63.5                          85     35  546.4         546.4
   34.3  22834  -63.3                          85     34  550.0         550.0
   31.0  23463  -57.9                          85     28  580.7         580.7
   30.0  23670  -56.9                          45     21  588.9         588.9
   29.0  23884  -57.1                           0     14  594.0         594.0
   27.5  24219  -57.5                         311     10  602.1         602.1
   26.0  24568  -58.8                         260      5  608.2         608.2
   25.0  24812  -59.7                         165     12  612.5         612.5
   22.0  25608  -62.6                         115     44  626.5         626.5
   21.9  25637  -62.7                         105     52  627.1         627.1
   20.1  26169  -58.9                          91     58  654.2         654.2
   20.0  26200  -58.3                          90     58  657.0         657.0
   18.1  26826  -59.5                          89     62  672.2         672.2
   14.8  28111  -50.5                          87     69  742.0         742.0
   12.0  29492  -47.3                          85     76  799.2         799.2
   11.6  29715  -46.8                          85     76  808.8         808.8
   11.1  30005  -46.1                                     821.5         821.5
