-----------------------------------------------------------------------------
   PRES   HGHT   TEMP   DWPT   RELH   MIXR   DRCT   SKNT   THTA   THTE   THTV
    hPa     m      C      C      %    g/kg    deg   knot     K      K      K 
-----------------------------------------------------------------------------
 1008.0     12   29.2   25.9     82  21.42     40      4  301.7  365.3  305.5
 1000.0     80   28.2   23.7     77  18.86      0      2  301.4  357.2  304.7
  976.0    297   26.4   22.4     79  17.81    345      4  301.6  354.4  304.9
  955.0    491   24.8   21.2     80  16.91    333      8  301.9  352.0  304.9
  925.0    774   23.6   19.9     80  16.09    315     15  303.4  351.4  306.4
  905.0    964   23.2   18.8     76  15.33    299     12  304.9  351.0  307.7
  881.0   1196   21.7   18.0     80  15.00    280      9  305.7  350.8  308.4
  850.0   1506   19.6   17.0     85  14.56    280      9  306.7  350.7  309.3
  822.0   1795   17.5   15.8     90  13.91    290      7  307.4  349.6  310.0
  818.0   1837   17.2   15.6     90  13.82    293      7  307.5  349.4  310.1
  793.0   2102   16.6   14.4     87  13.20    310      9  309.6  350.0  312.0
  780.0   2244   16.2   13.8     86  12.88    307      9  310.6  350.3  313.0
  713.0   3003   10.6   10.1     97  11.02    290     10  312.5  346.8  314.6
  711.0   3027   10.4   10.0     97  10.96    291     10  312.6  346.7  314.6
  700.0   3157    9.8    9.0     95  10.40    295     12  313.3  345.8  315.3
  684.0   3350    9.8    7.4     85   9.53    298     11  315.4  345.5  317.2
  640.0   3900    6.2    5.0     92   8.61    305      9  317.4  344.8  319.0
  635.0   3964    5.8    4.7     93   8.51    302      9  317.6  344.8  319.2
  589.0   4578    2.6    0.8     88   6.93    269     12  320.8  343.4  322.1
  552.0   5101    0.4   -5.7     63   4.55    240     14  324.2  339.5  325.1
  545.0   5204    0.0   -7.0     59   4.17    238     14  324.9  339.0  325.7
  538.0   5307   -0.5   -8.5     55   3.76    237     14  325.5  338.3  326.2
  532.0   5397   -1.1   -9.1     55   3.63    235     14  325.8  338.2  326.5
  530.0   5427   -1.3   -8.3     59   3.88    235     14  325.9  339.1  326.7
  529.0   5442   -1.5   -4.8     78   5.09    234     14  325.9  343.0  326.9
  522.0   5548   -1.7   -7.7     64   4.13    233     14  326.9  340.9  327.7
  512.0   5702   -2.7   -8.7     63   3.88    230     14  327.4  340.7  328.2
  503.0   5843   -3.7   -9.7     63   3.66    223     13  327.9  340.5  328.6
  500.0   5890   -3.9  -11.9     54   3.09    220     13  328.2  339.0  328.8
  488.0   6082   -4.5  -19.5     30   1.68    206      9  329.8  335.9  330.1
  475.0   6295   -5.4  -23.0     24   1.28    190      4  331.2  336.0  331.5
  473.0   6329   -5.5  -23.5     23   1.22    193      4  331.5  336.0  331.7
  463.0   6497   -6.3  -24.3     23   1.16    207      6  332.5  336.9  332.8
  461.0   6531   -6.5  -22.5     27   1.37    209      6  332.7  337.8  333.0
  460.0   6548   -6.7  -17.7     41   2.08    211      6  332.6  340.1  333.1
  457.0   6598   -7.0  -18.3     40   1.98    215      7  332.9  340.1  333.3
  423.0   7197  -10.6  -25.9     27   1.10    210     13  335.7  339.9  335.9
  401.0   7611  -13.1  -31.1     21   0.72    172      7  337.6  340.4  337.8
  400.0   7630  -13.3  -34.3     15   0.53    170      7  337.6  339.7  337.7
  391.0   7802  -14.3  -34.0     17   0.55    170      7  338.5  340.7  338.6
  386.0   7900  -14.9  -33.9     18   0.57    168      7  339.0  341.2  339.1
  361.0   8399  -19.1  -29.2     40   0.95    160     10  339.9  343.6  340.1
  345.0   8736  -21.9  -26.1     69   1.33    138     11  340.5  345.6  340.8
  319.0   9305  -25.6  -28.2     79   1.18    100     13  343.1  347.7  343.4
  300.0   9750  -28.5  -29.8     89   1.08     30      7  345.1  349.3  345.3
  294.0   9894  -29.7  -30.7     91   1.01     20      8  345.4  349.4  345.6
  288.0  10041  -30.9  -31.6     94   0.95     18      8  345.7  349.5  345.9
  273.0  10419  -33.3  -37.2     68   0.58     11      9  347.6  349.9  347.7
  270.0  10495  -34.0  -37.8     68   0.55     10      9  347.7  350.0  347.8
  258.0  10811  -36.6  -40.4     68   0.44    350      8  348.3  350.1  348.4
  250.0  11030  -38.5  -42.1     69   0.38    350      9  348.7  350.3  348.8
  247.0  11112  -39.2  -43.1     66   0.34    355      9  348.9  350.3  348.9
  243.0  11224  -40.1  -44.5     63   0.30     11      9  349.1  350.4  349.2
  237.0  11390  -41.4                          35     10  349.6         349.6
  200.0  12520  -50.5                          70     31  352.6         352.6
  197.0  12615  -51.3                          75     32  352.9         352.9
  150.0  14330  -65.7                         100     56  356.7         356.7
  149.0  14370  -66.1                          99     56  356.7         356.7
  141.0  14691  -68.2                          95     54  358.7         358.7
  115.0  15877  -75.8                          70     16  366.0         366.0
  109.0  16189  -77.9                          30     17  367.9         367.9
  103.0  16518  -80.0                          40     18  369.8         369.8
  100.0  16690  -81.1                          60     15  370.8         370.8
   98.0  16802  -81.6                          85     12  371.9         371.9
   83.0  17720  -86.1                         150     31  380.9         380.9
   80.0  17924  -87.1                         140     36  382.9         382.9
   75.0  18275  -86.7                         115     27  390.8         390.8
   74.7  18297  -86.7                         112     27  391.3         391.3
   73.1  18416  -85.5                          96     25  396.2         396.2
   71.8  18516  -79.5                          83     23  411.0         411.0
   71.0  18579  -78.8                          75     22  413.8         413.8
   70.0  18660  -77.9                          70     21  417.4         417.4
   67.5  18867  -78.7                          66     19  420.0         420.0
   67.0  18910  -77.6                          65     18  423.3         423.3
   65.1  19076  -73.3                          73     15  436.2         436.2
   61.6  19404  -67.9                          87      8  455.1         455.1
   61.0  19463  -67.7                          90      7  456.9         456.9
   58.4  19725  -66.7                         202     12  464.8         464.8
   58.0  19767  -67.2                         220     13  464.6         464.6
   56.2  19956  -69.5                         143     14  463.6         463.6
   55.0  20085  -68.5                          90     15  468.7         468.7
   53.1  20296  -66.9                          86     14  477.1         477.1
   50.0  20660  -66.1                          80     11  487.3         487.3
   47.0  21035  -65.9                          85     12  496.6         496.6
   43.0  21575  -65.5                          90     23  510.2         510.2
   40.7  21909  -65.3                          92     27  518.8         518.8
   38.9  22186  -61.7                          93     30  534.7         534.7
   37.0  22498  -60.4                          95     33  545.8         545.8
   34.5  22934  -58.5                         124     20  561.7         561.7
   34.0  23026  -58.6                         130     17  563.8         563.8
   30.0  23810  -59.3                          80     32  582.4         582.4
   29.0  24022  -59.3                          65     28  588.1         588.1
   28.0  24241  -59.3                          25     20  594.0         594.0
   27.3  24399  -59.3                          25     21  598.3         598.3
   27.0  24469  -59.1                          25     22  600.8         600.8
   25.0  24955  -57.7                         350     23  618.2         618.2
   24.0  25213  -56.9                         345     19  627.7         627.7
   23.0  25482  -56.1                          25     12  637.7         637.7
   22.0  25762  -55.3                          85     13  648.3         648.3
   21.3  25966  -54.7                          90     20  656.1         656.1
   20.0  26370  -52.9                         100     33  673.5         673.5
   19.3  26600  -50.7                          98     42  687.2         687.2
   18.0  27051  -51.0                          95     59  700.0         700.0
   16.1  27774  -51.5                         101     63  721.1         721.1
   15.0  28237  -49.4                         105     66  742.9         742.9
   13.2  29075  -45.5                          99     72  783.9         783.9
   12.1  29651  -46.3                          94     77  800.8         800.8
   10.0  30930  -39.9                          85     86  869.5         869.5
    9.7  31138  -39.9                                     877.1         877.1
