-----------------------------------------------------------------------------
   PRES   HGHT   TEMP   DWPT   RELH   MIXR   DRCT   SKNT   THTA   THTE   THTV
    hPa     m      C      C      %    g/kg    deg   knot     K      K      K 
-----------------------------------------------------------------------------
 1009.0     12   28.0   24.7     82  19.88    350      8  300.4  359.0  303.9
 1008.0     22   29.6   22.6     66  17.47    354      7  302.1  353.9  305.2
 1000.0     98   28.4   21.4     66  16.33     30      2  301.6  349.9  304.5
  995.0    143   27.8   21.8     70  16.83     26      3  301.4  351.2  304.4
  977.0    305   27.0   20.5     68  15.80     10      5  302.1  349.1  305.0
  945.0    600   25.5   18.1     64  14.05    330      7  303.6  345.5  306.1
  925.0    790   24.6   16.6     61  13.01    325     10  304.5  343.5  306.8
  922.0    819   24.6   16.6     61  13.06    323     10  304.7  344.0  307.1
  883.0   1196   21.6   15.1     67  12.35    300      4  305.4  342.6  307.6
  871.0   1315   20.6   14.6     68  12.14    281      3  305.6  342.2  307.8
  852.0   1506   19.5   13.5     68  11.55    250      2  306.4  341.4  308.5
  850.0   1526   19.4   13.4     68  11.49    250      2  306.4  341.3  308.6
  823.0   1803   18.0   12.7     71  11.31    290      1  307.9  342.4  309.9
  799.0   2057   16.8   12.0     73  11.15    260      5  309.1  343.3  311.2
  796.0   2089   16.6   11.6     72  10.89    256      6  309.3  342.7  311.3
  795.0   2100   16.6   10.9     69  10.39    255      6  309.4  341.4  311.3
  788.0   2175   16.8    5.8     48   7.39    258      6  310.4  333.4  311.8
  741.0   2696   14.1   -0.1     38   5.13    280      4  312.9  329.3  313.9
  730.0   2823   13.4   -1.6     35   4.68    341      3  313.5  328.6  314.4
  715.0   2996   12.0    1.0     47   5.78     65      1  313.9  332.3  314.9
  700.0   3174   10.6    3.6     62   7.13    105      5  314.2  336.8  315.5
  698.0   3198   10.4    5.7     73   8.29    109      6  314.2  340.4  315.8
  690.0   3294   10.1    4.8     69   7.85    125      8  314.9  339.8  316.4
  669.0   3553    9.2    2.2     62   6.75    134      8  316.7  338.4  318.0
  642.0   3890    6.7    0.9     66   6.40    145      9  317.6  338.3  318.9
  618.0   4203    4.4   -0.3     71   6.08    115      9  318.5  338.2  319.7
  574.0   4808    0.0   -2.7     82   5.50    113     11  320.1  338.1  321.2
  536.0   5358   -1.9   -5.7     75   4.69    110     13  324.1  339.9  325.1
  533.0   5402   -2.2   -6.0     75   4.62    110     13  324.3  339.9  325.2
  513.0   5706   -4.2   -7.8     76   4.15     90     11  325.5  339.6  326.3
  502.0   5879   -5.3   -8.9     76   3.91     94     11  326.1  339.5  326.9
  500.0   5910   -5.5   -8.9     77   3.92     95     11  326.3  339.6  327.0
  483.0   6181   -6.5  -16.5     45   2.19    111     15  328.3  336.1  328.7
  458.0   6593   -9.1  -19.1     44   1.85    135     20  330.0  336.7  330.4
  449.0   6747  -10.1  -20.1     44   1.74    137     17  330.7  337.0  331.0
  440.0   6903  -11.1  -17.1     61   2.29    140     13  331.3  339.5  331.8
  430.0   7079  -12.1  -16.6     69   2.44    153     13  332.2  341.0  332.7
  427.0   7133  -12.3  -15.6     76   2.67    157     13  332.6  342.2  333.2
  424.0   7186  -12.5  -15.4     79   2.74    161     13  333.1  342.8  333.6
  420.0   7259  -12.5  -17.5     66   2.32    167     12  334.0  342.3  334.4
  419.0   7277  -12.5  -21.5     47   1.65    168     12  334.2  340.2  334.5
  407.0   7498  -13.6  -20.8     55   1.81    185     12  335.5  342.2  335.9
  400.0   7630  -14.3  -20.3     60   1.92    195     11  336.3  343.4  336.7
  395.0   7725  -15.1  -21.1     60   1.81    198     11  336.5  343.2  336.9
  376.0   8090  -17.7  -23.7     59   1.52    210      9  337.9  343.6  338.2
  361.0   8392  -19.8  -25.8     59   1.31    250     11  339.0  343.9  339.3
  346.0   8707  -22.0  -28.0     58   1.11    235      6  340.1  344.4  340.4
  336.0   8924  -23.5  -29.5     58   0.99    185      6  340.9  344.8  341.1
  333.0   8989  -24.0  -31.1     52   0.86    170      6  341.2  344.5  341.3
  321.0   9256  -25.9  -37.9     32   0.46    163      7  342.1  343.9  342.2
  300.0   9740  -29.9  -38.9     41   0.44    150     10  343.1  344.9  343.2
  294.0   9884  -31.3  -37.3     55   0.53    144      9  343.1  345.3  343.2
  281.0  10204  -33.4  -41.3     45   0.37    130      7  344.6  346.2  344.7
  274.0  10383  -34.5  -43.5     40   0.30    111      8  345.5  346.7  345.5
  270.0  10485  -35.4  -43.5     43   0.30    100      8  345.7  346.9  345.7
  250.0  11020  -39.9  -43.7     67   0.32    100     17  346.6  347.9  346.7
  249.0  11047  -40.1  -44.2     65   0.30    100     17  346.7  348.0  346.8
  226.0  11690  -45.5                          95     22  348.2         348.2
  200.0  12500  -52.3                          75     26  349.8         349.8
  188.0  12885  -55.8                          70     31  350.3         350.3
  150.0  14290  -68.7                         105     39  351.6         351.6
  140.0  14694  -72.3                         105     43  352.3         352.3
  127.0  15264  -77.3                         108     45  353.2         353.2
  102.0  16508  -80.6                         115     50  369.7         369.7
  100.0  16620  -80.9                         115     45  371.2         371.2
   92.6  17053  -82.5                          85     27  376.3         376.3
   87.0  17405  -79.8                          60     12  388.4         388.4
   86.4  17444  -79.5                          68     11  389.8         389.8
   83.0  17671  -80.8                         115      5  391.7         391.7
   78.0  18021  -82.7                          25      5  394.7         394.7
   76.6  18123  -83.3                          82      5  395.6         395.6
   74.0  18317  -82.1                         190      5  402.1         402.1
   70.0  18630  -80.1                         205     12  412.7         412.7
   67.0  18880  -76.2                         225      8  426.3         426.3
   66.6  18914  -75.7                         226      8  428.2         428.2
   57.3  19777  -78.1                         240     13  441.5         441.5
   57.0  19807  -77.9                         240     13  442.7         442.7
   54.0  20117  -75.4                         265      2  455.2         455.2
   53.6  20160  -75.1                         230      4  456.9         456.9
   52.0  20338  -71.9                          85     14  468.5         468.5
   50.3  20534  -68.3                          72     19  481.3         481.3
   50.0  20570  -67.5                          70     20  484.0         484.0
   49.0  20692  -66.9                          55     22  488.2         488.2
   47.0  20945  -65.7                          59     28  496.9         496.9
   44.0  21345  -66.4                          65     37  504.8         504.8
   40.0  21922  -67.4                         110     34  516.2         516.2
   38.7  22123  -67.7                         114     31  520.3         520.3
   35.0  22737  -64.5                         125     22  543.7         543.7
   33.0  23097  -62.7                         150     12  557.8         557.8
   32.4  23209  -62.1                         151     12  562.3         562.3
   31.6  23365  -59.3                         153     11  573.8         573.8
   31.0  23485  -59.7                         155     11  576.0         576.0
   30.0  23690  -60.3                         140     26  579.7         579.7
   29.4  23815  -61.1                         122     33  580.8         580.8
   29.0  23901  -59.9                         110     38  586.3         586.3
   27.4  24257  -55.1                         100     31  609.4         609.4
   26.6  24447  -53.1                          94     28  620.2         620.2
   24.0  25098  -55.5                          75     16  631.7         631.7
   21.0  25944  -58.6                         100     26  646.8         646.8
   20.6  26065  -59.1                         100     25  649.0         649.0
   20.0  26250  -58.9                         100     32  655.1         655.1
   18.8  26639  -57.1                          88     42  672.4         672.4
   18.0  26915  -54.1                          80     49  690.3         690.3
   17.9  26950  -53.7                          80     49  692.7         692.7
   12.6  29231  -47.5                          86     59  787.4         787.4
   10.2  30611  -51.2                          90     65  822.8         822.8
   10.0  30740  -51.5                          90     65  826.2         826.2
    9.9  30805  -51.1                                     830.1         830.1
