-----------------------------------------------------------------------------
   PRES   HGHT   TEMP   DWPT   RELH   MIXR   DRCT   SKNT   THTA   THTE   THTV
    hPa     m      C      C      %    g/kg    deg   knot     K      K      K 
-----------------------------------------------------------------------------
 1007.0     12   25.2   23.5     90  18.49    350      2  297.8  351.6  301.0
 1005.0     31   24.6   21.5     83  16.35    333      2  297.3  344.8  300.2
 1003.0     51   24.4   21.2     82  16.08    316      2  297.3  344.0  300.1
 1002.0     61   24.4   21.2     82  16.10    307      2  297.4  344.2  300.2
 1001.0     70   25.0   21.4     80  16.32    299      2  298.1  345.6  301.0
 1000.0     80   26.0   21.9     78  16.85    290      2  299.1  348.5  302.2
  975.0    302   25.4   20.8     76  16.12     15      5  300.7  348.2  303.6
  960.0    438   25.0   20.1     74  15.69    354     11  301.6  348.1  304.5
  943.0    595   24.3   19.8     76  15.64    330     17  302.5  349.0  305.3
  925.0    763   23.6   19.4     77  15.58    325     20  303.4  349.9  306.3
  883.0   1171   21.6   15.6     69  12.78    306     13  305.4  343.9  307.8
  880.0   1201   21.8   15.1     66  12.44    305     13  305.9  343.5  308.2
  874.0   1261   22.2   14.2     60  11.78    298     13  306.9  342.7  309.1
  850.0   1504   20.4   12.4     60  10.75    270     15  307.5  340.3  309.5
  813.0   1886   17.6   10.6     64   9.97    268     15  308.5  339.0  310.3
  700.0   3150   11.4    5.4     67   8.10    260     16  315.1  340.8  316.6
  688.0   3294   10.2    4.2     66   7.57    265     16  315.3  339.4  316.7
  686.0   3319   10.0    4.0     66   7.49    266     16  315.3  339.2  316.8
  668.0   3540   10.4    3.4     62   7.37    272     17  318.2  341.9  319.6
  617.0   4192    6.1    1.0     70   6.71    290     19  320.6  342.4  321.9
  572.0   4813    2.0   -1.3     79   6.12    276     18  322.8  343.0  324.0
  552.0   5100    0.9   -2.6     77   5.77    270     17  324.8  344.0  325.9
  535.0   5351    0.0   -3.7     76   5.47    270     13  326.6  345.0  327.7
  532.0   5396   -0.3   -3.9     77   5.42    270     12  326.8  345.0  327.8
  500.0   5890   -3.7   -6.0     84   4.92    315      8  328.5  345.2  329.4
  493.0   6001   -4.4   -6.4     86   4.84    320      9  328.9  345.4  329.9
  471.0   6360   -6.7   -7.6     93   4.61    302      8  330.4  346.2  331.3
  457.0   6593   -8.1   -9.1     92   4.22    290      7  331.6  346.2  332.4
  423.0   7189  -11.6  -13.0     89   3.34    280      7  334.5  346.3  335.2
  407.0   7486  -13.3  -14.9     88   2.97    300      2  335.9  346.6  336.5
  400.0   7620  -14.1  -15.8     87   2.81    205      2  336.6  346.7  337.1
  391.0   7792  -15.1  -17.1     84   2.58    135      4  337.5  346.9  338.1
  376.0   8088  -16.7  -19.3     80   2.22     90      4  339.2  347.4  339.6
  374.0   8128  -16.9  -19.6     80   2.18     90      4  339.4  347.4  339.8
  347.0   8679  -20.6  -23.9     75   1.61     90      5  341.7  347.8  342.0
  333.0   8982  -22.7  -26.2     73   1.36    115      3  342.9  348.1  343.2
  300.0   9750  -27.9  -32.2     67   0.86     55      8  345.9  349.4  346.1
  287.0  10066  -30.5  -34.4     69   0.73     41      9  346.6  349.6  346.8
  282.0  10190  -31.5  -36.1     64   0.62     35      9  347.0  349.5  347.1
  270.0  10496  -33.9  -40.3     52   0.43     25      7  347.8  349.6  347.9
  266.0  10601  -34.7  -41.7     49   0.37     38      8  348.1  349.7  348.2
  259.0  10785  -36.2  -42.7     51   0.34     60     11  348.6  350.1  348.7
  250.0  11030  -38.1  -44.1     53   0.31     75     14  349.3  350.6  349.4
  242.0  11254  -39.9  -45.9     53   0.26     80     16  349.8  351.0  349.9
  217.0  11984  -46.1                          95     21  351.4         351.4
  200.0  12530  -50.7                          90     31  352.3         352.3
  189.0  12886  -53.5                         100     39  353.6         353.6
  164.0  13779  -60.5                         110     51  356.5         356.5
  150.0  14340  -64.9                         125     53  358.1         358.1
  141.0  14700  -67.6                         125     53  359.8         359.8
  121.0  15591  -74.1                         110     41  363.9         363.9
  104.0  16472  -80.6                          90     17  367.6         367.6
  100.0  16700  -82.3                          90     16  368.5         368.5
   93.0  17100  -84.9                         105     29  371.1         371.1
   84.4  17635  -88.3                          92     38  374.6         374.6
   83.0  17726  -88.0                          90     40  376.9         376.9
   79.0  17995  -87.3                          71     28  383.8         383.8
   75.0  18286  -80.0                          50     15  404.9         404.9
   74.0  18361  -78.1                          92     13  410.4         410.4
   71.0  18598  -77.1                         220      7  417.5         417.5
   70.0  18680  -76.7                         210      8  420.0         420.0
   67.2  18916  -74.7                         145      6  429.2         429.2
   67.0  18933  -74.8                         140      6  429.4         429.4
   64.3  19171  -75.9                          41      7  432.0         432.0
   64.0  19199  -75.5                          30      7  433.6         433.6
   62.4  19346  -73.1                           4      5  441.9         441.9
   61.0  19479  -72.6                         340      3  445.9         445.9
   58.0  19776  -71.5                         270      4  454.9         454.9
   57.0  19879  -71.1                                     458.1         458.1
