-----------------------------------------------------------------------------
   PRES   HGHT   TEMP   DWPT   RELH   MIXR   DRCT   SKNT   THTA   THTE   THTV
    hPa     m      C      C      %    g/kg    deg   knot     K      K      K 
-----------------------------------------------------------------------------
 1009.0     12   28.8   22.8     70  17.67     90      3  301.2  353.4  304.4
 1000.0     99   28.4   22.4     70  17.39    355      4  301.6  353.0  304.7
  977.0    304   26.6   21.8     75  17.16      0      6  301.8  352.6  304.9
  945.0    598   24.1   20.9     83  16.83    345      9  302.1  351.9  305.1
  932.0    720   23.0   20.6     86  16.69    345     11  302.2  351.7  305.2
  925.0    786   22.4   19.9     86  16.09    345     12  302.2  349.9  305.1
  882.0   1198   21.2   13.3     61  11.02    325     16  305.1  338.4  307.2
  866.0   1356   20.8   10.8     53   9.48    310     14  306.3  335.1  308.0
  850.0   1516   19.6   11.6     60  10.19    295     12  306.7  337.7  308.5
  822.0   1803   17.0   11.4     70  10.43    285      8  306.8  338.6  308.8
  816.0   1866   16.4   11.4     72  10.48    289      9  306.9  338.8  308.8
  800.0   2034   15.2   10.8     75  10.27    301     10  307.3  338.6  309.2
  794.0   2098   15.4    7.4     59   8.20    305     11  308.2  333.5  309.7
  766.0   2402   14.2    8.0     66   8.85    300     12  310.1  337.6  311.8
  747.0   2614   13.4    8.4     72   9.34    282     12  311.4  340.5  313.2
  740.0   2694   13.8    3.8     51   6.84    275     12  312.7  334.3  314.0
  730.0   2808   13.0    4.0     54   7.03    266     13  313.1  335.3  314.4
  723.0   2889   12.8   -0.2     41   5.24    259     13  313.7  330.6  314.7
  714.0   2994   12.2    1.1     47   5.85    250     13  314.2  332.9  315.3
  700.0   3160   11.2    3.2     58   6.93    240     13  314.9  336.9  316.2
  674.0   3475    9.0    2.0     62   6.60    233     12  315.8  337.0  317.1
  664.0   3598    8.1    1.4     63   6.44    230     12  316.2  336.9  317.4
  642.0   3876    6.2    0.2     65   6.09    239      8  317.1  336.7  318.2
  640.0   3902    6.1   -0.4     63   5.85    240      8  317.3  336.2  318.4
  626.0   4083    5.6   -4.4     49   4.43    267      6  318.7  333.3  319.5
  617.0   4201    4.8   -4.1     53   4.61    285      5  319.1  334.3  320.0
  594.0   4510    2.8   -3.2     65   5.11     20      3  320.2  337.1  321.2
  582.0   4675    2.2  -10.8     38   2.90     31      3  321.4  331.3  322.0
  578.0   4731    2.0   -8.0     48   3.64     35      3  321.8  334.1  322.5
  573.0   4801    1.9  -14.2     29   2.24     40      3  322.5  330.2  322.9
  569.0   4857    1.8  -19.2     19   1.48     38      3  323.0  328.3  323.3
  566.0   4900    1.6  -12.4     35   2.62     36      3  323.3  332.3  323.8
  564.0   4928    1.6  -15.4     27   2.06     35      3  323.6  330.8  324.0
  561.0   4971    1.4  -16.6     25   1.87     33      3  323.9  330.4  324.2
  559.0   5000    1.0  -17.0     25   1.82     32      3  323.7  330.1  324.1
  558.0   5014    1.0  -15.0     29   2.15     31      3  323.9  331.4  324.3
  557.0   5029    1.0   -8.0     51   3.78     30      3  324.0  336.9  324.8
  551.0   5116    0.8  -15.2     29   2.14     27      4  324.8  332.3  325.2
  543.0   5233    0.0   -8.0     55   3.88     22      4  325.2  338.4  326.0
  539.0   5292   -0.3  -11.3     43   3.01     19      4  325.6  335.9  326.1
  532.0   5397   -0.8   -9.2     53   3.60     15      4  326.1  338.5  326.9
  531.0   5412   -0.9   -8.9     55   3.69     16      4  326.2  338.9  326.9
  512.0   5701   -2.4  -11.0     52   3.25     40      8  327.9  339.1  328.5
  500.0   5890   -3.3  -12.3     50   2.99     40      7  328.9  339.4  329.6
  485.0   6130   -5.3  -11.3     63   3.34     52      7  329.4  341.0  330.0
  478.0   6244   -5.5  -15.5     45   2.41     58      7  330.5  339.1  331.0
  475.0   6294   -5.8  -15.2     48   2.49     60      7  330.7  339.6  331.2
  457.0   6595   -7.8  -13.0     66   3.09    195      2  331.9  342.8  332.5
  456.0   6613   -7.9  -12.9     67   3.13    191      2  332.0  343.0  332.6
  439.0   6907   -9.4  -19.5     44   1.87    120      1  333.7  340.5  334.0
  436.0   6960   -9.7  -20.7     40   1.70    121      1  334.0  340.2  334.3
  423.0   7193  -11.5  -19.5     52   1.94    125      3  334.6  341.6  335.0
  410.0   7432  -12.7  -24.7     36   1.27     83      8  336.0  340.8  336.3
  406.0   7507  -13.3  -24.1     40   1.35     70      9  336.2  341.3  336.5
  400.0   7620  -14.1  -23.1     46   1.50     70     14  336.6  342.2  336.9
  394.0   7735  -14.5  -21.5     55   1.75     71     14  337.5  344.0  337.9
  381.0   7990  -15.5  -23.5     50   1.52     74     13  339.4  345.2  339.8
  375.0   8108  -16.4  -23.9     52   1.48     75     13  339.7  345.3  340.0
  347.0   8690  -21.1  -26.1     64   1.32    118      4  341.1  346.1  341.3
  346.0   8711  -21.2  -27.2     58   1.19    120      4  341.1  345.7  341.4
  344.0   8754  -21.5  -29.5     48   0.97    126      5  341.4  345.1  341.6
  332.0   9015  -23.7  -28.7     64   1.09    160      8  341.8  346.0  342.0
  331.0   9037  -23.9  -28.6     65   1.10    160      8  341.8  346.1  342.1
  308.0   9561  -27.7  -34.7     51   0.66    169      6  343.6  346.3  343.8
  306.0   9608  -28.1  -35.1     51   0.64    170      6  343.7  346.3  343.9
  300.0   9750  -29.3  -36.3     51   0.57    165      6  344.0  346.3  344.1
  258.0  10801  -37.9  -42.5     62   0.35    110     13  346.4  347.9  346.5
  250.0  11020  -39.7  -43.8     65   0.32    110     14  346.9  348.2  347.0
  248.0  11075  -40.1  -43.8     68   0.32    112     14  347.1  348.4  347.2
  226.0  11690  -45.3                         135     13  348.5         348.5
  200.0  12500  -52.1                         120     22  350.1         350.1
  197.0  12595  -52.9                         120     23  350.3         350.3
  179.0  13194  -58.1                         125     27  351.5         351.5
  150.0  14300  -67.7                         115     42  353.3         353.3
  126.0  15325  -77.1                          99     57  354.3         354.3
  108.0  16194  -82.6                          85     70  360.0         360.0
  104.0  16407  -83.9                                     361.3         361.3
