-----------------------------------------------------------------------------
   PRES   HGHT   TEMP   DWPT   RELH   MIXR   DRCT   SKNT   THTA   THTE   THTV
    hPa     m      C      C      %    g/kg    deg   knot     K      K      K 
-----------------------------------------------------------------------------
 1009.0     12   25.6   21.8     80  16.60    350      3  298.0  346.4  300.9
 1000.0     91   26.2   21.2     74  16.13    325     17  299.4  346.6  302.2
  965.0    404   24.8   18.8     69  14.36    328     23  301.0  343.4  303.6
  944.0    596   23.4   18.0     71  13.92    330     27  301.5  342.8  304.0
  925.0    773   22.2   17.2     73  13.53    325     25  302.0  342.2  304.4
  912.0    897   21.2   17.3     78  13.81    319     22  302.2  343.2  304.7
  890.0   1112   21.2   17.2     78  14.07    309     17  304.3  346.5  306.9
  871.0   1301   20.4   16.2     77  13.48    300     13  305.4  345.9  307.8
  853.0   1482   17.8   14.7     82  12.48    291      8  304.5  341.9  306.8
  851.0   1503   17.7   14.7     83  12.51    290      8  304.5  342.1  306.8
  850.0   1513   17.6   14.7     83  12.52    290      8  304.6  342.2  306.9
  813.0   1892   15.6   13.7     88  12.27    279     12  306.3  343.5  308.6
  790.0   2136   16.0   12.7     81  11.82    272     15  309.3  345.5  311.5
  739.0   2696   12.6    9.4     81  10.11    255     21  311.5  342.9  313.4
  700.0   3151    9.8    6.7     81   8.87    270     18  313.3  341.1  315.0
  640.0   3890    4.6    3.1     90   7.53    260     17  315.6  339.5  317.0
  618.0   4178    2.6    1.7     94   7.05    262     17  316.4  339.0  317.7
  572.0   4804    0.3    0.2     99   6.84    265     18  320.8  343.1  322.1
  566.0   4890    0.0    0.0    100   6.81    264     18  321.4  343.6  322.7
  531.0   5400   -2.3   -2.5     98   6.02    260     18  324.5  344.5  325.7
  500.0   5880   -4.5   -4.9     97   5.35    270     12  327.5  345.6  328.6
  492.0   6006   -5.1   -5.5     97   5.17    275     11  328.2  345.8  329.3
  474.0   6299   -6.5   -7.0     96   4.79    295     13  330.0  346.4  331.0
  457.0   6585   -7.9   -8.5     95   4.43    295     13  331.8  347.1  332.6
  400.0   7610  -13.9  -15.3     89   2.93    295     15  336.8  347.4  337.4
  390.0   7801  -15.0  -16.4     89   2.75    295     17  337.9  347.9  338.5
  385.0   7899  -15.5  -16.9     89   2.66    292     17  338.4  348.1  339.0
  332.0   8990  -23.3  -25.4     83   1.46    260     11  342.4  347.9  342.7
  309.0   9518  -27.1  -29.6     79   1.07    264     10  344.1  348.3  344.4
  300.0   9730  -28.9  -31.5     78   0.92    265     10  344.5  348.2  344.7
  293.0   9894  -30.2  -33.0     77   0.82    275     11  344.9  348.2  345.1
  281.0  10186  -32.6  -35.6     75   0.66    285     10  345.7  348.3  345.8
  269.0  10490  -35.1  -38.3     73   0.53    260      4  346.4  348.5  346.5
  258.0  10781  -37.5  -40.9     71   0.42    355      1  347.0  348.8  347.1
  250.0  11000  -39.3  -42.8     69   0.35      0      0  347.5  349.0  347.6
  247.0  11083  -40.1  -43.9     67   0.32      0      1  347.5  348.8  347.6
  236.0  11387  -42.8                         275      3  347.9         347.9
  206.0  12293  -50.9                         145      2  349.0         349.0
  200.0  12490  -52.7                         120      4  349.1         349.1
  179.0  13180  -58.8                         110     13  350.4         350.4
  155.0  14076  -66.7                         125     21  351.7         351.7
  150.0  14280  -68.5                         120     23  351.9         351.9
  140.0  14688  -71.6                         110     31  353.4         353.4
  135.0  14904  -73.3                                     354.1         354.1
