-----------------------------------------------------------------------------
   PRES   HGHT   TEMP   DWPT   RELH   MIXR   DRCT   SKNT   THTA   THTE   THTV
    hPa     m      C      C      %    g/kg    deg   knot     K      K      K 
-----------------------------------------------------------------------------
 1011.0     12   27.0   23.6     82  18.53    170      4  299.2  353.5  302.5
 1000.0    108   26.4   20.4     70  15.33    180      2  299.6  344.6  302.3
  979.0    295   25.1   19.6     71  14.84    325      9  300.1  343.8  302.8
  942.0    635   22.8   18.0     74  13.98    342     19  301.1  342.4  303.6
  925.0    795   22.4   17.6     74  13.88    350     23  302.2  343.4  304.7
  919.0    852   22.8   16.8     69  13.27    347     22  303.2  342.8  305.6
  914.0    899   22.6   16.6     69  13.14    345     22  303.4  342.7  305.8
  862.0   1407   20.0   14.0     68  11.79    337     13  305.9  341.5  308.0
  850.0   1528   19.0   13.0     68  11.19    335     11  306.0  339.9  308.1
  824.0   1794   16.6   12.6     77  11.25    315      8  306.3  340.4  308.3
  798.0   2069   14.2   12.2     88  11.31    297     11  306.5  340.8  308.6
  795.0   2100   14.1   12.0     87  11.21    295     11  306.7  340.7  308.8
  749.0   2605   12.6    9.0     79   9.71    295     11  310.4  340.4  312.2
  722.0   2913   10.0    7.1     82   8.84    295     11  310.8  338.2  312.4
  715.0   2995    9.8    6.5     80   8.56    295     11  311.4  338.1  313.0
  700.0   3171    8.2    5.8     85   8.33    295     11  311.5  337.5  313.1
  617.0   4201    3.3   -0.4     77   6.07    300      8  317.3  337.0  318.5
  567.0   4890    0.0   -4.5     72   4.86    270      6  321.2  337.3  322.2
  552.0   5104   -1.1   -6.4     67   4.32    260      5  322.4  336.9  323.3
  532.0   5398   -2.5   -9.0     61   3.67      0      1  324.1  336.5  324.8
  522.0   5550   -3.3  -10.3     58   3.36     67      1  324.9  336.4  325.6
  512.0   5703   -4.1  -10.5     61   3.37    135      1  325.8  337.4  326.5
  504.0   5827   -4.7  -10.7     63   3.37    138      2  326.5  338.1  327.2
  500.0   5890   -4.9  -10.9     63   3.35    140      2  327.0  338.6  327.7
  495.0   5969   -5.1  -15.1     45   2.40    147      3  327.7  336.1  328.2
  493.0   6000   -5.3  -15.1     46   2.42    150      3  327.8  336.4  328.3
  462.0   6504   -8.5  -14.5     62   2.71    196      6  330.0  339.5  330.5
  456.0   6604   -9.1  -16.4     56   2.35    205      7  330.5  338.8  330.9
  448.0   6740   -9.9  -18.9     48   1.93    196      6  331.1  338.1  331.5
  439.0   6895  -11.0  -19.5     50   1.87    185      4  331.7  338.4  332.1
  430.0   7053  -12.1  -20.1     51   1.81    122      5  332.2  338.8  332.6
  422.0   7196  -12.3  -25.3     33   1.17     65      5  333.8  338.1  334.0
  411.0   7396  -14.1  -19.1     66   2.07     62      4  334.0  341.5  334.4
  406.0   7488  -14.6  -19.6     66   2.01     60      4  334.6  341.9  335.0
  400.0   7600  -15.1  -20.1     66   1.95     20      3  335.3  342.4  335.7
  390.0   7791  -16.2  -23.8     52   1.45    320      3  336.2  341.6  336.6
  377.0   8046  -17.7  -28.7     38   0.95    238      2  337.6  341.2  337.8
  375.0   8086  -18.0  -28.4     40   0.99    225      2  337.7  341.5  337.9
  360.0   8390  -19.9  -25.7     60   1.32    155     10  339.0  344.0  339.3
  356.0   8474  -20.5  -25.0     67   1.42    150     11  339.4  344.7  339.7
  337.0   8878  -23.5  -26.0     80   1.37    127     16  340.6  345.9  340.9
  331.0   9008  -24.4  -27.5     76   1.22    120     18  341.1  345.8  341.4
  301.0   9696  -29.3  -35.3     56   0.63    110     11  343.6  346.2  343.8
  300.0   9720  -29.3  -36.3     51   0.57    110     11  344.0  346.3  344.1
  282.0  10157  -33.1  -36.4     72   0.61    106     19  344.6  347.1  344.8
  280.0  10207  -33.5  -36.9     72   0.58    105     20  344.8  347.1  344.9
  250.0  10990  -39.9  -44.4     62   0.30    100     25  346.6  347.9  346.7
  249.0  11018  -40.1  -44.5     63   0.29    100     25  346.7  347.9  346.8
  200.0  12480  -52.9                          95     25  348.8         348.8
  187.0  12902  -56.7                          95     32  349.4         349.4
  162.0  13804  -64.9                          98     40  350.3         350.3
  150.0  14270  -68.5                         100     45  351.9         351.9
  140.0  14668  -71.0                         105     44  354.6         354.6
  114.0  15854  -78.2                          65     29  362.5         362.5
  100.0  16610  -82.9                          70     20  367.3         367.3
   97.0  16779  -84.0                          65     21  368.4         368.4
   95.2  16883  -84.7                          65     21  369.0         369.0
   90.0  17199  -78.9                          99     19  386.5         386.5
   87.0  17391  -79.4                         120     18  389.2         389.2
   77.9  18017  -81.1                          65     24  398.2         398.2
   74.0  18308  -78.6                          40     27  409.4         409.4
   73.9  18316  -78.5                          39     27  409.7         409.7
   72.3  18442  -75.1                          17     23  419.5         419.5
   70.0  18630  -74.3                         345     18  425.1         425.1
   67.0  18883  -75.3                         320     15  428.3         428.3
   61.4  19387  -77.3                         245      9  434.7         434.7
   60.0  19521  -76.0                         225      8  440.4         440.4
   57.0  19819  -73.2                          80      3  453.2         453.2
   55.4  19985  -71.7                          43      8  460.4         460.4
   54.0  20135  -71.8                          10     13  463.5         463.5
   52.0  20358  -72.1                          30     14  468.0         468.0
   51.8  20380  -72.1                          34     14  468.4         468.4
   50.0  20590  -68.9                          70     12  480.7         480.7
   49.4  20663  -67.7                          81     14  485.2         485.2
   47.0  20963  -67.4                         125     22  492.8         492.8
   44.0  21362  -67.0                         135     34  503.1         503.1
   39.9  21953  -66.5                         108     26  518.8         518.8
   36.0  22582  -63.3                          80     17  542.4         542.4
   35.5  22667  -62.9                          63     14  545.7         545.7
   35.0  22755  -63.0                          45     11  547.7         547.7
   33.2  23080  -63.3                          45     14  555.2         555.2
   30.3  23648  -59.3                          45     19  580.7         580.7
   30.0  23710  -59.3                          45     20  582.4         582.4
   29.0  23922  -58.7                          20     13  589.6         589.6
   27.9  24165  -58.1                           4     10  597.9         597.9
   27.0  24369  -58.8                         350      8  601.6         601.6
   26.0  24604  -59.6                          90      3  605.9         605.9
   25.0  24849  -60.4                         130     17  610.4         610.4
   23.7  25182  -61.5                         123     24  616.6         616.6
   20.4  26108  -61.9                         103     43  642.3         642.3
   20.0  26230  -61.7                         100     46  646.6         646.6
   19.5  26388  -57.9                          95     50  663.0         663.0
   18.0  26893  -57.3                          80     62  680.3         680.3
   17.6  27035  -57.1                          80     63  685.2         685.2
   14.9  28105  -50.5                          80     71  740.6         740.6
   12.2  29413  -49.1                          80     81  789.0         789.0
   12.0  29521  -49.0                          80     81  793.1         793.1
   11.5  29799  -48.7                                     803.9         803.9
