-----------------------------------------------------------------------------
   PRES   HGHT   TEMP   DWPT   RELH   MIXR   DRCT   SKNT   THTA   THTE   THTV
    hPa     m      C      C      %    g/kg    deg   knot     K      K      K 
-----------------------------------------------------------------------------
 1010.0     12   27.8   24.7     83  19.86     60      1  300.1  358.6  303.6
 1009.0     21   30.0   23.0     66  17.89     56      1  302.4  355.5  305.6
 1008.0     29   28.8   21.8     66  16.61     52      1  301.3  350.4  304.3
 1000.0     98   28.2   21.2     66  16.13     20      2  301.4  349.1  304.3
  978.0    295   26.3   20.8     72  16.05    345      5  301.4  348.8  304.2
  970.0    368   25.6   20.6     74  16.02    341      6  301.4  348.7  304.2
  937.0    673   23.2   19.8     81  15.78    326      8  301.9  348.7  304.8
  925.0    786   23.2   19.4     79  15.58    320      9  303.0  349.4  305.9
  913.0    900   23.2   18.4     74  14.80    310      7  304.2  348.4  306.9
  912.0    910   23.2   18.3     74  14.73    309      7  304.2  348.4  306.9
  852.0   1499   18.4   14.8     80  12.59    245      2  305.2  343.1  307.5
  850.0   1519   18.2   14.7     80  12.52    250      3  305.2  342.9  307.5
  822.0   1802   16.6   13.3     81  11.85    275      9  306.5  342.4  308.7
  767.0   2387   13.4   10.6     83  10.55    270      8  309.1  341.6  311.1
  714.0   2992   10.1    7.7     85   9.32    305      3  311.9  340.9  313.6
  700.0   3159    9.2    6.9     86   8.99    250      3  312.6  340.8  314.3
  689.0   3290    8.6    5.4     80   8.21    255      4  313.3  339.1  314.9
  664.0   3595    7.0    1.8     69   6.60    230      2  314.9  336.0  316.2
  640.0   3898    5.5   -1.8     59   5.27    125      5  316.6  333.7  317.6
  632.0   4002    5.0   -3.0     56   4.88    125      5  317.1  333.0  318.1
  617.0   4197    3.8   -3.1     61   4.97    125      5  317.9  334.2  318.9
  594.0   4505    1.9   -3.2     69   5.12     15      1  319.2  336.0  320.2
  572.0   4810    0.0   -3.3     78   5.27     30      3  320.4  337.8  321.4
  557.0   5023   -1.5   -4.0     83   5.14     90      3  321.1  338.1  322.1
  551.0   5110   -2.1   -4.9     81   4.85    115      3  321.4  337.4  322.3
  541.0   5256   -1.7   -8.7     59   3.68     98      4  323.5  336.0  324.2
  531.0   5404   -2.7   -8.7     63   3.75     80      5  324.1  336.8  324.8
  511.0   5708   -4.1  -16.2     38   2.13    145      6  326.0  333.5  326.4
  505.0   5802   -4.5  -18.5     33   1.77    153      7  326.6  332.9  326.9
  504.0   5817   -4.3  -25.3     18   0.98    155      7  327.0  330.6  327.2
  500.0   5880   -4.7  -26.7     16   0.87    160      7  327.2  330.5  327.4
  492.0   6006   -5.7  -29.2     14   0.69    165      9  327.6  330.2  327.7
  490.0   6038   -5.9  -29.9     13   0.66    164      9  327.7  330.1  327.8
  477.0   6248   -7.3  -27.3     19   0.86    155      7  328.5  331.7  328.6
  474.0   6297   -7.7  -27.7     18   0.83    153      7  328.6  331.7  328.7
  472.0   6330   -8.1  -26.1     22   0.97    151      6  328.5  332.1  328.7
  471.0   6346   -8.3  -19.3     41   1.77    151      6  328.4  334.8  328.8
  456.0   6597   -9.4  -17.7     51   2.10    140      4  330.1  337.6  330.5
  449.0   6716   -9.9  -16.9     57   2.28    148      4  330.9  339.1  331.4
  448.0   6734   -9.9  -15.9     62   2.48    149      4  331.1  340.0  331.6
  445.0   6785   -9.7  -21.7     37   1.52    152      4  332.0  337.6  332.3
  438.0   6907  -10.4  -22.9     35   1.40    160      4  332.6  337.8  332.9
  421.0   7210  -12.2  -25.7     32   1.13     95      4  334.1  338.3  334.3
  413.0   7357  -13.1  -27.1     30   1.01     90      3  334.8  338.6  335.0
  406.0   7487  -13.9  -22.9     47   1.50     86      2  335.4  341.0  335.7
  405.0   7506  -13.9  -23.6     44   1.42     85      2  335.6  340.9  335.9
  400.0   7600  -14.1  -27.1     32   1.04    165      1  336.6  340.6  336.8
  390.0   7792  -15.1  -31.6     23   0.70    220      3  337.7  340.4  337.9
  386.0   7871  -15.5  -33.5     20   0.59    238      3  338.2  340.5  338.3
  378.0   8029  -16.5  -27.5     38   1.06    276      4  338.9  343.0  339.1
  374.0   8109  -17.2  -26.7     43   1.15    295      5  339.0  343.4  339.3
  357.0   8457  -20.1  -23.4     75   1.63    298      7  339.6  345.8  340.0
  345.0   8711  -21.7  -26.8     63   1.25    300      8  340.8  345.6  341.1
  339.0   8840  -22.5  -28.5     58   1.08    292      7  341.4  345.6  341.6
  332.0   8994  -23.3  -34.3     36   0.63    284      7  342.4  344.9  342.5
  318.0   9307  -25.7  -36.3     37   0.54    265      5  343.3  345.5  343.4
  305.0   9610  -28.0  -38.1     37   0.47    270      2  344.2  346.1  344.3
  300.0   9730  -28.9  -38.9     38   0.44    305      1  344.5  346.3  344.6
  293.0   9897  -30.1  -40.9     34   0.37    315      2  345.1  346.6  345.2
  290.0   9970  -30.7  -41.7     33   0.34    319      2  345.3  346.7  345.4
  281.0  10192  -32.5  -39.5     50   0.44    332      3  345.9  347.7  345.9
  269.0  10495  -35.1  -42.6     46   0.33    350      5  346.4  347.8  346.5
  260.0  10732  -37.1  -45.1     43   0.26    354      4  346.9  348.0  346.9
  257.0  10811  -37.8  -44.7     48   0.28    355      3  347.0  348.1  347.0
  250.0  11000  -39.5  -43.9     63   0.31     20      4  347.2  348.5  347.3
  248.0  11055  -39.9  -42.7     74   0.36     20      5  347.4  348.9  347.5
  246.0  11109  -40.4                          20      6  347.5         347.5
  225.0  11704  -45.5                          20      8  348.6         348.6
  215.0  12008  -48.1                          40     13  349.1         349.1
  200.0  12490  -52.3                          35     15  349.8         349.8
  196.0  12616  -53.4                          30     16  350.0         350.0
  170.0  13501  -61.5                          75     12  351.2         351.2
  162.0  13801  -64.2                         105     13  351.5         351.5
  150.0  14280  -68.5                         110     16  351.9         351.9
  136.0  14856  -73.7                         102     31  352.7         352.7
  126.0  15292  -75.3                          95     43  357.5         357.5
  100.0  16610  -80.3                          80     19  372.3         372.3
   97.0  16781  -80.9                          80     13  374.4         374.4
   92.0  17078  -82.0                         195      3  377.9         377.9
   87.0  17392  -83.1                         205     14  381.7         381.7
   85.5  17490  -83.5                         195     14  382.9         382.9
   82.0  17726  -81.1                         180     10  392.3         392.3
   78.0  18009  -78.3                         325     12  403.8         403.8
   77.7  18031  -78.1                         325     13  404.7         404.7
   74.0  18311  -77.6                         325     20  411.4         411.4
   70.0  18630  -77.1                         295     25  419.1         419.1
   63.0  19238  -76.0                         300     18  434.4         434.4
   60.0  19520  -75.4                         240     11  441.7         441.7
   57.0  19816  -74.9                         210      5  449.5         449.5
   55.0  20022  -74.5                         299      5  455.0         455.0
   54.0  20130  -71.9                         345      5  463.3         463.3
   53.3  20206  -70.1                         350      5  469.2         469.2
   52.0  20355  -68.5                           0      5  476.3         476.3
   50.0  20590  -65.9                          40     12  487.8         487.8
   47.0  20967  -64.7                          90     15  499.4         499.4
   44.7  21273  -63.7                         106     18  509.0         509.0
   42.0  21652  -65.2                         125     21  514.5         514.5
   39.4  22041  -66.7                         122     17  520.1         520.1
   38.0  22261  -63.6                         120     15  533.4         533.4
   37.5  22342  -62.5                         113     11  538.2         538.2
   37.0  22424  -62.6                         105      6  540.0         540.0
   35.0  22765  -63.2                         190      2  547.2         547.2
   33.0  23126  -63.7                         150      5  555.0         555.0
   32.0  23315  -64.0                         190     11  559.1         559.1
   30.5  23609  -64.5                         164     17  565.6         565.6
   30.0  23710  -64.7                         155     19  567.7         567.7
   27.0  24359  -61.0                         105     20  595.5         595.5
   26.5  24474  -60.3                          97     20  600.6         600.6
   25.6  24690  -57.3                          81     21  615.1         615.1
   25.0  24840  -56.5                          70     22  621.5         621.5
   23.9  25126  -55.1                          72     32  633.7         633.7
   22.0  25652  -56.0                          75     49  646.3         646.3
   21.7  25740  -56.1                          74     50  648.4         648.4
   20.0  26260  -53.7                          70     54  671.0         671.0
   18.3  26829  -53.5                          74     64  688.9         688.9
   16.2  27621  -49.6                          80     78  726.1         726.1
   16.0  27702  -49.2                          80     78  730.0         730.0
   15.0  28122  -47.1                          81     77  750.5         750.5
   13.0  29072  -43.9                          82     76  792.8         792.8
   11.0  30186  -45.5                          84     74  825.8         825.8
   10.0  30820  -44.5                          85     73  852.3         852.3
    9.3  31306  -44.1                          85     74  871.7         871.7
    9.0                                        85     75                     
