-----------------------------------------------------------------------------
   PRES   HGHT   TEMP   DWPT   RELH   MIXR   DRCT   SKNT   THTA   THTE   THTV
    hPa     m      C      C      %    g/kg    deg   knot     K      K      K 
-----------------------------------------------------------------------------
 1010.0     12   28.4   24.1     78  19.14     30      4  300.7  357.2  304.1
 1000.0    104   28.0   22.0     70  16.96    320      5  301.1  351.3  304.2
  978.0    300   26.5   21.0     72  16.29    315     12  301.5  349.7  304.5
  925.0    792   22.6   18.5     78  14.71    310     16  302.4  346.1  305.1
  885.0   1178   19.4   17.0     86  13.97    296     17  302.9  344.5  305.5
  883.0   1198   19.3   16.9     86  13.94    295     17  303.0  344.5  305.6
  850.0   1527   17.4   15.7     90  13.37    275     19  304.4  344.4  306.8
  819.0   1844   15.2   14.2     94  12.58    271     19  305.3  343.2  307.6
  769.0   2376   13.6   10.4     81  10.40    265     19  309.1  341.0  311.0
  767.0   2398   13.4   10.3     81  10.35    265     19  309.1  340.9  311.1
  741.0   2688   11.2    8.8     85   9.68    265     18  309.8  339.6  311.6
  724.0   2882   11.8    8.3     79   9.58    265     18  312.5  342.4  314.3
  700.0   3163   10.2    5.4     72   8.10    265     17  313.8  339.3  315.3
  688.0   3306    9.5    3.6     67   7.27    265     16  314.5  337.6  315.9
  664.0   3601    8.0    0.0     57   5.80    285     11  316.0  334.7  317.1
  614.0   4241    3.4   -1.4     71   5.66    285     13  317.9  336.3  319.0
  596.0   4482    2.0   -5.0     60   4.45    285     14  319.0  333.7  319.9
  594.0   4509    1.8   -4.9     61   4.50    285     14  319.1  334.0  320.0
  589.0   4577    1.4   -4.6     64   4.64    283     13  319.4  334.7  320.3
  579.0   4715    1.0   -8.0     51   3.63    278     12  320.5  332.7  321.2
  573.0   4799    0.5   -7.5     55   3.81    275     11  320.9  333.6  321.6
  566.0   4897    0.0   -7.0     59   4.02    278     11  321.4  334.8  322.2
  561.0   4968    0.0  -14.0     34   2.32    280     11  322.2  330.2  322.6
  554.0   5069   -0.9   -5.8     69   4.50    284     11  322.3  337.3  323.2
  552.0   5098   -1.3   -5.0     76   4.80    285     11  322.1  338.1  323.1
  551.0   5112   -1.4   -5.2     75   4.73    285     11  322.2  338.0  323.2
  549.0   5141   -1.5   -5.7     73   4.58    283     11  322.4  337.7  323.3
  544.0   5214   -1.7  -13.7     39   2.45    278     10  323.0  331.5  323.5
  538.0   5302   -2.1  -17.1     31   1.87    272     10  323.6  330.1  323.9
  531.0   5406   -2.6  -12.1     48   2.86    265      9  324.2  334.1  324.8
  529.0   5436   -2.7  -10.7     54   3.21    266      9  324.4  335.4  325.1
  512.0   5694   -4.5  -12.5     54   2.87    274     10  325.3  335.2  325.8
  507.0   5771   -5.3   -9.1     75   3.81    277     11  325.2  338.2  326.0
  500.0   5880   -5.9   -9.3     77   3.80    280     11  325.8  338.8  326.5
  496.0   5943   -6.1  -12.1     63   3.06    273     11  326.3  336.9  326.9
  492.0   6006   -6.2  -12.6     60   2.96    265     10  326.9  337.2  327.5
  487.0   6086   -6.3  -13.3     58   2.83    261      9  327.8  337.6  328.3
  485.0   6118   -6.5  -13.5     58   2.80    259      9  327.9  337.7  328.4
  484.0   6134   -6.5  -15.5     49   2.38    259      9  328.1  336.5  328.6
  483.0   6150   -6.5  -16.5     45   2.19    258      9  328.3  336.1  328.7
  482.0   6166   -6.7  -10.7     73   3.53    257      9  328.2  340.4  328.9
  475.0   6280   -7.1  -16.1     49   2.30    251      8  329.1  337.3  329.6
  474.0   6297   -7.1  -22.1     29   1.38    250      8  329.3  334.4  329.6
  469.0   6379   -7.5  -16.5     49   2.26    246      7  329.8  337.8  330.3
  468.0   6396   -7.7  -14.7     57   2.63    245      7  329.8  339.0  330.3
  467.0   6413   -7.9  -12.9     67   3.05    244      7  329.7  340.4  330.3
  466.0   6429   -7.9  -12.5     70   3.16    244      7  329.9  341.0  330.6
  464.0   6463   -8.1  -17.1     48   2.17    242      7  330.1  337.8  330.5
  463.0   6479   -7.9  -19.9     38   1.71    241      7  330.5  336.7  330.9
  456.0   6597   -8.7  -18.7     44   1.93    235      6  331.0  337.9  331.4
  454.0   6631   -9.1  -17.1     52   2.22    236      6  330.9  338.8  331.3
  452.0   6665   -9.3  -16.3     57   2.38    238      6  331.1  339.5  331.5
  449.0   6717   -9.5  -17.5     52   2.17    240      6  331.4  339.2  331.9
  448.0   6734   -9.5  -23.5     31   1.29    240      6  331.6  336.4  331.9
  443.0   6820   -9.9  -25.9     26   1.05    244      6  332.2  336.1  332.4
  442.0   6838   -9.9  -25.9     26   1.05    244      7  332.4  336.4  332.6
  441.0   6855  -10.1  -20.1     44   1.77    245      7  332.4  338.8  332.7
  440.0   6873  -10.1  -20.1     44   1.77    246      7  332.6  339.0  332.9
  437.0   6925  -10.3  -20.3     44   1.75    248      7  333.0  339.4  333.3
  435.0   6961  -10.5  -22.5     37   1.45    249      7  333.2  338.5  333.5
  411.0   7394  -13.3  -17.0     74   2.47    266      8  335.0  343.9  335.5
  405.0   7506  -14.1  -17.7     74   2.36    270      8  335.4  344.0  335.9
  400.0   7600  -14.7  -18.3     74   2.27    270      8  335.8  344.1  336.3
  379.0   8007  -16.9  -23.9     55   1.47    258      6  338.1  343.6  338.4
  374.0   8106  -17.7  -24.7     54   1.39    255      6  338.4  343.6  338.6
  360.0   8389  -19.9  -26.9     54   1.18    205      2  339.1  343.6  339.4
  343.0   8749  -22.7  -29.7     53   0.96    193      3  340.0  343.7  340.2
  331.0   9009  -24.2  -34.4     38   0.63    185      4  341.4  343.9  341.6
  321.0   9233  -25.5  -38.5     29   0.43    151      3  342.6  344.4  342.7
  305.0   9601  -28.2  -40.5     30   0.37     95      2  343.9  345.4  343.9
  300.0   9720  -29.1  -41.1     30   0.35     80      4  344.2  345.7  344.3
  292.0   9912  -30.8  -41.4     35   0.35     60      5  344.4  345.9  344.5
  289.0   9985  -31.5  -41.5     37   0.35     69      6  344.5  346.0  344.6
  280.0  10207  -33.3  -39.3     55   0.45     95      8  345.1  346.9  345.2
  261.0  10695  -37.5  -43.5     53   0.31     83     14  345.9  347.2  346.0
  257.0  10801  -38.1  -43.1     59   0.33     80     15  346.5  347.9  346.5
  250.0  10990  -39.3  -42.5     72   0.36    105     14  347.5  349.0  347.6
  246.0  11100  -39.9  -43.4     69   0.34    115     14  348.2  349.6  348.3
  206.0  12283  -50.2                          95     14  350.2         350.2
  200.0  12480  -51.9                          95     14  350.4         350.4
  162.0  13791  -64.1                          90     26  351.7         351.7
  150.0  14270  -68.5                         100     18  351.9         351.9
  139.0  14720  -72.8                         105     22  352.0         352.0
  136.0  14849  -74.1                         101     25  352.0         352.0
  128.0  15199  -77.1                          92     33  352.7         352.7
  119.0  15613  -78.3                          80     43  357.9         357.9
  113.0  15906  -79.2                          55     34  361.6         361.6
  100.0  16600  -81.3                          75     31  370.4         370.4
   98.8  16668  -81.5                          75     27  371.3         371.3
   97.0  16772  -81.4                          75     21  373.4         373.4
   92.0  17071  -81.1                         115      8  379.7         379.7
   87.0  17388  -80.8                         210     10  386.4         386.4
   85.0  17519  -80.7                         206     10  389.2         389.2
   82.1  17716  -79.7                         200      9  395.1         395.1
   82.0  17723  -79.6                         200      9  395.5         395.5
   79.7  17886  -77.1                         226      9  403.9         403.9
   78.8  17953  -73.3                         236      9  413.0         413.0
   78.0  18013  -73.3                         245      9  414.3         414.3
   71.0  18566  -73.1                         270     16  425.9         425.9
   70.0  18650  -73.1                         265     17  427.7         427.7
   60.8  19468  -75.1                         238     30  440.8         440.8
   60.0  19545  -74.8                         235     31  443.1         443.1
   57.0  19842  -73.6                         195     17  452.4         452.4
   56.7  19873  -73.5                         174     15  453.3         453.3
   55.0  20052  -70.4                          50      2  464.3         464.3
   54.4  20117  -69.3                          52      3  468.4         468.4
   52.0  20386  -68.5                          60      6  476.2         476.2
   50.2  20596  -67.9                          24     15  482.5         482.5
   50.0  20620  -68.3                          20     16  482.1         482.1
   49.0  20741  -69.5                          10     21  482.2         482.2
   48.8  20765  -69.7                                     482.2         482.2
   48.5  20802  -68.1                                     486.8         486.8
