-----------------------------------------------------------------------------
   PRES   HGHT   TEMP   DWPT   RELH   MIXR   DRCT   SKNT   THTA   THTE   THTV
    hPa     m      C      C      %    g/kg    deg   knot     K      K      K 
-----------------------------------------------------------------------------
 1006.0     12   29.0   24.7     78  19.94    300      4  301.6  360.8  305.2
 1000.0     71   28.8   22.8     70  17.83    320      7  301.9  354.8  305.2
  974.0    304   27.2   21.8     72  17.16    325      9  302.7  353.7  305.8
  943.0    590   25.3   20.5     74  16.35     15      4  303.5  352.3  306.5
  925.0    761   24.2   19.7     76  15.88     25      4  304.1  351.6  306.9
  911.0    895   23.2   19.0     77  15.41      5      3  304.4  350.6  307.2
  880.0   1198   21.1   17.4     79  14.38    320      3  305.2  348.4  307.8
  879.0   1208   21.0   17.3     79  14.34    320      3  305.2  348.3  307.8
  850.0   1499   19.6   12.6     64  10.90    325     10  306.7  339.8  308.7
  847.0   1530   19.8   11.8     60  10.37    325     10  307.2  338.8  309.1
  765.0   2395   15.2    8.8     66   9.38    335     11  311.3  340.4  313.1
  700.0   3150   11.2    6.2     71   8.57    305     10  314.9  341.9  316.5
  688.0   3294   10.6    4.8     67   7.90    290      9  315.8  340.9  317.3
  658.0   3666    9.2    1.2     57   6.38    298      9  318.2  338.9  319.4
  617.0   4191    6.1   -0.9     61   5.83    310     10  320.5  339.6  321.6
  594.0   4501    4.2   -2.2     63   5.53    340      7  321.9  340.1  322.9
  573.0   4795    2.5   -3.4     66   5.24    330      6  323.1  340.6  324.1
  552.0   5099    0.6   -4.6     68   4.96    345      7  324.4  341.1  325.4
  545.0   5203    0.0   -5.0     69   4.87    343      7  324.9  341.2  325.8
  532.0   5396   -0.9   -7.4     61   4.14    340      7  326.0  340.1  326.8
  519.0   5594   -1.9   -9.9     54   3.49    350      7  327.1  339.2  327.8
  512.0   5702   -2.6   -8.8     63   3.87    355      7  327.6  340.9  328.4
  505.0   5811   -3.3   -7.6     72   4.30      7      8  328.0  342.7  328.9
  500.0   5890   -3.7   -7.8     73   4.28     15      9  328.5  343.1  329.3
  493.0   6001   -4.2   -8.7     71   4.05     25      9  329.1  343.1  330.0
  475.0   6294   -5.6  -11.0     66   3.50    355      6  331.0  343.2  331.7
  446.0   6790   -7.9  -14.9     57   2.71    314      3  334.1  343.8  334.6
  440.0   6895   -8.8  -15.2     60   2.68    305      2  334.2  343.8  334.8
  423.0   7200  -11.5  -16.0     69   2.60     25      2  334.6  344.0  335.1
  414.0   7367  -12.9  -16.5     74   2.56     59      5  334.8  344.0  335.4
  406.0   7516  -13.1  -15.8     80   2.77     90      8  336.4  346.4  337.0
  400.0   7630  -13.7  -18.7     66   2.20     90      9  337.1  345.1  337.5
  389.0   7842  -14.7  -22.7     51   1.60    113      9  338.5  344.4  338.8
  377.0   8078  -16.1  -27.1     38   1.11    138      9  339.7  343.9  339.9
  376.0   8098  -16.2  -27.1     39   1.11    140      9  339.8  344.1  340.0
  370.0   8219  -16.9  -26.9     42   1.15    137     10  340.4  344.9  340.7
  369.0   8240  -17.1  -26.1     46   1.24    136     11  340.4  345.2  340.7
  365.0   8321  -17.7  -28.7     38   0.99    134     12  340.7  344.5  340.9
  363.0   8363  -17.7  -34.7     21   0.56    133     12  341.2  343.5  341.4
  347.0   8697  -20.0  -34.6     26   0.59    125     16  342.5  344.9  342.7
  337.0   8915  -21.5  -34.5     30   0.61    119     17  343.4  345.8  343.5
  322.0   9248  -24.5  -31.5     52   0.86    110     19  343.7  347.1  343.9
  305.0   9641  -27.5  -31.1     71   0.94     98     21  344.9  348.6  345.1
  300.0   9760  -28.3  -32.8     65   0.81     95     22  345.4  348.6  345.6
  294.0   9904  -29.1  -35.1     56   0.66     93     21  346.2  348.9  346.4
  287.0  10076  -30.5  -38.5     45   0.48     91     21  346.6  348.6  346.7
  278.0  10301  -32.5  -36.2     69   0.63     88     20  346.9  349.5  347.1
  270.0  10505  -34.0  -38.2     66   0.53     85     19  347.7  349.8  347.8
  258.0  10823  -36.3  -41.3     60   0.40     91     20  348.8  350.5  348.9
  250.0  11040  -37.9  -44.9     48   0.28     95     21  349.6  350.8  349.6
  239.0  11349  -40.1  -54.1     21   0.10     99     25  350.8  351.3  350.8
  200.0  12540  -50.3                         115     43  352.9         352.9
  172.0  13490  -58.4                         135     42  355.1         355.1
  152.0  14270  -65.1                         126     39  356.4         356.4
  150.0  14350  -65.7                         125     39  356.7         356.7
  149.0  14389  -66.0                         125     38  356.9         356.9
  128.0  15273  -71.9                          85     35  362.1         362.1
  100.0  16710  -81.5                         100     34  370.0         370.0
   99.0  16766  -81.8                         100     31  370.6         370.6
   93.0  17111  -83.3                          90     21  374.2         374.2
   88.0  17416  -84.7                         105     15  377.4         377.4
   84.0  17673  -85.9                         155     16  380.1         380.1
   76.8  18168  -88.1                         170      9  385.3         385.3
   75.0  18297  -87.4                         180     10  389.3         389.3
   73.6  18399  -86.9                         180     17  392.5         392.5
   72.8  18460  -81.9                         180     20  404.3         404.3
   71.0  18600  -81.8                         180     29  407.5         407.5
   70.0  18680  -81.7                         175     28  409.3         409.3
   69.8  18696  -81.7                         173     27  409.6         409.6
   67.0  18932  -75.1                         150     18  428.8         428.8
   66.1  19010  -72.9                         156     17  435.2         435.2
   64.0  19200  -72.7                         170     14  439.6         439.6
   61.6  19426  -72.5                         158      8  444.9         444.9
   61.0  19484  -71.6                         155      7  448.1         448.1
   59.6  19622  -69.5                         116      9  455.8         455.8
   58.0  19785  -70.0                          70     12  458.4         458.4
   54.1  20200  -71.1                          35     11  464.9         464.9
   52.0  20436  -70.5                          15     10  471.6         471.6
   50.0  20670  -69.9                          15      6  478.4         478.4
   47.0  21040  -67.7                          60     11  492.2         492.2
   46.0  21168  -66.9                          70     14  497.1         497.1
   45.0  21300  -67.4                          80     18  499.0         499.0
   43.0  21573  -68.5                          78     25  502.9         502.9
   41.9  21727  -68.9                          76     29  505.6         505.6
   41.2  21828  -65.9                          75     31  515.5         515.5
   41.0  21858  -65.8                          75     32  516.4         516.4
   39.0  22161  -65.3                          85     36  525.1         525.1
   36.8  22513  -64.7                          74     27  535.5         535.5
   35.0  22822  -62.0                          65     19  550.4         550.4
   34.0  23000  -60.4                          75      4  559.1         559.1
   33.7  23055  -59.9                          98      4  561.8         561.8
   32.0  23378  -59.5                         230      2  571.1         571.1
   30.0  23780  -59.1                         190      9  582.9         582.9
   29.0  23993  -60.0                         165      8  586.3         586.3
   28.6  24080  -60.3                         143     10  587.6         587.6
   28.0  24213  -60.1                         110     13  591.7         591.7
   26.0  24677  -59.5                          94     20  606.1         606.1
   25.0  24926  -55.9                          85     24  623.4         623.4
   24.8  24977  -55.1                          82     22  627.0         627.0
   24.0  25186  -55.4                          70     14  632.2         632.2
   21.0  26039  -56.4                         115     25  653.5         653.5
   20.8  26100  -56.5                         114     27  655.1         655.1
   20.0  26350  -55.9                         110     37  664.3         664.3
   19.3  26576  -56.1                         107     43  670.5         670.5
   17.8  27095  -51.5                          99     58  700.7         700.7
   17.0  27398  -49.9                          95     66  715.2         715.2
   15.0  28220  -45.5                          94     67  755.8         755.8
   11.6  29950  -40.5                          91     70  831.2         831.2
   10.0  30960  -40.7                          90     72  866.5         866.5

