-----------------------------------------------------------------------------
   PRES   HGHT   TEMP   DWPT   RELH   MIXR   DRCT   SKNT   THTA   THTE   THTV
    hPa     m      C      C      %    g/kg    deg   knot     K      K      K 
-----------------------------------------------------------------------------
 1010.0     12   29.0   22.0     66  16.79     30      4  301.3  350.9  304.3
 1000.0    104   28.0   18.0     55  13.16     10     13  301.1  340.1  303.5
  978.0    301   26.8   17.5     57  13.06      0     22  301.8  340.6  304.2
  972.0    356   26.4   17.4     58  13.03    358     22  302.0  340.7  304.4
  925.0    792   23.4   18.4     74  14.62    340     20  303.2  346.8  305.9
  891.0   1118   20.8   16.8     78  13.69    331     17  303.8  344.8  306.3
  853.0   1495   19.5   14.9     75  12.61    320     13  306.3  344.4  308.6
  850.0   1525   19.4   14.7     74  12.52    320     12  306.4  344.4  308.8
  823.0   1804   18.6   13.6     73  12.07    280     11  308.5  345.3  310.7
  822.0   1815   18.6   13.6     73  12.05    280     11  308.6  345.4  310.8
  786.0   2199   15.6   11.8     78  11.18    283     13  309.3  343.6  311.4
  754.0   2554   15.2    9.2     67   9.78    286     15  312.6  343.1  314.4
  715.0   3004   12.6    5.2     61   7.81    290     17  314.5  339.3  316.0
  700.0   3183   11.6    3.6     58   7.13    290     17  315.3  338.0  316.6
  642.0   3891    7.1    0.9     64   6.39    280     17  318.1  338.8  319.4
  559.0   5024    0.0   -3.5     77   5.32    294     14  322.5  340.2  323.6
  554.0   5096   -0.4   -4.0     77   5.18    295     14  322.9  340.1  323.9
  500.0   5910   -4.7   -9.3     70   3.80    230     16  327.2  340.3  328.0
  494.0   6004   -5.3   -9.5     72   3.78    230     15  327.7  340.7  328.4
  469.0   6410   -7.7  -10.5     80   3.69    237     12  329.6  342.3  330.3
  460.0   6561   -8.7  -11.5     80   3.47    239     11  330.1  342.2  330.8
  457.0   6611   -8.9  -12.6     75   3.20    240     11  330.5  341.7  331.1
  441.0   6886  -11.1  -13.5     82   3.08    245      9  331.1  341.9  331.7
  440.0   6903  -11.2  -13.9     80   2.99    245      9  331.3  341.8  331.9
  430.0   7079  -11.7  -17.7     61   2.23    233      7  332.8  340.8  333.2
  423.0   7205  -12.1  -18.1     61   2.18    225      5  333.8  341.7  334.2
  420.0   7259  -12.3  -18.3     61   2.17    228      6  334.2  342.1  334.7
  400.0   7630  -14.1  -21.1     55   1.79    245     10  336.6  343.2  336.9
  391.0   7802  -15.3  -23.8     48   1.44    240     12  337.2  342.6  337.5
  376.0   8097  -17.4  -28.5     37   0.98    210      8  338.2  342.0  338.4
  361.0   8404  -19.6  -33.4     28   0.64    125      1  339.3  341.8  339.4
  360.0   8425  -19.7  -33.7     28   0.62    124      1  339.4  341.8  339.5
  349.0   8656  -21.7  -29.7     48   0.94    119      5  339.7  343.3  339.9
  337.0   8914  -23.3  -29.3     58   1.01    112      9  340.9  344.8  341.1
  333.0   9001  -23.8  -31.8     48   0.81    110     10  341.4  344.6  341.6
  329.0   9090  -24.3  -34.3     39   0.64    112     10  341.9  344.4  342.0
  321.0   9270  -25.7  -31.7     57   0.84    115     11  342.4  345.7  342.5
  314.0   9430  -26.5  -33.5     52   0.72    118     11  343.4  346.3  343.6
  309.0   9547  -27.1  -35.1     47   0.63    121     11  344.1  346.7  344.3
  308.0   9570  -27.1  -39.1     31   0.42    121     12  344.5  346.2  344.6
  302.0   9712  -28.5  -36.5     46   0.56    124     12  344.4  346.7  344.6
  300.0   9760  -28.9  -35.9     51   0.60    125     12  344.5  346.9  344.7
  294.0   9903  -30.0  -37.9     46   0.50    130     12  345.0  347.0  345.1
  282.0  10197  -32.3  -42.0     37   0.34    150     11  345.8  347.2  345.9
  262.0  10716  -36.3  -49.3     25   0.16    129     18  347.3  348.0  347.3
  250.0  11040  -38.9  -46.9     43   0.22    115     22  348.1  349.1  348.1
  246.0  11150  -39.9  -47.9     42   0.20    112     23  348.2  349.1  348.2
  227.0  11682  -44.7                         100     26  348.9         348.9
  200.0  12520  -52.3                          90     24  349.8         349.8
  189.0  12882  -55.5                          95     26  350.4         350.4
  185.0  13019  -56.7                          98     28  350.5         350.5
  163.0  13805  -62.4                         115     42  353.9         353.9
  150.0  14320  -66.1                         110     49  356.0         356.0
  134.0  14977  -70.3                          95     38  360.2         360.2
  127.0  15289  -72.3                          90     22  362.1         362.1
  121.0  15571  -74.2                         105     16  363.8         363.8
  115.0  15867  -76.1                         145     13  365.6         365.6
  109.0  16178  -78.1                         155     17  367.5         367.5
  100.0  16680  -81.3                         120     17  370.4         370.4
   98.0  16793  -82.0                         120     12  371.1         371.1
   88.0  17395  -86.0                         115     10  374.7         374.7
   87.8  17408  -86.1                         110      9  374.8         374.8
   83.0  17722  -82.4                         195      2  388.4         388.4
   82.1  17782  -81.7                         219      2  391.1         391.1
   79.0  18002  -81.0                         305      4  396.8         396.8
   75.0  18297  -80.1                         320     10  404.6         404.6
   71.0  18609  -79.2                         300     14  413.1         413.1
   70.0  18690  -78.9                         300     15  415.3         415.3
   64.0  19199  -78.0                         335     15  428.0         428.0
   61.0  19472  -77.5                          10      8  435.0         435.0
   59.7  19594  -77.3                          46     10  438.2         438.2
   58.0  19761  -72.8                          95     12  452.0         452.0
   57.9  19771  -72.5                          95     12  452.9         452.9
   54.4  20139  -68.9                         101     13  469.3         469.3
   50.0  20640  -69.5                         110     14  479.3         479.3
   48.4  20834  -69.9                         118     14  482.8         482.8
   47.0  21012  -68.9                         125     14  489.3         489.3
   39.5  22065  -62.9                          96     29  529.3         529.3
   37.0  22467  -63.2                          85     35  538.6         538.6
   36.0  22636  -63.3                          86     33  542.5         542.5
   33.0  23176  -60.3                          90     26  564.0         564.0
   32.2  23328  -59.5                          62     19  570.2         570.2
   32.0  23367  -59.6                          55     17  571.0         571.0
   30.0  23770  -60.3                         340     16  579.7         579.7
   29.0  23981  -60.4                         335     10  585.0         585.0
   28.0  24199  -60.5                         265      5  590.6         590.6
   26.6  24517  -60.7                         227     12  598.8         598.8
   24.0  25160  -58.6                         150     25  622.8         622.8
   23.0  25427  -57.7                         133     25  633.0         633.0
   22.0  25710  -55.3                         115     26  648.4         648.4
   21.0  26006  -52.7                         113     35  664.8         664.8
   20.0  26320  -52.9                         110     44  673.5         673.5
   19.0  26650  -53.0                          85     48  683.1         683.1
   15.6  27919  -53.5                          89     56  721.1         721.1
   15.0  28174  -51.0                          90     58  737.3         737.3
   14.4  28439  -48.5                          91     58  754.5         754.5
   12.2  29530  -47.9                          95     59  793.3         793.3
   12.0  29640  -47.0                          95     59  800.3         800.3
   11.4  29981  -44.1                          92     63  822.4         822.4
   10.0  30860  -43.5                          85     72  856.0         856.0
    9.8  30996  -42.5                                     864.8         864.8
