-----------------------------------------------------------------------------
   PRES   HGHT   TEMP   DWPT   RELH   MIXR   DRCT   SKNT   THTA   THTE   THTV
    hPa     m      C      C      %    g/kg    deg   knot     K      K      K 
-----------------------------------------------------------------------------
 1009.0     12   27.4   24.0     82  19.04     60      8  299.8  355.7  303.2
 1008.0     21   28.4   21.4     66  16.20     59      8  300.9  348.7  303.8
 1000.0     96   27.4   20.4     66  15.33     50      6  300.6  345.8  303.3
  977.0    302   25.9   19.7     69  14.98     10      7  301.0  345.3  303.7
  945.0    596   23.7   18.6     73  14.49    335      9  301.6  344.6  304.3
  930.0    738   22.6   18.1     76  14.26    331     13  301.9  344.2  304.5
  925.0    785   22.6   18.0     75  14.24    330     14  302.4  344.7  305.0
  857.0   1446   20.4   13.4     64  11.40    302     12  306.8  341.4  308.9
  852.0   1497   20.0   13.0     64  11.14    300     12  306.9  340.7  308.9
  850.0   1517   19.8   12.8     64  11.04    295     11  306.9  340.4  308.9
  817.0   1857   16.6   10.6     68   9.92    287     11  307.0  337.2  308.8
  781.0   2241   14.2    9.9     75   9.90    279     10  308.4  338.7  310.2
  767.0   2395   14.6    8.6     67   9.22    275     10  310.4  339.0  312.1
  740.0   2696   12.5    7.7     72   8.96    260     11  311.3  339.2  313.0
  714.0   2997   10.4    6.7     78   8.69    270      9  312.3  339.4  313.9
  706.0   3092    9.8    6.4     79   8.61    281      9  312.5  339.5  314.2
  700.0   3163    9.6    6.1     79   8.51    290      9  313.1  339.8  314.7
  664.0   3600    8.1    2.3     67   6.84    340      7  316.2  338.1  317.5
  647.0   3815    7.4    0.4     61   6.13    338      6  317.7  337.6  318.9
  617.0   4204    4.9   -3.7     54   4.75    335      5  319.2  334.8  320.1
  609.0   4311    4.2   -4.8     52   4.42    348      5  319.6  334.2  320.4
  595.0   4499    3.1   -7.6     45   3.65     10      5  320.4  332.7  321.1
  584.0   4650    2.2   -9.8     41   3.13     20      6  321.1  331.7  321.7
  574.0   4790    1.6  -18.4     21   1.57     29      7  322.0  327.5  322.3
  573.0   4804    1.5  -19.8     19   1.39     30      7  322.0  327.0  322.3
  568.0   4874    1.0  -27.0     10   0.74     26      7  322.2  325.0  322.4
  561.0   4974    0.8  -26.2     11   0.81     22      6  323.1  326.1  323.3
  552.0   5103    0.3  -26.1     12   0.83     15      6  324.0  327.1  324.2
  547.0   5176    0.0  -26.0     12   0.84     24      7  324.5  327.6  324.7
  537.0   5324   -0.7  -24.7     14   0.97     41      9  325.4  329.0  325.6
  532.0   5398   -1.2  -17.7     27   1.80     50     10  325.7  332.1  326.0
  529.0   5443   -1.5  -13.5     40   2.56     46     10  325.9  334.8  326.4
  514.0   5672   -2.9  -11.9     50   3.01     23      9  326.9  337.3  327.4
  512.0   5703   -3.0  -14.0     42   2.54     20      9  327.1  336.0  327.6
  507.0   5780   -3.3  -19.3     28   1.65     26      8  327.6  333.6  328.0
  500.0   5890   -3.9  -25.9     16   0.93     35      7  328.2  331.7  328.4
  493.0   6001   -4.8  -21.6     26   1.38     60      7  328.4  333.4  328.6
  484.0   6145   -6.1  -16.1     45   2.26     66      8  328.6  336.6  329.0
  457.0   6591   -8.9  -15.6     58   2.49     85     10  330.6  339.4  331.1
  451.0   6694   -9.5  -15.5     62   2.55    111      8  331.0  340.1  331.5
  439.0   6901  -11.0  -15.7     68   2.58    165      3  331.7  340.9  332.2
  438.0   6919  -11.1  -15.7     69   2.58    173      3  331.8  340.9  332.3
  433.0   7007  -11.3  -18.3     56   2.10    212      4  332.6  340.2  333.0
  422.0   7203  -12.9  -15.7     80   2.68    300      6  333.0  342.6  333.5
  406.0   7497  -13.8  -17.1     76   2.48    350     11  335.6  344.5  336.1
  404.0   7535  -13.9  -17.3     75   2.45    352     11  335.9  344.8  336.4
  400.0   7610  -14.5  -18.3     73   2.27    355     10  336.1  344.3  336.5
  390.0   7802  -15.0  -22.9     51   1.56    325      6  337.8  343.6  338.1
  385.0   7899  -15.3  -25.3     42   1.28    330      5  338.7  343.5  339.0
  375.0   8097  -16.8  -27.9     38   1.03    340      3  339.3  343.2  339.5
  360.0   8402  -19.1  -32.0     31   0.73     55     10  340.1  343.0  340.3
  359.0   8423  -19.3  -32.3     31   0.71     54     10  340.2  343.0  340.3
  319.0   9288  -26.5  -31.4     63   0.87      0      3  341.8  345.2  342.0
  315.0   9380  -27.3  -31.3     69   0.89    349      4  342.0  345.5  342.2
  306.0   9588  -28.5  -33.9     60   0.71    325      5  343.1  345.9  343.2
  302.0   9683  -29.1  -35.1     56   0.64    308      5  343.6  346.2  343.7
  300.0   9730  -29.3  -36.3     51   0.57    300      5  344.0  346.3  344.1
  293.0   9896  -30.8  -37.1     54   0.54    280      5  344.2  346.4  344.3
  267.0  10549  -36.7  -40.5     68   0.42    251      7  344.8  346.6  344.9
  253.0  10919  -39.9  -45.9     53   0.25    234      9  345.4  346.5  345.5
  250.0  11000  -40.7                         230      9  345.4         345.4
  246.0  11107  -41.6                         220      8  345.7         345.7
  236.0  11382  -43.9                         155      9  346.3         346.3
  200.0  12480  -53.1                         120     22  348.5         348.5
  196.0  12606  -54.2                         115     23  348.8         348.8
  170.0  13491  -61.9                         110     35  350.5         350.5
  150.0  14270  -68.7                          95     42  351.6         351.6
  139.0  14720  -73.1                          92     48  351.6         351.6
  121.0  15520  -79.1                          87     59  354.8         354.8
  113.0  15904  -80.5                          85     65  359.1         359.1
  100.0  16590  -83.1                          95     55  366.9         366.9
   97.0  16763  -81.2                         100     54  373.9         373.9
   91.2  17113  -77.3                          89     29  388.2         388.2
   87.0  17384  -78.0                          80     10  392.1         392.1
   83.0  17655  -78.7                         353      8  395.9         395.9
   82.0  17725  -78.3                         330      7  398.1         398.1
   78.0  18013  -76.8                         255     13  407.0         407.0
   76.3  18140  -76.1                         257     16  411.0         411.0
   70.0  18640  -76.1                         265     27  421.3         421.3
   64.0  19151  -77.4                         275     23  429.4         429.4
   62.6  19277  -77.7                         284     21  431.4         431.4
   60.0  19522  -76.0                         300     17  440.5         440.5
   57.0  19819  -73.9                         300     13  451.7         451.7
   54.0  20131  -71.7                         355      8  463.8         463.8
   52.7  20272  -70.7                         358      8  469.4         469.4
   52.0  20350  -71.1                           0      8  470.3         470.3
   50.4  20533  -71.9                          28      6  472.6         472.6
   50.0  20580  -71.9                          35      6  473.6         473.6
   49.0  20700  -71.5                          80      6  477.4         477.4
   47.0  20947  -70.5                         110     17  485.3         485.3
   44.8  21232  -69.5                          93     22  494.6         494.6
   42.0  21623  -65.1                          70     28  514.7         514.7
   41.4  21710  -64.1                          73     23  519.3         519.3
   40.0  21922  -63.5                          80     12  526.0         526.0
   38.0  22239  -62.5                         135      7  536.3         536.3
   37.0  22403  -62.0                         140     10  541.7         541.7
   36.1  22555  -61.5                         152     12  546.7         546.7
   34.1  22912  -57.9                         179     16  565.1         565.1
   33.0  23119  -58.0                         195     19  570.0         570.0
   32.0  23313  -58.2                         205     18  574.7         574.7
   30.0  23720  -58.5                         180     16  584.6         584.6
   29.0  23932  -60.1                         166     15  585.9         585.9
   27.0  24381  -58.7                         135     14  601.9         601.9
   26.0  24618  -58.0                          95     22  610.5         610.5
   25.0  24864  -57.2                         100     29  619.6         619.6
   24.0  25121  -56.4                          70     28  629.2         629.2
   23.9  25147  -56.3                          70     28  630.2         630.2
   20.0  26270  -58.7                          85     31  655.8         655.8
   19.1  26559  -59.5                          86     34  662.0         662.0
   17.4  27141  -60.1                          87     41  677.9         677.9
   16.3  27553  -55.3                          88     45  706.2         706.2
   15.2  27998  -55.1                          90     50  721.2         721.2
   13.3  28862  -49.3                          92     60  769.1         769.1
   11.0  30106  -49.5                          95     73  811.5         811.5
   10.4  30473  -49.5                          95     72  824.4         824.4
   10.0  30730  -49.7                          95     72  832.9         832.9
    9.2  31280  -45.9                          85     85  867.5         867.5
    9.0                                        85     85                     
