-----------------------------------------------------------------------------
   PRES   HGHT   TEMP   DWPT   RELH   MIXR   DRCT   SKNT   THTA   THTE   THTV
    hPa     m      C      C      %    g/kg    deg   knot     K      K      K 
-----------------------------------------------------------------------------
 1011.0     12   28.0   23.9     78  18.88     20      8  300.2  355.8  303.6
 1010.0     21   29.0   21.0     62  15.77     17      7  301.3  347.9  304.1
 1000.0    112   28.2   20.2     62  15.14    345      2  301.4  346.1  304.1
  979.0    299   26.6   19.3     64  14.57    335      4  301.6  344.7  304.2
  946.0    602   24.0   17.7     68  13.68    340      6  301.9  342.5  304.3
  939.0    668   23.4   17.4     69  13.50    337      7  301.9  342.0  304.4
  925.0    799   22.4   17.4     73  13.70    330      9  302.2  342.9  304.7
  917.0    874   21.8   17.1     75  13.56    324      9  302.3  342.6  304.8
  897.0   1066   22.4   14.4     61  11.63    309     10  304.9  339.9  307.0
  853.0   1499   18.7   11.6     63  10.15    275     11  305.4  336.1  307.2
  850.0   1529   18.4   11.4     64  10.05    270     11  305.4  335.9  307.2
  847.0   1559   18.2   12.2     68  10.65    270     11  305.5  337.7  307.5
  787.0   2187   15.0   10.0     72   9.89    266     12  308.6  338.9  310.4
  776.0   2306   14.6    6.6     59   7.94    266     12  309.4  334.0  310.9
  767.0   2404   13.8    6.5     61   8.00    265     12  309.6  334.4  311.1
  739.0   2717   11.4    6.4     71   8.22    265      9  310.2  335.8  311.8
  717.0   2969   10.0    1.0     54   5.77    265      7  311.4  329.7  312.5
  714.0   3004    9.7    3.1     63   6.74    265      7  311.5  332.7  312.7
  710.0   3051    9.4    5.9     79   8.27    261      7  311.6  337.4  313.1
  700.0   3169    9.2    6.2     82   8.57    250      6  312.6  339.5  314.2
  664.0   3600    7.1    3.6     79   7.51    225      2  315.0  338.9  316.4
  641.0   3888    5.6    1.9     77   6.87    285      3  316.6  338.6  317.9
  617.0   4199    4.1   -0.0     75   6.23    300      2  318.2  338.4  319.4
  595.0   4496    2.6   -1.8     73   5.66    350      5  319.9  338.4  320.9
  558.0   5020    0.0   -5.0     69   4.75    344      6  322.7  338.6  323.6
  500.0   5890   -6.3   -7.7     90   4.31    335      8  325.3  339.9  326.1
  492.0   6016   -7.3   -8.2     93   4.21    333      7  325.6  339.9  326.4
  474.0   6305   -8.3  -10.3     85   3.70    330      5  327.8  340.5  328.5
  457.0   6589   -9.3  -12.4     78   3.24    335      5  330.0  341.3  330.6
  454.0   6640   -9.5  -12.8     77   3.16    329      5  330.4  341.5  331.0
  442.0   6847   -9.9  -16.9     57   2.32    306      4  332.4  340.7  332.9
  441.0   6865   -9.9  -21.9     37   1.51    304      4  332.6  338.2  332.9
  439.0   6900  -10.3  -18.3     52   2.07    300      4  332.6  340.0  333.0
  427.0   7112  -11.9  -18.9     56   2.02    289      5  333.2  340.5  333.6
  418.0   7275  -12.9  -20.9     51   1.74    281      6  333.9  340.3  334.3
  417.0   7294  -12.9  -23.9     39   1.34    280      6  334.1  339.1  334.4
  416.0   7312  -13.1  -25.1     36   1.20    279      6  334.1  338.6  334.4
  415.0   7330  -13.1  -19.1     61   2.05    278      6  334.3  341.8  334.8
  413.0   7367  -13.3  -19.3     61   2.02    277      6  334.5  341.9  334.9
  412.0   7385  -13.5  -19.5     61   1.99    276      6  334.5  341.8  334.9
  410.0   7422  -13.3  -24.3     39   1.31    274      7  335.2  340.1  335.5
  407.0   7478  -13.5  -27.5     30   0.99    271      7  335.7  339.4  335.9
  406.0   7497  -13.6  -27.1     31   1.03    270      7  335.8  339.7  336.0
  400.0   7610  -14.3  -24.3     42   1.35    275      7  336.3  341.4  336.6
  399.0   7629  -14.5  -22.5     51   1.58    276      7  336.3  342.2  336.6
  397.0   7667  -14.7  -21.7     55   1.71    278      6  336.5  342.8  336.9
  396.0   7686  -14.7  -26.7     35   1.09    279      6  336.8  340.9  337.0
  392.0   7763  -15.3  -22.3     55   1.64    283      5  336.9  343.1  337.3
  390.0   7801  -15.6  -22.5     55   1.62    285      5  337.1  343.1  337.4
  375.0   8089  -17.7  -24.3     57   1.44    325      5  338.1  343.5  338.4
  360.0   8389  -19.9  -26.1     58   1.28     10      3  339.1  344.0  339.4
  346.0   8681  -22.0  -27.8     59   1.13    325      3  340.1  344.4  340.3
  332.0   8985  -24.2  -29.6     61   0.99     30      3  341.1  344.9  341.3
  318.0   9302  -26.6  -31.5     63   0.87     75      6  342.1  345.5  342.3
  305.0   9608  -28.8  -33.4     65   0.76     95      8  343.0  346.0  343.2
  300.0   9730  -29.7  -34.1     66   0.72     85      7  343.4  346.2  343.6
  293.0   9895  -31.1  -35.3     66   0.65     70      8  343.8  346.4  343.9
  269.0  10490  -35.9  -39.6     69   0.46     80     15  345.2  347.1  345.3
  251.0  10973  -39.9  -43.1     71   0.34    113     16  346.2  347.6  346.3
  250.0  11000  -40.3                         115     16  346.0         346.0
  236.0  11382  -43.5                         130     16  346.8         346.8
  225.0  11699  -46.2                         105     16  347.5         347.5
  200.0  12480  -52.9                         100     25  348.8         348.8
  162.0  13784  -64.6                         115     36  350.8         350.8
  150.0  14260  -68.9                         125     38  351.2         351.2
  147.0  14380  -70.0                         125     38  351.3         351.3
  143.0  14544  -71.5                         122     41  351.5         351.5
  107.0  16203  -81.7                          85     68  362.5         362.5
  100.0  16590  -84.1                          85     64  365.0         365.0
   96.7  16776  -84.5                          89     55  367.7         367.7
   96.0  16817  -82.2                          90     53  373.0         373.0
   94.9  16881  -78.5                          93     47  381.5         381.5
   91.0  17120  -79.0                         105     25  385.0         385.0
   87.0  17376  -79.6                         120     19  388.9         388.9
   86.3  17422  -79.7                         115     18  389.6         389.6
   82.0  17714  -78.1                          80     10  398.5         398.5
   78.8  17942  -76.9                         356     15  405.6         405.6
   78.0  18000  -77.1                         335     16  406.4         406.4
   71.6  18491  -78.5                         291     11  413.4         413.4
   70.0  18620  -78.5                         280     10  416.1         416.1
   67.0  18873  -77.3                         295      8  424.1         424.1
   63.0  19229  -75.5                          65      6  435.4         435.4
   60.0  19511  -74.1                         295      2  444.6         444.6
   57.0  19807  -72.7                         220      8  454.5         454.5
   54.3  20088  -71.3                         202      4  464.0         464.0
   54.0  20121  -70.9                         200      4  465.7         465.7
   52.0  20345  -68.1                         150      1  477.2         477.2
   51.3  20426  -67.1                         143      2  481.4         481.4
   50.0  20580  -67.1                         130      3  484.9         484.9
   47.0  20951  -69.4                         135      7  488.2         488.2
   45.8  21106  -70.3                         123     10  489.5         489.5
   44.0  21346  -69.6                         105     14  496.9         496.9
   42.0  21624  -68.7                         105     21  505.6         505.6
   41.9  21638  -68.7                         104     21  506.1         506.1
   41.3  21724  -68.3                         100     20  509.2         509.2
   40.8  21798  -64.9                          96     19  519.4         519.4
   38.0  22233  -64.3                          75     14  531.5         531.5
   36.9  22413  -64.1                          80     11  536.6         536.6
   36.0  22566  -62.7                          85      8  544.0         544.0
   35.0  22740  -61.1                         335      8  552.6         552.6
   34.5  22829  -60.3                         329     10  557.0         557.0
   33.0  23106  -60.5                         310     18  563.4         563.4
   30.0  23700  -61.1                         305     12  577.5         577.5
   27.0  24352  -60.5                         260     14  596.8         596.8
   26.0  24586  -60.3                         226     18  603.9         603.9
   24.0  25088  -57.7                         155     25  625.5         625.5
   22.2  25577  -55.1                          79     38  647.2         647.2
   22.0  25635  -55.1                          70     39  648.8         648.8
   20.0  26240  -55.3                          80     38  666.2         666.2
   19.4  26433  -56.3                          83     40  668.9         668.9
   18.0  26911  -54.2                          90     46  690.0         690.0
   17.3  27164  -53.1                          90     48  701.4         701.4
   15.2  27994  -54.1                          88     56  724.5         724.5
   12.0  29523  -50.0                          85     69  789.8         789.8
   11.7  29686  -49.5                          85     69  797.1         797.1
   10.6  30330  -50.5                          85     71  816.2         816.2
   10.0  30710  -49.3                          85     72  834.4         834.4
    9.0  31412  -45.3                          85     79  875.4         875.4
    8.5  31793  -43.1                          85     79  898.4         898.4
    8.2  32032  -41.7                                     913.1         913.1
