-----------------------------------------------------------------------------
   PRES   HGHT   TEMP   DWPT   RELH   MIXR   DRCT   SKNT   THTA   THTE   THTV
    hPa     m      C      C      %    g/kg    deg   knot     K      K      K 
-----------------------------------------------------------------------------
 1008.0     12   29.8   24.8     75  20.02     30      8  302.3  361.8  305.9
 1000.0     85   29.2   22.2     66  17.17    340      9  302.4  353.4  305.4
  977.0    291   27.4   21.8     71  17.10    335     13  302.6  353.4  305.7
  925.0    774   23.2   20.7     86  16.92    340     16  303.0  353.4  306.1
  922.0    802   22.8   20.5     87  16.77    339     16  302.9  352.8  305.9
  886.0   1149   21.4   18.8     85  15.67    327     17  304.9  351.9  307.8
  881.0   1198   21.9   18.4     80  15.33    325     17  305.9  352.1  308.7
  878.0   1228   22.2   18.1     78  15.12    323     17  306.5  352.2  309.3
  850.0   1509   20.8   14.8     69  12.61    305     13  307.9  346.3  310.2
  822.0   1794   18.9   13.9     72  12.25    290      5  308.9  346.4  311.2
  794.0   2089   16.9   12.9     77  11.90    235      4  309.9  346.4  312.1
  766.0   2395   14.9   11.9     82  11.53    285      5  310.9  346.5  313.0
  740.0   2689   13.0   10.9     87  11.18    230      4  311.8  346.5  313.9
  717.0   2958   11.2   10.0     92  10.87    239      6  312.7  346.5  314.8
  700.0   3158   10.4    8.6     89  10.12    245      8  314.0  345.7  315.9
  625.0   4094    4.8    4.3     97   8.40    276     13  317.9  344.8  319.5
  617.0   4199    4.0    3.9     99   8.27    280     14  318.1  344.7  319.7
  615.0   4226    3.8    3.8    100   8.24    280     14  318.2  344.6  319.8
  610.0   4292    4.8    3.0     88   7.85    278     14  320.1  345.5  321.6
  545.0   5204    0.0   -2.1     86   6.06    263     17  324.9  345.0  326.1
  532.0   5396   -1.1   -3.6     83   5.56    260     18  325.8  344.5  326.9
  500.0   5890   -3.9   -7.3     77   4.45    275     10  328.2  343.4  329.1
  452.0   6680   -8.5  -12.5     73   3.26    307      9  332.1  343.5  332.7
  447.0   6766   -9.1  -12.6     76   3.27    310      9  332.4  343.9  333.0
  440.0   6888   -9.3  -17.2     53   2.27    315      9  333.6  341.8  334.0
  435.0   6977   -9.5  -20.5     40   1.73    311      8  334.4  340.8  334.8
  433.0   7012   -9.5  -22.5     34   1.46    310      8  334.9  340.3  335.2
  431.0   7048   -9.7  -18.7     48   2.04    309      8  335.1  342.5  335.5
  429.0   7084   -9.9  -14.9     67   2.82    307      8  335.3  345.4  335.8
  425.0   7156  -10.3  -17.3     57   2.33    304      7  335.6  344.1  336.1
  411.0   7413  -12.3  -20.3     51   1.86    294      6  336.3  343.2  336.7
  406.0   7507  -12.8  -18.9     60   2.12    290      5  336.8  344.6  337.3
  403.0   7563  -13.1  -18.1     66   2.30    300      6  337.1  345.5  337.6
  400.0   7620  -13.5  -18.0     69   2.33    310      6  337.4  345.9  337.8
  396.0   7697  -13.9  -18.9     66   2.18    323      7  337.8  345.8  338.2
  391.0   7793  -14.3  -28.3     29   0.96    340      9  338.5  342.2  338.7
  383.0   7950  -15.1  -35.1     16   0.51    340      8  339.5  341.5  339.6
  371.0   8190  -16.7  -36.7     16   0.45    340      8  340.4  342.2  340.5
  370.0   8210  -16.9  -37.9     14   0.40    340      8  340.4  342.1  340.5
  365.0   8312  -17.7  -24.7     54   1.42    340      7  340.7  346.1  341.0
  364.0   8333  -17.9  -22.0     70   1.81    340      7  340.7  347.5  341.1
  361.0   8394  -18.3  -23.8     62   1.56    340      7  341.0  346.9  341.4
  354.0   8541  -19.1  -28.1     45   1.08      5      5  341.8  346.0  342.0
  347.0   8687  -20.3  -29.3     45   0.98     30      2  342.2  346.0  342.4
  333.0   8989  -22.7  -31.7     44   0.81    120      4  342.9  346.1  343.1
  319.0   9304  -25.2  -34.2     43   0.66    120      3  343.6  346.3  343.8
  310.0   9514  -26.9  -35.9     42   0.58     96      6  344.1  346.4  344.2
  306.0   9607  -27.4  -38.4     34   0.46     85      8  344.7  346.6  344.8
  302.0   9702  -27.9  -40.9     28   0.36    102      7  345.3  346.8  345.4
  300.0   9750  -27.9  -42.9     22   0.29    110      7  345.9  347.2  346.0
  294.0   9892  -29.1  -43.6     23   0.27    140      6  346.3  347.4  346.3
  282.0  10184  -31.5  -45.1     25   0.24    160      6  346.9  348.0  347.0
  258.0  10809  -36.7  -48.4     29   0.19     90     13  348.3  349.1  348.3
  250.0  11030  -38.5  -49.5     30   0.17     80     16  348.7  349.4  348.7
  247.0  11113  -39.2  -50.2     30   0.16     85     16  348.9  349.6  348.9
  244.0  11197  -39.9  -50.9     30   0.15     88     18  349.0  349.7  349.1
  227.0  11681  -43.6                         105     28  350.6         350.6
  200.0  12530  -50.1                         115     39  353.3         353.3
  180.0  13193  -56.1                         110     39  354.3         354.3
  150.0  14340  -66.5                         105     51  355.3         355.3
  144.0  14586  -68.5                         100     50  356.0         356.0
  134.0  15002  -71.3                          90     47  358.4         358.4
  121.0  15593  -75.3                          85     27  361.8         361.8
  109.0  16198  -79.3                         125      9  365.1         365.1
  104.0  16469  -81.2                         170     14  366.5         366.5
  101.0  16639  -82.3                                     367.4         367.4
