-----------------------------------------------------------------------------
   PRES   HGHT   TEMP   DWPT   RELH   MIXR   DRCT   SKNT   THTA   THTE   THTV
    hPa     m      C      C      %    g/kg    deg   knot     K      K      K 
-----------------------------------------------------------------------------
 1010.0     12   27.4    5.4     25   5.60     90      2  299.7  316.6  300.7
 1009.0     21   29.0   22.0     66  16.81     81      2  301.4  351.1  304.4
 1000.0    102   27.8   21.8     70  16.75      0      1  300.9  350.4  304.0
  993.0    165   27.0   21.0     70  16.04    352      2  300.8  348.1  303.6
  978.0    299   26.3   20.1     69  15.39    335      3  301.4  346.9  304.1
  925.0    792   23.8   16.8     65  13.18    305     10  303.6  343.1  306.0
  883.0   1195   20.8   15.9     73  13.05    280      7  304.6  343.8  307.0
  850.0   1525   18.4   15.2     82  12.94    280      7  305.4  344.4  307.8
  828.0   1750   16.8   14.3     85  12.53    272      7  306.0  343.9  308.3
  795.0   2098   15.9   10.3     69  10.00    260      8  308.6  339.3  310.5
  770.0   2371   15.2    7.2     59   8.34    269      9  310.7  336.7  312.3
  767.0   2404   15.0    7.1     59   8.33    270      9  310.9  336.8  312.4
  741.0   2695   13.4    6.5     63   8.27    260      9  312.1  338.0  313.7
  720.0   2939   12.0    6.0     67   8.21    280      8  313.2  339.0  314.8
  718.0   2962   11.8    5.8     67   8.12    282      8  313.2  338.8  314.8
  710.0   3056   12.2   -1.8     38   4.75    290      8  314.7  330.1  315.6
  700.0   3175   11.2   -0.8     43   5.18    300      8  314.9  331.6  315.8
  689.0   3307   10.3   -1.7     43   4.92    300      9  315.3  331.2  316.2
  688.0   3319   10.2   -1.8     43   4.90    300      9  315.3  331.2  316.2
  670.0   3538    8.4    5.2     80   8.35    300      7  315.7  342.2  317.3
  665.0   3600    8.2    4.3     76   7.91    300      7  316.2  341.4  317.7
  641.0   3902    7.5    0.1     59   6.06    335      8  318.7  338.4  319.9
  637.0   3954    7.4   -0.6     57   5.78    337      8  319.1  338.0  320.2
  636.0   3967    7.4   -0.6     57   5.79    337      8  319.3  338.2  320.4
  631.0   4032    8.0   -5.0     39   4.20    339      8  320.7  334.7  321.5
  618.0   4202    6.9   -7.3     35   3.59    345      7  321.4  333.4  322.1
  600.0   4444    5.4  -10.6     31   2.86     22      9  322.3  332.1  322.9
  596.0   4498    4.9  -11.1     30   2.77     30      9  322.4  331.9  322.9
  585.0   4649    3.6  -12.4     30   2.54     25      8  322.6  331.3  323.1
  574.0   4802    2.4   -6.6     52   4.09     20      7  322.9  336.6  323.6
  571.0   4844    2.0   -5.0     60   4.64     22      7  322.9  338.4  323.8
  545.0   5218    0.0   -8.0     55   3.86     37      8  324.9  338.0  325.6
  533.0   5394   -1.3   -9.3     55   3.58     45      8  325.4  337.6  326.1
  513.0   5697   -3.4  -11.4     54   3.12      0      1  326.4  337.2  327.0
  500.0   5900   -4.9  -12.9     53   2.85    225      5  327.0  336.9  327.6
  494.0   5995   -5.6  -12.8     57   2.90    210      4  327.3  337.4  327.8
  485.0   6139   -6.7  -12.7     62   2.99    271      4  327.6  338.0  328.2
  475.0   6301   -7.5  -15.4     53   2.44    340      3  328.6  337.1  329.0
  464.0   6483   -8.5  -18.5     44   1.93    346      2  329.6  336.5  330.0
  457.0   6600   -9.5  -17.4     53   2.15    350      2  329.7  337.4  330.2
  445.0   6805  -11.3  -15.4     72   2.61     25      3  330.0  339.2  330.5
  442.0   6857  -11.5  -14.1     81   2.92     34      4  330.4  340.7  331.0
  440.0   6892  -11.5  -14.6     78   2.81     40      4  330.8  340.7  331.4
  422.0   7212  -11.5  -19.5     52   1.94     61      3  334.8  341.9  335.2
  408.0   7470  -13.3  -22.3     47   1.58     78      3  335.7  341.6  336.0
  406.0   7507  -13.6  -22.8     46   1.52     80      3  335.9  341.5  336.2
  400.0   7620  -14.3  -24.3     42   1.35    130      2  336.3  341.4  336.6
  391.0   7791  -15.5  -26.2     39   1.16      0      0  336.9  341.3  337.2
  375.0   8104  -17.7  -29.8     34   0.87    330      2  338.1  341.4  338.2
  364.0   8327  -19.3  -32.3     31   0.70    315      3  338.8  341.6  339.0
  360.0   8408  -20.0  -32.4     32   0.71    310      4  339.0  341.8  339.1
  346.0   8698  -22.4  -32.6     39   0.72    330      5  339.5  342.3  339.7
  332.0   9000  -25.0  -32.9     48   0.73     10      7  340.0  342.9  340.2
  321.0   9246  -27.1  -33.1     57   0.74     27      6  340.4  343.3  340.6
  314.0   9404  -27.9  -31.2     73   0.91     38      6  341.5  345.0  341.6
  301.0   9706  -30.1  -33.8     70   0.73     58      5  342.5  345.4  342.7
  300.0   9730  -30.3  -33.9     71   0.73     60      5  342.6  345.4  342.7
  293.0   9898  -31.7  -39.7     45   0.42     75      4  342.9  344.6  343.0
  281.0  10191  -34.2  -43.3     39   0.30    160      3  343.4  344.7  343.5
  272.0  10419  -36.1  -46.1     35   0.23    147      4  343.9  344.8  343.9
  257.0  10810  -39.1  -45.2     52   0.27    125      6  345.1  346.2  345.1
  253.0  10919  -39.9  -44.9     59   0.28    114      7  345.4  346.6  345.5
  250.0  11000  -40.7                         105      7  345.4         345.4
  246.0  11107  -41.6                         105      9  345.7         345.7
  215.0  12000  -49.1                         115     11  347.6         347.6
  200.0  12480  -53.1                          90     22  348.5         348.5
  196.0  12607  -54.1                          85     26  348.9         348.9
  163.0  13766  -63.7                          88     40  351.7         351.7
  150.0  14270  -68.1                          90     47  352.6         352.6
  147.0  14390  -69.1                          90     47  352.9         352.9
  138.0  14765  -72.3                          86     48  353.7         353.7
  128.0  15202  -76.1                          82     50  354.5         354.5
  122.0  15477  -78.7                          79     51  354.7         354.7
  116.0  15763  -80.1                          76     52  357.2         357.2
  115.0  15812  -80.5                          76     52  357.4         357.4
  113.0  15911  -77.9                          75     52  364.0         364.0
  102.0  16497  -77.4                          50     10  375.8         375.8
  100.0  16610  -77.3                           0      6  378.1         378.1
   97.0  16785  -77.9                         280     10  380.3         380.3
   87.0  17408  -79.9                         200     14  388.3         388.3
   79.8  17903  -81.5                         187     10  394.7         394.7
   79.0  17960  -81.3                         185     10  396.1         396.1
   74.0  18333  -80.2                         265      9  405.9         405.9
   71.0  18569  -79.5                         310      5  412.2         412.2
   70.0  18650  -79.3                         315      5  414.4         414.4
   69.7  18674  -79.5                         309      5  414.5         414.5
   67.0  18900  -74.9                         256      5  429.2         429.2
   64.0  19168  -73.4                         195      6  438.0         438.0
   60.0  19546  -71.4                         145     11  450.8         450.8
   58.0  19744  -70.3                         191      6  457.6         457.6
   57.0  19847  -70.4                         215      3  459.6         459.6
   55.0  20058  -70.7                         230      8  463.6         463.6
   52.0  20389  -71.2                         315      4  470.0         470.0
   50.0  20620  -71.5                         350     10  474.6         474.6
   49.0  20739  -71.6                         340     13  477.0         477.0
   47.0  20985  -71.9                         320     12  482.1         482.1
   45.0  21242  -71.2                          25      2  489.8         489.8
   42.0  21650  -70.2                          75     12  502.1         502.1
   41.8  21678  -70.1                          75     12  503.0         503.0
   40.6  21852  -67.3                          72     12  514.2         514.2
   38.0  22255  -64.9                          65     13  530.2         530.2
   37.0  22417  -63.9                         165     10  536.7         536.7
   36.2  22550  -63.1                         171     16  542.1         542.1
   35.0  22756  -63.9                         180     26  545.4         545.4
   33.1  23097  -65.1                         171     32  550.9         550.9
   33.0  23116  -65.0                         170     32  551.7         551.7
   31.4  23420  -62.9                         141     24  565.2         565.2
   30.0  23700  -63.1                         115     17  572.0         572.0
   28.4  24036  -64.3                         112     28  577.8         577.8
   27.6  24211  -64.7                         111     34  581.4         581.4
   27.0  24347  -62.9                         110     38  590.2         590.2
   25.5  24701  -58.1                          95     35  613.5         613.5
   24.0  25086  -57.1                          80     32  627.1         627.1
   21.0  25933  -54.9                         100     39  658.1         658.1
   20.5  26086  -54.5                                     663.9         663.9
