-----------------------------------------------------------------------------
   PRES   HGHT   TEMP   DWPT   RELH   MIXR   DRCT   SKNT   THTA   THTE   THTV
    hPa     m      C      C      %    g/kg    deg   knot     K      K      K 
-----------------------------------------------------------------------------
 1011.0     12   28.2   23.9     78  18.88     30      1  300.4  356.1  303.8
 1000.0    108   28.0   21.0     66  15.93    315      2  301.1  348.2  304.0
  979.0    294   26.3   20.4     70  15.70    285      6  301.3  347.7  304.1
  946.0    595   23.6   19.5     78  15.33    320      7  301.5  346.8  304.2
  925.0    792   21.8   18.9     84  15.09    330     10  301.6  346.3  304.3
  914.0    896   20.6   18.0     85  14.44    325     13  301.4  344.1  304.0
  900.0   1030   19.0   16.9     88  13.64    316     15  301.1  341.4  303.5
  899.0   1040   18.8   16.5     86  13.31    316     15  301.0  340.3  303.4
  892.0   1107   20.2   17.5     84  14.31    311     16  303.1  345.7  305.7
  862.0   1404   19.4   15.6     79  13.10    292     20  305.2  344.6  307.6
  852.0   1505   18.9   14.1     74  12.01    285     21  305.7  342.0  307.9
  850.0   1525   18.8   13.8     73  11.80    285     21  305.8  341.5  308.0
  784.0   2212   13.2    9.5     78   9.59    280     21  307.0  336.2  308.7
  754.0   2540   12.6   10.0     84  10.33    278     21  309.8  341.6  311.7
  713.0   3006   10.2    7.0     81   8.88    275     21  312.1  339.8  313.8
  700.0   3160    9.4    6.0     79   8.45    265     21  312.9  339.4  314.4
  688.0   3301    8.6    5.3     80   8.17    250     21  313.5  339.2  315.0
  574.0   4780    0.0   -2.3     84   5.66    262     17  320.1  338.6  321.2
  531.0   5403   -1.1   -6.1     69   4.59    267     15  326.0  341.5  326.9
  511.0   5707   -3.1   -8.0     69   4.14    270     14  327.1  341.2  327.9
  500.0   5880   -4.3   -9.0     70   3.89    265     12  327.7  341.1  328.5
  445.0   6791  -10.1  -13.9     74   2.95    243     11  331.5  341.9  332.1
  439.0   6896  -10.5  -14.6     72   2.83    240     11  332.3  342.3  332.8
  422.0   7200  -11.8  -16.5     68   2.50    250      9  334.4  343.4  334.9
  418.0   7274  -12.1  -17.0     67   2.43    261      9  334.9  343.7  335.4
  408.0   7459  -13.1  -22.1     47   1.60    289      9  336.0  341.9  336.3
  406.0   7496  -13.3  -22.1     48   1.61    295      9  336.1  342.1  336.4
  400.0   7610  -14.1  -22.1     51   1.64    305     10  336.6  342.6  336.9
  381.0   7976  -16.5  -26.5     42   1.16    301     11  338.1  342.5  338.4
  375.0   8094  -17.3  -27.8     40   1.05    300     11  338.6  342.6  338.8
  368.0   8235  -18.3  -29.3     37   0.92    294     11  339.1  342.7  339.3
  352.0   8564  -20.7  -24.9     69   1.45    281     11  340.2  345.7  340.5
  345.0   8711  -21.9  -25.2     74   1.44    275     11  340.6  346.1  340.9
  334.0   8948  -23.7  -25.7     84   1.42    289      8  341.2  346.6  341.5
  318.0   9302  -26.4  -29.7     73   1.03    310      3  342.4  346.4  342.6
  308.0   9532  -28.1  -32.3     67   0.83    299      1  343.1  346.3  343.2
  305.0   9602  -28.6  -32.6     68   0.81    295      1  343.3  346.5  343.5
  300.0   9720  -29.5  -33.2     70   0.78    255      2  343.7  346.8  343.9
  293.0   9888  -30.8  -33.7     75   0.76    250      3  344.2  347.2  344.3
  282.0  10160  -32.9  -34.6     85   0.72    187      7  344.9  347.8  345.1
  280.0  10210  -33.3  -35.2     83   0.69    175      8  345.1  347.9  345.2
  265.0  10597  -36.1  -39.9     68   0.45    156     14  346.4  348.3  346.5
  260.0  10729  -37.3  -39.3     82   0.49    149     17  346.6  348.6  346.7
  258.0  10783  -37.7  -39.2     86   0.50    146     18  346.7  348.8  346.9
  257.0  10809  -37.9  -40.1     79   0.45    145     18  346.9  348.8  347.0
  254.0  10891  -38.3  -42.9     62   0.34    145     18  347.4  348.9  347.5
  253.0  10918  -38.5  -45.5     48   0.26    145     19  347.5  348.6  347.6
  250.0  11000  -39.1  -48.1     38   0.20    145     19  347.8  348.6  347.8
  246.0  11110  -40.1  -47.1     47   0.22    146     19  347.9  348.9  348.0
  200.0  12480  -52.3                         160     23  349.8         349.8
  187.0  12902  -56.2                         155     21  350.3         350.3
  161.0  13842  -64.9                         128     36  350.9         350.9
  154.0  14111  -66.8                         120     41  352.2         352.2
  150.0  14270  -67.9                         120     46  352.9         352.9
  127.0  15255  -74.7                          90     53  357.9         357.9
  120.0  15582  -77.1                          80     55  359.2         359.2
  119.0  15631  -77.5                          78     52  359.4         359.4
  114.0  15878  -75.7                          70     39  367.2         367.2
  108.0  16188  -77.0                          60     23  370.4         370.4
  102.0  16516  -78.4                          25     12  373.9         373.9
  100.0  16630  -78.9                          15     10  375.0         375.0
   97.0  16802  -79.9                         345      8  376.4         376.4
   92.0  17100  -81.6                         295      6  378.7         378.7
   87.4  17389  -83.3                         130     10  380.9         380.9
   87.0  17414  -83.1                         125     10  381.9         381.9
   85.9  17485  -82.5                          79      9  384.4         384.4
   84.4  17585  -77.3                          15      9  396.9         396.9
   83.0  17681  -77.3                         315      8  398.8         398.8
   75.0  18264  -77.2                         275     36  410.8         410.8
   70.3  18635  -77.1                         256     33  418.6         418.6
   70.0  18660  -77.1                         255     33  419.1         419.1
   67.0  18914  -75.0                         235     25  429.1         429.1
   64.0  19180  -72.7                         230     20  439.6         439.6
   58.1  19750  -71.1                         289     13  455.6         455.6
   58.0  19760  -71.1                         290     13  455.7         455.7
   55.0  20071  -72.4                         220      9  459.8         459.8
   52.0  20400  -73.8                         190     22  464.1         464.1
   50.0  20630  -74.7                         180     25  467.1         467.1
   49.1  20735  -75.5                         176     24  467.6         467.6
   49.0  20747  -75.4                         175     24  468.0         468.0
   45.0  21241  -72.5                         120     26  486.6         486.6
   44.7  21280  -72.3                         118     27  488.1         488.1
   41.1  21779  -65.7                          96     33  516.4         516.4
   39.5  22019  -65.7                          85     36  522.3         522.3
   38.0  22258  -62.8                          75     39  535.4         535.4
   35.1  22748  -56.9                          41      8  563.1         563.1
   35.0  22766  -57.0                          40      7  563.4         563.4
   33.0  23134  -58.1                         295     12  570.0         570.0
   30.0  23730  -59.9                         260     12  580.8         580.8
   27.7  24225  -62.3                         245     14  587.5         587.5
   27.0  24385  -61.5                         230     12  594.0         594.0
   26.0  24621  -60.4                         175     16  603.6         603.6
   23.5  25253  -57.3                         109     30  630.3         630.3
   23.0  25388  -57.4                          95     33  633.8         633.8
   21.3  25873  -57.9                          91     33  646.5         646.5
   21.0  25962  -58.1                          90     33  648.4         648.4
   20.5  26114  -58.5                          88     37  651.8         651.8
   20.0  26270  -56.7                          85     42  661.9         661.9
   19.5  26431  -53.7                          85     47  675.9         675.9
   18.0  26944  -53.3                          85     61  692.8         692.8
   17.0  27317  -50.7                          85     71  712.5         712.5
   15.2  28047  -45.7                          85     73  752.2         752.2
   10.0  30840  -43.3                          85     79  856.8         856.8
    9.0  31549  -43.2                          80     78  883.5         883.5
    8.6  31855  -43.1                                     895.3         895.3
