-----------------------------------------------------------------------------
   PRES   HGHT   TEMP   DWPT   RELH   MIXR   DRCT   SKNT   THTA   THTE   THTV
    hPa     m      C      C      %    g/kg    deg   knot     K      K      K 
-----------------------------------------------------------------------------
 1010.0     12   26.8   24.2     86  19.25    350      8  299.1  355.5  302.5
 1009.0     21   28.0   22.0     70  16.81    351      8  300.4  349.9  303.4
 1000.0    106   27.4   21.4     70  16.33      0      3  300.6  348.7  303.5
  978.0    301   25.9   20.4     72  15.66    325      5  300.9  347.2  303.8
  937.0    678   23.0   18.4     75  14.43    317     15  301.7  344.4  304.3
  925.0    790   22.4   18.4     78  14.62    315     18  302.2  345.6  304.9
  883.0   1196   21.4   14.0     63  11.54    305     20  305.3  340.1  307.4
  864.0   1386   21.0   12.0     56  10.30    296     17  306.7  338.0  308.6
  850.0   1528   20.6    9.6     49   8.90    290     14  307.7  335.0  309.4
  823.0   1803   18.6    8.5     52   8.52    280     11  308.5  334.8  310.1
  757.0   2514   13.6    5.6     58   7.59    304      9  310.5  334.2  311.9
  740.0   2705   12.4    1.7     48   5.87    310      9  311.2  329.8  312.3
  732.0   2796   11.8   -0.2     44   5.18    310      9  311.5  328.0  312.5
  720.0   2933   10.8    2.8     58   6.54    310     10  311.9  332.5  313.1
  713.0   3014   10.6   -0.4     46   5.24    310     10  312.5  329.3  313.5
  700.0   3167    9.6   -0.4     50   5.34    310     11  313.1  330.2  314.1
  694.0   3238    9.0    3.0     66   6.89    308     11  313.2  335.0  314.5
  664.0   3603    7.1    3.5     78   7.46    300     11  315.0  338.7  316.4
  657.0   3690    6.6    3.6     81   7.60    302     11  315.4  339.6  316.9
  614.0   4244    4.4   -1.6     65   5.57    318     12  319.1  337.3  320.1
  609.0   4311    4.4   -6.6     45   3.85    320     13  319.8  332.6  320.6
  601.0   4418    3.6   -2.4     65   5.37    323     13  320.1  337.7  321.1
  595.0   4499    3.2   -2.8     65   5.26    325     13  320.5  337.9  321.6
  549.0   5148    0.0   -6.0     64   4.48    303     13  324.2  339.2  325.1
  532.0   5398   -1.6   -7.0     67   4.27    295     13  325.1  339.6  326.0
  513.0   5686   -3.5   -8.2     70   4.05    310      6  326.2  340.0  327.0
  500.0   5890   -4.9   -9.0     73   3.89     30      4  327.0  340.3  327.8
  493.0   6001   -5.7   -9.2     76   3.88     30      7  327.3  340.6  328.1
  490.0   6049   -6.1   -9.3     78   3.88     31      7  327.4  340.7  328.2
  472.0   6343   -6.3  -16.3     45   2.28     36     10  330.7  338.8  331.1
  440.0   6885  -10.1  -19.7     45   1.83     45     14  332.6  339.2  332.9
  400.0   7620  -15.3  -24.3     46   1.35     25     17  335.0  340.0  335.3
  375.0   8104  -18.1  -30.7     32   0.79     25     19  337.5  340.6  337.6
  372.0   8165  -18.5  -31.5     31   0.74     24     19  337.8  340.7  337.9
  343.0   8763  -24.1  -31.1     52   0.84     14     18  338.1  341.4  338.3
  332.0   8999  -25.2  -31.0     58   0.87     10     18  339.8  343.1  339.9
  318.0   9312  -26.7  -30.9     67   0.92    350      9  341.9  345.5  342.1
  316.0   9358  -26.9  -30.9     69   0.93      1      8  342.2  345.9  342.4
  306.0   9588  -28.6  -32.0     73   0.86     55      4  343.0  346.3  343.1
  300.0   9730  -29.7  -32.7     75   0.82     85      7  343.4  346.6  343.6
  292.0   9922  -31.3  -33.9     78   0.75     99      9  343.8  346.8  343.9
  281.0  10188  -33.3  -36.4     74   0.61    120     13  344.7  347.1  344.8
  250.0  11000  -39.5  -43.9     63   0.31    130     10  347.2  348.5  347.3
  248.0  11055  -40.1  -44.4     63   0.30    131     10  347.1  348.4  347.2
  216.0  11970  -47.9                         140     14  348.9         348.9
  200.0  12480  -52.3                         130     19  349.8         349.8
  179.0  13174  -58.6                         110     26  350.7         350.7
  150.0  14280  -68.7                         115     42  351.6         351.6
  137.0  14814  -73.1                         112     44  353.0         353.0
  126.0  15289  -75.9                         110     45  356.5         356.5
  108.0  16163  -81.1                          75     47  362.7         362.7
  100.0  16600  -83.7                          75     48  365.8         365.8
   97.0  16769  -83.8                          75     38  368.8         368.8
   93.7  16961  -83.9                          70     29  372.2         372.2
   92.0  17063  -82.7                          68     24  376.6         376.6
   91.1  17119  -79.5                          66     22  384.0         384.0
   87.0  17382  -77.3                          60     10  393.6         393.6
   86.0  17448  -76.7                          31      9  396.0         396.0
   82.0  17720  -78.1                         270      5  398.5         398.5
   78.0  18006  -79.6                         215      8  401.1         401.1
   76.8  18095  -80.1                         218      8  401.9         401.9
   70.0  18620  -79.9                         235     11  413.1         413.1
   69.1  18693  -80.5                         225     12  413.4         413.4
   62.2  19290  -78.5                         147     20  430.4         430.4
   60.5  19449  -74.3                         126     22  443.2         443.2
   60.0  19498  -73.9                         120     23  445.0         445.0
   57.0  19800  -71.8                         105     19  456.6         456.6
   55.1  19999  -70.3                          77     10  464.4         464.4
   54.6  20054  -67.9                          69      7  471.1         471.1
   54.0  20120  -68.2                          60      4  471.9         471.9
   52.0  20346  -69.1                         325     14  474.8         474.8
   50.0  20580  -70.1                         315     15  477.9         477.9
   48.9  20712  -71.5                         300     14  477.6         477.6
   47.0  20946  -71.7                         265      8  482.6         482.6
   44.9  21217  -70.3                          26     14  492.3         492.3
   44.0  21338  -67.2                          80     17  502.8         502.8
   43.8  21366  -66.5                          81     17  505.1         505.1
   40.0  21919  -64.9                         110     27  522.4         522.4
   37.3  22345  -63.7                          76     18  536.0         536.0
   35.0  22741  -61.3                          45     10  552.0         552.0
   33.0  23106  -59.1                         340      6  567.2         567.2
   32.8  23144  -58.9                         331      6  568.8         568.8
   32.0  23298  -59.8                         295      8  570.4         570.4
   30.6  23577  -61.5                         222      7  573.1         573.1
   30.0  23700  -61.5                         190      6  576.4         576.4
   29.3  23846  -62.3                         169      8  578.1         578.1
   27.7  24194  -59.1                         118     12  596.4         596.4
   27.0  24354  -59.2                          95     14  600.5         600.5
   26.2  24542  -59.3                          94     16  605.4         605.4
   25.7  24663  -56.1                          93     18  617.8         617.8
   23.1  25339  -55.5                          87     26  638.7         638.7
   22.0  25648  -56.3                          85     30  645.2         645.2
   20.0  26250  -57.9                         100     43  658.2         658.2
   19.0  26572  -59.4                          90     50  663.3         663.3
   18.8  26638  -59.7                          90     51  664.4         664.4
   14.5  28297  -50.1                          90     72  747.7         747.7
   13.0  29020  -48.1                          90     81  778.4         778.4
   11.0  30126  -45.0                          90     85  827.8         827.8
   10.7  30309  -44.4                          90     85  836.2         836.2
   10.4  30497  -43.9                                     845.0         845.0
