-----------------------------------------------------------------------------
   PRES   HGHT   TEMP   DWPT   RELH   MIXR   DRCT   SKNT   THTA   THTE   THTV
    hPa     m      C      C      %    g/kg    deg   knot     K      K      K 
-----------------------------------------------------------------------------
 1008.0     12   29.2   26.1     83  21.69    350      4  301.7  366.1  305.6
 1007.0     21   28.0   24.3     80  19.43    360      4  300.6  357.9  304.0
 1000.0     81   28.2   24.8     82  20.19     70      3  301.4  361.1  305.0
  995.0    126   28.4   24.7     80  20.17     53      3  302.0  361.9  305.6
  976.0    297   27.1   23.7     82  19.36    350      5  302.3  359.9  305.8
  943.0    602   24.7   22.0     85  17.99    325      9  302.9  356.4  306.2
  925.0    773   23.4   21.0     86  17.25    335      6  303.2  354.6  306.4
  912.0    898   22.8   20.9     89  17.39    345      5  303.8  355.8  307.0
  881.0   1200   20.8   19.2     90  16.15    285      5  304.8  353.3  307.8
  851.0   1503   18.9   17.5     92  14.98    260      5  305.8  350.9  308.5
  850.0   1513   18.8   17.4     92  14.94    260      5  305.8  350.8  308.6
  819.0   1832   16.8   16.0     95  14.16    271      6  307.0  349.9  309.6
  766.0   2401   14.9   13.7     92  13.02    290      9  310.9  351.0  313.3
  762.0   2446   14.8   13.5     92  12.93    287      9  311.2  351.1  313.6
  739.0   2705   13.1   12.1     94  12.13    270      9  312.1  349.7  314.4
  722.0   2901   11.8   11.0     95  11.55    274      9  312.7  348.6  314.9
  700.0   3160   11.0   10.3     95  11.37    280     10  314.6  350.2  316.8
  675.0   3464    9.8    9.2     96  10.94    290     11  316.6  351.1  318.7
  664.0   3600    9.4    6.7     83   9.36    295     12  317.6  347.4  319.4
  637.0   3944    8.4    0.4     57   6.22    281     12  320.3  340.6  321.5
  618.0   4192    6.8   -0.9     58   5.81    270     12  321.2  340.3  322.3
  595.0   4501    4.8   -2.6     59   5.33    280      9  322.4  340.0  323.4
  574.0   4795    2.9   -4.2     60   4.90    255      6  323.5  339.8  324.4
  569.0   4867    2.4   -4.6     60   4.80    259      7  323.7  339.8  324.7
  553.0   5096    1.2   -6.3     57   4.35    270     12  325.0  339.7  325.8
  537.0   5332    0.0   -8.0     55   3.92    266     10  326.2  339.6  327.0
  530.0   5437   -0.7   -5.7     69   4.74    264     10  326.6  342.7  327.6
  513.0   5696   -2.3   -6.9     71   4.48    260      8  327.8  343.1  328.7
  500.0   5900   -3.5   -7.8     72   4.28    255      6  328.7  343.4  329.6
  486.0   6125   -4.9   -9.3     71   3.91    242      8  329.7  343.2  330.4
  458.0   6592   -7.4  -13.7     61   2.92    215     11  332.2  342.6  332.8
  448.0   6765   -8.3  -15.3     57   2.61    221      9  333.1  342.5  333.7
  440.0   6905   -9.1  -17.6     50   2.18    225      8  333.8  341.7  334.2
  424.0   7192  -10.9  -22.5     38   1.49    275      7  335.1  340.7  335.4
  422.0   7229  -11.1  -23.1     36   1.42    276      7  335.3  340.6  335.6
  419.0   7284  -11.3  -28.3     23   0.89    277      7  335.7  339.1  335.9
  415.0   7358  -11.9  -21.9     43   1.61    279      6  335.9  341.8  336.2
  405.0   7545  -13.3  -20.3     56   1.89    283      5  336.4  343.4  336.8
  400.0   7640  -13.9  -21.9     51   1.67    285      5  336.8  343.0  337.2
  392.0   7792  -14.7  -24.5     43   1.35    310      5  337.8  342.9  338.0
  376.0   8107  -16.3  -29.8     30   0.86    345      4  339.7  343.0  339.9
  374.0   8147  -16.5  -30.5     29   0.81    342      4  339.9  343.1  340.1
  361.0   8410  -18.6  -29.6     37   0.91    325      2  340.5  344.1  340.7
  344.0   8768  -21.5  -28.5     53   1.07    271      4  341.4  345.5  341.6
  333.0   9004  -23.3  -30.0     54   0.96    235      6  342.1  345.9  342.3
  320.0   9294  -25.4  -31.8     55   0.84    215      5  343.1  346.4  343.2
  308.0   9571  -27.5  -33.5     57   0.74    150     10  343.9  346.9  344.1
  307.0   9595  -27.6  -34.1     54   0.70    145     10  344.0  346.8  344.2
  301.0   9736  -28.5  -37.5     42   0.51    145      9  344.8  346.8  344.9
  300.0   9760  -28.5  -38.5     38   0.46    145      9  345.1  347.0  345.2
  294.0   9903  -29.6  -38.7     41   0.46    140      7  345.5  347.4  345.6
  282.0  10197  -32.0  -39.2     49   0.46     80      7  346.2  348.1  346.3
  264.0  10663  -35.7  -39.9     65   0.45     58      9  347.4  349.3  347.5
  250.0  11040  -38.9  -43.2     64   0.34     40     10  348.1  349.5  348.2
  248.0  11095  -39.4  -44.0     62   0.31     45      9  348.2  349.5  348.2
  245.0  11178  -40.1  -45.1     59   0.28     53     10  348.3  349.5  348.4
  237.0  11399  -41.8                          75     13  349.1         349.1
  200.0  12530  -50.5                          85     49  352.6         352.6
  189.0  12886  -53.4                          90     51  353.8         353.8
  156.0  14093  -63.1                         110     50  357.1         357.1
  150.0  14340  -65.1                         110     56  357.7         357.7
  134.0  14997  -69.8                         100     51  361.1         361.1
  115.0  15887  -76.2                          75     25  365.3         365.3
  109.0  16198  -78.5                          50     14  366.7         366.7
  100.0  16700  -82.1                          45     10  368.9         368.9
   98.0  16813  -82.3                          45     11  370.5         370.5
   93.4  17081  -82.9                                     374.6         374.6
