-----------------------------------------------------------------------------
   PRES   HGHT   TEMP   DWPT   RELH   MIXR   DRCT   SKNT   THTA   THTE   THTV
    hPa     m      C      C      %    g/kg    deg   knot     K      K      K 
-----------------------------------------------------------------------------
 1007.0     12   29.6   23.6     70  18.61    240      8  302.1  357.4  305.5
 1000.0     77   29.2   22.2     66  17.17    205      3  302.4  353.4  305.4
  975.0    301   27.2   21.3     70  16.61    355      1  302.5  351.9  305.5
  943.0    596   24.5   20.0     76  15.89    325      7  302.7  350.0  305.6
  925.0    766   23.0   19.3     80  15.48    325     10  302.8  348.9  305.6
  902.0    985   21.0   18.4     85  15.00    322     16  302.9  347.6  305.7
  882.0   1179   22.0   12.0     53  10.08    320     21  305.9  336.6  307.8
  880.0   1198   22.0   11.8     52   9.96    320     22  306.1  336.4  308.0
  864.0   1357   22.0   10.0     46   9.00    317     18  307.7  335.4  309.4
  850.0   1498   20.8    8.8     46   8.43    315     15  307.9  333.9  309.5
  843.0   1569   20.2   13.2     64  11.44    311     14  308.0  342.9  310.1
  821.0   1795   18.4   12.5     68  11.19    300     11  308.4  342.7  310.5
  753.0   2532   12.4   10.1     86  10.41    308      8  309.7  341.7  311.6
  738.0   2700   11.3    9.8     91  10.42    310      7  310.2  342.4  312.2
  737.0   2712   11.2    9.8     91  10.43    309      7  310.3  342.4  312.2
  725.0   2849   11.6   10.0     90  10.75    293      9  312.1  345.5  314.2
  700.0   3143   11.0    6.8     75   8.93    260     14  314.6  342.8  316.3
  687.0   3299   10.2    5.6     73   8.37    260     15  315.5  342.0  317.1
  645.0   3824    7.6    1.6     66   6.71    272     13  318.2  339.9  319.5
  616.0   4200    5.2    0.5     71   6.47    280     12  319.7  340.8  321.0
  576.0   4750    1.8   -1.2     80   6.12    271      8  321.9  342.0  323.1
  573.0   4792    1.6   -1.7     79   5.94    270      8  322.1  341.7  323.2
  553.0   5078    0.0   -5.0     69   4.80    294      8  323.5  339.6  324.5
  512.0   5692   -4.0   -5.8     87   4.87    345      7  325.9  342.3  326.9
  503.0   5833   -4.9   -6.0     92   4.89    349      6  326.4  342.9  327.4
  500.0   5880   -5.1   -6.1     93   4.88    350      6  326.8  343.2  327.7
  492.0   6006   -5.6   -7.0     90   4.63    345      5  327.6  343.4  328.5
  474.0   6296   -6.8   -9.0     84   4.10    300      8  329.6  343.8  330.4
  456.0   6597   -8.1  -11.2     79   3.60    300      5  331.7  344.3  332.4
  439.0   6893   -9.3  -13.2     73   3.16    345      7  333.8  345.0  334.4
  429.0   7073  -10.1  -14.5     70   2.91      8     11  335.0  345.4  335.6
  422.0   7199  -10.6  -15.7     66   2.68     25     13  336.0  345.7  336.5
  414.0   7346  -11.1  -17.1     61   2.43     29     15  337.1  346.0  337.6
  402.0   7572  -11.9  -24.9     33   1.27     34     18  338.9  343.8  339.2
  400.0   7610  -12.1  -28.1     25   0.95     35     18  339.2  342.9  339.4
  396.0   7687  -12.5  -29.5     23   0.84     37     17  339.6  342.9  339.8
  390.0   7803  -13.4  -27.6     29   1.02     40     16  340.0  343.9  340.2
  381.0   7981  -14.7  -24.7     42   1.36     36     14  340.5  345.7  340.8
  360.0   8407  -17.8  -25.6     51   1.33     25      8  341.9  347.0  342.2
  346.0   8705  -20.0  -26.2     58   1.31     65     10  342.9  347.9  343.1
  344.0   8749  -20.3  -26.3     59   1.31     68     10  343.0  348.0  343.3
  332.0   9010  -22.2  -28.2     58   1.13     85     12  343.9  348.2  344.1
  316.0   9373  -24.9  -30.9     57   0.93     73     13  345.0  348.7  345.2
  306.0   9607  -26.5  -38.9     30   0.43     65     13  345.9  347.7  346.0
  305.0   9631  -26.7  -39.7     28   0.40     65     13  346.0  347.7  346.1
  300.0   9750  -27.7  -40.7     28   0.37     65     14  346.2  347.8  346.3
  293.0   9919  -29.3  -38.3     41   0.48     66     15  346.3  348.3  346.4
  263.0  10680  -36.1  -41.1     60   0.40     69     17  347.2  348.9  347.3
  250.0  11030  -37.9  -43.9     53   0.31     70     18  349.6  350.9  349.6
  247.0  11113  -38.6  -44.6     53   0.29     70     19  349.8  351.1  349.9
  241.0  11282  -39.9  -45.9     53   0.26     74     22  350.3  351.4  350.3
  200.0  12530  -50.1                         105     49  353.3         353.3
  189.0  12888  -53.1                         110     47  354.2         354.2
  150.0  14350  -65.3                         130     49  357.4         357.4
  135.0  14978  -70.7                         125     39  358.7         358.7
  134.0  15022  -71.1                         124     39  358.8         358.8
  104.0  16475  -79.4                          95     42  369.9         369.9
  100.0  16700  -80.7                          95     39  371.6         371.6
   99.0  16757  -80.7                                     372.6         372.6
