-----------------------------------------------------------------------------
   PRES   HGHT   TEMP   DWPT   RELH   MIXR   DRCT   SKNT   THTA   THTE   THTV
    hPa     m      C      C      %    g/kg    deg   knot     K      K      K 
-----------------------------------------------------------------------------
 1010.0     12   27.2   24.9     87  20.10     30      1  299.5  358.6  303.1
 1000.0     98   26.8   22.6     78  17.61     45      3  299.9  351.7  303.1
  978.0    296   26.4   20.6     70  15.87    345      4  301.5  348.5  304.4
  976.0    314   26.4   20.4     70  15.72    341      4  301.6  348.2  304.5
  945.0    598   24.5   19.1     72  14.93    285      9  302.5  346.9  305.2
  925.0    787   23.2   18.2     73  14.43    265      9  303.0  346.0  305.6
  882.0   1202   20.9   16.3     75  13.38    250     13  304.8  345.0  307.3
  850.0   1524   19.2   14.8     76  12.61    255     14  306.2  344.4  308.6
  805.0   1990   16.0   12.9     82  11.75    253     14  307.6  343.4  309.8
  721.0   2920   11.0    7.3     78   8.98    250     13  312.0  340.0  313.7
  714.0   3001   10.7    6.7     77   8.72    250     13  312.5  339.8  314.1
  700.0   3166   10.0    5.6     74   8.21    250     13  313.5  339.4  315.1
  681.0   3394    9.2    2.2     62   6.63    256     12  315.1  336.3  316.4
  676.0   3455    9.2   -0.8     50   5.37    258     11  315.8  333.1  316.8
  669.0   3542    9.0    0.0     53   5.75    260     11  316.5  335.1  317.6
  665.0   3591    8.4    4.0     74   7.72    262     11  316.4  341.0  317.8
  641.0   3893    6.8    1.5     69   6.71    270      9  317.9  339.6  319.2
  623.0   4128    5.6   -0.4     65   6.00    260      9  319.1  338.6  320.3
  595.0   4501    3.0   -0.8     76   6.08    245      8  320.4  340.2  321.5
  586.0   4625    2.2   -1.0     79   6.11    250      8  320.8  340.8  322.0
  575.0   4778    1.2   -1.4     83   6.04    257      8  321.3  341.2  322.5
  567.0   4891    0.8   -5.2     64   4.61    261      8  322.2  337.5  323.1
  553.0   5091    0.0   -4.7     71   4.91    270      8  323.5  339.9  324.5
  532.0   5398   -2.0   -5.6     77   4.77    250     10  324.7  340.7  325.6
  512.0   5702   -4.0   -6.5     83   4.63    255      4  325.8  341.5  326.7
  500.0   5890   -5.3   -7.0     88   4.55    240      3  326.5  341.9  327.4
  476.0   6273   -7.9  -10.5     82   3.63    218      7  327.9  340.4  328.6
  465.0   6455   -6.1  -14.1     53   2.78    208      9  332.4  342.2  332.9
  457.0   6589   -7.1  -15.1     53   2.61    200     10  332.8  342.1  333.3
  426.0   7131  -11.1  -19.1     52   1.99    206      8  334.4  341.7  334.8
  411.0   7405  -12.9  -24.9     36   1.24    209      7  335.5  340.2  335.8
  406.0   7497  -13.4  -23.6     42   1.41    210      7  336.0  341.2  336.3
  400.0   7610  -14.1  -22.1     51   1.64    220      6  336.6  342.6  336.9
  398.0   7648  -14.5  -21.5     55   1.73    224      5  336.5  342.9  336.9
  396.0   7686  -14.5  -22.5     51   1.60    228      4  337.0  343.0  337.4
  394.0   7725  -14.3  -25.3     39   1.25    232      4  337.8  342.5  338.0
  393.0   7744  -14.5  -27.5     32   1.02    234      3  337.8  341.7  338.0
  391.0   7783  -14.7  -24.7     42   1.33    238      2  338.0  343.0  338.3
  390.0   7802  -14.7  -21.7     55   1.74    240      2  338.2  344.7  338.6
  386.0   7881  -15.3  -22.3     55   1.67    272      2  338.4  344.7  338.8
  382.0   7959  -16.1  -20.5     69   1.97    303      1  338.4  345.7  338.8
  375.0   8099  -17.0  -23.0     59   1.61      0      1  339.0  345.1  339.4
  363.0   8343  -18.5  -27.5     45   1.11    135      7  340.2  344.4  340.4
  360.0   8405  -19.0  -27.8     46   1.09    170      9  340.3  344.5  340.5
  350.0   8615  -20.7  -28.7     49   1.03    168      8  340.8  344.7  341.0
  338.0   8872  -22.7  -26.1     74   1.35    166      6  341.4  346.6  341.7
  332.0   9003  -23.5  -27.3     71   1.23    165      5  342.0  346.8  342.3
  319.0   9293  -25.4  -30.1     65   0.99     45      2  343.4  347.2  343.6
  300.0   9740  -28.3  -34.3     56   0.70     45     12  345.4  348.2  345.5
  298.0   9788  -28.7  -34.7     56   0.68     47     12  345.5  348.2  345.6
  281.0  10200  -32.3  -36.6     65   0.59     60     16  346.2  348.6  346.3
  269.0  10507  -34.9  -38.1     73   0.53     47     15  346.7  348.9  346.8
  250.0  11010  -39.3  -46.3     47   0.24     25     14  347.5  348.5  347.6
  247.0  11093  -39.9  -47.9     42   0.20     20     15  347.8  348.7  347.9
  200.0  12500  -51.5                          40     39  351.1         351.1
  188.0  12889  -54.5                          50     42  352.5         352.5
  155.0  14104  -63.7                         100     54  356.8         356.8
  150.0  14310  -65.3                         100     54  357.4         357.4
  121.0  15566  -74.4                          55     20  363.4         363.4
  109.0  16176  -78.8                          45     17  366.0         366.0
  103.0  16507  -81.2                          55     19  367.4         367.4
  100.0  16680  -82.5                          45     22  368.1         368.1
   94.8  16975  -84.9                          41     23  369.0         369.0
   93.0  17080  -85.0                          40     23  370.8         370.8
   88.0  17383  -85.3                          75      9  376.1         376.1
   83.0  17704  -85.7                         150     16  381.7         381.7
   77.4  18087  -86.1                         143     25  388.6         388.6
   75.0  18259  -85.6                         140     29  393.1         393.1
   73.5  18370  -85.3                         131     29  396.0         396.0
   71.0  18561  -82.6                         115     30  405.7         405.7
   70.0  18640  -81.5                         110     29  409.7         409.7
   69.5  18680  -80.1                                     413.6         413.6
