-----------------------------------------------------------------------------
   PRES   HGHT   TEMP   DWPT   RELH   MIXR   DRCT   SKNT   THTA   THTE   THTV
    hPa     m      C      C      %    g/kg    deg   knot     K      K      K 
-----------------------------------------------------------------------------
 1000.0   -315                                                               
  925.0    765                                                               
  850.0   1676                                                               
  700.0   2331                                                               
  500.0   5600                                                               
  400.0   3270                                                               
  300.0  10370                                                               
  250.0   8570                                                               
  200.0  16390                                                               
  150.0  13590                                                               
  109.0     12   29.8   22.8     66 212.69    340      3  570.7 5095.7  631.5
  103.0   7126   25.9   20.3     71 187.28    330     10  572.4 3868.1  627.3
  100.0  10840   23.8   19.0     75 175.24    340      8  573.3 3402.8  625.3
   93.0  11510   18.9   15.8     82 148.64    345     10  575.6 2578.6  620.9
   90.0  11813   16.7   14.3     86 137.94    325      9  576.6 2311.0  619.1
   87.0  12126   14.4   12.8     90 127.65    325      8  577.7 2082.1  617.4
   85.0  12340   12.8   11.8     94 121.02    312      6  578.3 1947.6  616.3
   84.0  12444   12.4   11.0     91 114.88    305      5  579.5 1834.2  615.8
   76.0  13320    9.4    3.9     69  73.80    285      9  589.9 1240.7  614.6
   73.2  13649    8.2    1.2     61  62.37    294      9  593.8 1116.3  615.0
   70.0  14030    6.4    0.4     65  61.48    305     10  597.6 1114.6  618.7
   69.0  14589    5.6    0.0     67  60.58    300      6  598.4 1106.4  619.2
   66.0  16314    3.3   -1.2     73  57.85      0      1  600.9 1081.8  620.9
   64.0  17509    1.6   -2.0     77  56.00    350      2  602.6 1065.5  622.0
   62.1  18679    0.0   -2.8     81  54.23    359      4  604.3 1050.2  623.2
   62.0  18740   -0.1   -2.9     81  53.95      0      4  604.4 1047.5  623.2
   59.0  20620   -2.2   -5.5     78  45.85     15      5  608.3  973.6  624.5
   56.9  21994   -3.7   -7.5     75  40.63      7      6  611.2  929.2  625.7
   56.1  22523   -4.1  -11.1     58  30.60      4      6  612.7  843.3  623.8
   55.0  23259   -5.2  -10.3     68  33.41      0      7  613.6  868.5  625.6
   54.2  23803   -6.1   -9.7     76  35.66    356      5  614.2  889.1  627.0
   53.4  24353   -6.7  -12.7     62  28.17    352      4  615.4  826.9  625.7
   53.0  24628   -7.0  -13.0     62  27.63    350      3  616.0  823.3  626.1
   51.0  26035   -8.7  -14.7     62  25.02    355      8  619.0  806.1  628.2
   50.0  26760   -9.5  -15.5     62  23.76    350      9  620.5  798.0  629.3
   47.0  25981  -12.1  -17.8     63  20.80    295      5  625.4  780.8  633.1
   46.0  25711  -13.0  -18.6     63  19.84    225      9  627.1  775.4  634.5
   40.9  24231  -17.9  -22.9     65  15.22    133      7  636.2  750.8  642.0
   40.0  23963  -19.2  -24.0     66  14.06    115      7  637.0  742.8  642.4
   39.0  23657  -20.7  -25.3     67  12.83     60      9  637.8  734.3  642.8
   36.0  22691  -25.4  -29.4     70   9.52     95     14  640.4  712.2  644.0
   34.3  22106  -28.3  -31.8     72   7.90     95     16  641.8  701.7  644.8
   32.6  21510  -30.7  -36.7     56   5.11     95     19  644.8  684.1  646.8
   32.1  21330  -31.3  -41.3     37   3.23     95     20  646.0  671.3  647.3
   30.9  20889  -33.5  -41.5     44   3.28     95     22  647.2  672.9  648.5
   30.0  20550  -34.7  -42.7     44   2.97     95     23  649.4  672.9  650.6
   29.4  20691  -35.7  -47.7     28   1.75     95     24  650.4  664.6  651.1
   27.5  21152  -39.9  -48.9     38   1.64     94     26  651.2  664.5  651.9
   20.0  23240  -58.5                          90     36  656.4         656.4
   17.2  24167  -67.3                         104     38  657.2         657.2
   17.0  24234  -67.7                         105     38  658.0         658.0
   15.0  24957  -72.3                          85     35  666.7         666.7
   12.0  26246  -80.5                         125     13  681.6         681.6
   11.0  26749  -83.7                         110     10  687.2         687.2
   10.1  27224  -81.3                          88     24  713.1         713.1
   10.0  27280  -81.1                          85     26  715.9         715.9
    9.2  27746  -83.3                          93     31  724.8         724.8
    9.0  27868  -83.8                          95     32  727.3         727.3
    8.9  27930  -84.1                          84     30  728.6         728.6
    8.8  27992  -84.5                          72     29  729.4         729.4
    8.7  28056  -84.1                          60     27  733.3         733.3
    8.6  28120  -81.3                          49     25  746.6         746.6
    8.5  28186  -76.7                          37     24  767.1         767.1
    8.0  28536  -76.0                         335     15  783.1         783.1
    7.6  28832  -75.5                         350     12  796.9         796.9
    7.4  28986  -76.5                         358     10  798.9         798.9
    7.3  29064  -76.3                           2      9  802.8         802.8
    7.1  29225  -75.7                          11      7  811.7         811.7
    7.0  29307  -72.3                          15      6  829.0         829.0
    6.0  30228  -70.5                          95      5  874.0         874.0
    5.0  31316  -68.4                          55      5  930.4         930.4
    4.1  32501  -66.1                          91      8  995.7         995.7
    4.0  32652  -65.6                          95      8 1005.2        1005.2
    3.1  34219  -60.3                          91     14 1108.7        1108.7
    3.0                                        90     15                     
