-----------------------------------------------------------------------------
   PRES   HGHT   TEMP   DWPT   RELH   MIXR   DRCT   SKNT   THTA   THTE   THTV
    hPa     m      C      C      %    g/kg    deg   knot     K      K      K 
-----------------------------------------------------------------------------
 1008.0     12   30.4   24.4     70  19.53    330      2  302.9  361.1  306.4
 1000.0     87   29.4   23.4     70  18.51    315      4  302.6  357.6  305.9
  925.0    777   23.8   18.8     74  15.00    280      3  303.6  348.4  306.4
  906.0    960   22.2   18.9     82  15.42    254      3  303.8  349.9  306.6
  882.0   1194   20.9   17.3     80  14.25    220      3  304.7  347.5  307.4
  851.0   1507   19.1   15.1     78  12.82    265      5  306.0  344.7  308.4
  850.0   1517   19.0   15.0     78  12.77    265      5  306.0  344.6  308.4
  822.0   1804   17.3   14.0     81  12.39    255      6  307.2  344.8  309.5
  794.0   2100   15.6   13.0     85  11.99    276      5  308.4  345.0  310.6
  782.0   2230   15.6    8.6     63   9.04    286      5  309.8  337.7  311.4
  743.0   2662   13.2   10.7     85  10.99    318      3  311.7  345.8  313.8
  740.0   2697   13.1   10.0     81  10.53    320      3  312.0  344.7  314.0
  721.0   2915   12.6    5.6     62   7.97    258      5  313.7  338.9  315.2
  714.0   2997   12.1    5.8     65   8.16    235      6  314.1  339.9  315.7
  700.0   3163   11.2    6.2     71   8.57    220      9  314.9  341.9  316.5
  641.0   3892    6.6    2.5     75   7.20    190      8  317.7  340.8  319.1
  626.0   4088    5.4    1.5     76   6.86    141      7  318.4  340.6  319.8
  618.0   4193    5.2   -4.5     49   4.45    115      6  319.4  334.1  320.3
  615.0   4233    5.2   -6.8     42   3.75    109      7  319.8  332.4  320.6
  605.0   4366    4.4   -7.6     41   3.59     90      8  320.4  332.4  321.1
  595.0   4502    3.0   -3.0     65   5.18     70     10  320.3  337.4  321.3
  577.0   4750    1.0   -0.7     88   6.34     71     12  320.8  341.5  322.0
  568.0   4877    1.4   -0.7     86   6.44     71     13  322.7  343.9  324.0
  556.0   5049    1.4   -2.9     73   5.59     72     14  324.7  343.3  325.8
  549.0   5151    2.2   -7.8     48   3.89     72     15  326.8  340.1  327.6
  534.0   5375    1.4  -14.6     29   2.32     73     16  328.4  336.7  328.9
  523.0   5542    0.0  -17.0     27   1.94     74     17  328.7  335.7  329.1
  500.0   5900   -2.5  -30.5     10   0.61     75     20  329.9  332.3  330.1
  498.0   5932   -2.9  -28.9     11   0.71     75     19  329.8  332.5  330.0
  494.0   5995   -3.3  -30.2     10   0.63     75     18  330.1  332.5  330.2
  475.0   6303   -5.2  -36.4      7   0.36     90      9  331.5  332.9  331.5
  457.0   6606   -7.1  -42.6      4   0.20     75      8  332.8  333.6  332.9
  451.0   6710   -7.7  -44.7      3   0.16     89      7  333.3  333.9  333.3
  440.0   6901   -9.2  -34.1     11   0.49    115      5  333.7  335.6  333.8
  432.0   7043  -10.3  -26.3     26   1.04    108      5  334.1  338.0  334.3
  423.0   7204  -11.6  -28.9     22   0.84    100      5  334.5  337.7  334.6
  418.0   7295  -12.3  -30.3     21   0.74    103      5  334.7  337.5  334.8
  407.0   7498  -14.1  -23.9     43   1.37    110      4  334.9  340.0  335.1
  406.0   7517  -14.3  -23.3     46   1.45    109      4  334.9  340.3  335.2
  400.0   7630  -15.1  -24.1     46   1.37    105      2  335.3  340.4  335.6
  391.0   7801  -15.9  -26.1     41   1.17      5      5  336.4  340.8  336.6
  385.0   7918  -16.5  -27.5     38   1.04      9      5  337.1  341.1  337.3
  383.0   7957  -16.7  -24.7     50   1.36     10      5  337.4  342.5  337.6
  376.0   8095  -17.4  -27.7     40   1.05     15      5  338.3  342.3  338.5
  361.0   8399  -18.8  -34.4     24   0.57    310      5  340.3  342.6  340.4
  360.0   8420  -18.9  -34.9     23   0.55    306      5  340.4  342.6  340.6
  347.0   8688  -20.9  -37.5     21   0.44    255      8  341.3  343.1  341.4
  306.0   9606  -27.8  -46.5     15   0.19    215      8  344.1  344.9  344.1
  300.0   9750  -28.9  -47.9     14   0.17    220      7  344.5  345.3  344.6
  281.0  10206  -32.6  -50.6     15   0.13    250      3  345.7  346.2  345.7
  250.0  11020  -39.3  -55.3     17   0.08    180      9  347.5  347.9  347.5
  248.0  11075  -39.9  -55.9     16   0.08    173      8  347.4  347.8  347.4
  247.0  11102  -40.1                         170      7  347.5         347.5
  236.0  11406  -42.7                         105      5  348.1         348.1
  200.0  12510  -52.1                          95     23  350.1         350.1
  197.0  12606  -52.9                          95     23  350.4         350.4
  171.0  13501  -60.3                          69     19  352.6         352.6
  163.0  13793  -63.0                          60     18  352.9         352.9
  150.0  14300  -67.7                          80     18  353.3         353.3
  149.0  14340  -68.1                          80     19  353.3         353.3
  148.0  14380  -68.5                          80     19  353.3         353.3
  137.0  14838  -72.5                          69     21  354.1         354.1
  133.0  15011  -74.2                          65     22  354.1         354.1
  130.0  15144  -75.5                          67     24  354.0         354.0
  125.0  15370  -77.1                          71     29  355.1         355.1
  123.0  15462  -77.9                          73     30  355.3         355.3
  121.0  15556  -78.5                          74     32  355.9         355.9
  120.0  15603  -77.7                          75     33  358.2         358.2
  119.0  15651  -74.9                          77     30  364.2         364.2
  114.0  15898  -75.9                          90     14  366.9         366.9
  108.0  16208  -77.1                         165      6  370.2         370.2
  103.0  16480  -78.2                         175     14  373.2         373.2
  100.0  16650  -78.9                         160     18  375.0         375.0
   93.0  17058  -80.7                         120     13  379.3         379.3
   88.0  17368  -82.1                          40      8  382.6         382.6
   83.0  17696  -83.6                         295     13  386.0         386.0
   82.6  17724  -83.7                                     386.3         386.3
