-----------------------------------------------------------------------------
   PRES   HGHT   TEMP   DWPT   RELH   MIXR   DRCT   SKNT   THTA   THTE   THTV
    hPa     m      C      C      %    g/kg    deg   knot     K      K      K 
-----------------------------------------------------------------------------
 1009.0     12   29.2   24.2     74  19.27    290      8  301.6  358.7  305.0
 1000.0     99   28.8   20.8     62  15.73    330      5  301.9  348.6  304.8
  978.0    295   27.0   20.1     66  15.39    330      9  302.1  347.7  304.9
  930.0    739   23.0   18.5     76  14.63    316     18  302.4  345.8  305.0
  925.0    786   22.4   18.2     77  14.43    315     19  302.2  345.0  304.8
  913.0    900   23.4   17.1     68  13.63    305     19  304.3  345.2  306.8
  903.0    996   24.2   16.2     61  12.99    298     19  306.1  345.4  308.5
  902.0   1006   24.2   16.2     61  13.01    297     19  306.2  345.6  308.6
  852.0   1500   19.1   13.1     68  11.21    260     17  305.9  339.9  308.0
  851.0   1510   19.0   13.0     68  11.18    260     17  305.9  339.8  308.0
  850.0   1520   18.8   12.8     68  11.04    260     17  305.8  339.2  307.9
  818.0   1850   16.2   12.3     78  11.10    249     18  306.4  340.1  308.5
  814.0   1892   16.0   11.6     75  10.65    247     18  306.7  339.0  308.6
  790.0   2148   16.4   10.4     68  10.12    239     19  309.7  340.9  311.6
  741.0   2690   13.3    7.3     67   8.75    220     20  312.1  339.4  313.7
  700.0   3172   10.6    4.6     66   7.65    220     19  314.2  338.4  315.6
  641.0   3893    6.2    1.4     71   6.67    230     24  317.2  338.7  318.5
  574.0   4798    0.8   -2.5     78   5.57    260     21  321.0  339.3  322.1
  565.0   4927    0.0   -3.1     80   5.42    254     20  321.6  339.4  322.6
  518.0   5621   -2.9   -6.5     76   4.57    223     13  326.1  341.6  327.0
  513.0   5697   -3.6   -6.9     78   4.48    220     12  326.2  341.3  327.1
  500.0   5900   -5.5   -7.9     83   4.24    230     13  326.3  340.7  327.1
  494.0   5995   -6.3   -8.1     87   4.23    225     13  326.4  340.8  327.2
  489.0   6075   -5.5   -9.2     75   3.92    221     13  328.4  341.8  329.1
  475.0   6303   -6.5  -10.6     73   3.61    210     12  329.8  342.3  330.5
  473.0   6336   -6.7  -10.8     73   3.57    211     12  330.0  342.4  330.7
  465.0   6469   -7.3  -12.3     67   3.22    216     11  330.9  342.1  331.5
  463.0   6503   -7.3  -15.3     53   2.53    218     11  331.3  340.3  331.8
  437.0   6952  -10.3  -14.9     69   2.77    235      8  333.0  342.8  333.6
  423.0   7202  -11.8  -16.3     70   2.55    245      7  334.1  343.3  334.6
  419.0   7275  -12.3  -16.7     70   2.49    252      7  334.4  343.4  334.9
  409.0   7460  -12.9  -21.9     47   1.63    271      9  336.0  342.0  336.3
  408.0   7479  -12.9  -18.9     61   2.12    273      9  336.2  344.0  336.7
  407.0   7498  -13.0  -19.0     61   2.11    275      9  336.3  344.0  336.8
  406.0   7516  -13.1  -19.1     61   2.09    275      9  336.4  344.1  336.9
  405.0   7535  -13.1  -21.1     51   1.76    275      9  336.7  343.2  337.0
  404.0   7554  -13.1  -28.1     27   0.94    275      9  336.9  340.5  337.1
  400.0   7630  -13.5  -26.5     33   1.10    275      9  337.4  341.6  337.6
  391.0   7802  -14.4  -24.5     42   1.36    280      6  338.3  343.4  338.6
  385.0   7920  -15.1  -23.1     50   1.56    298      6  339.0  344.8  339.3
  376.0   8096  -16.5  -24.3     51   1.43    325      7  339.4  344.8  339.7
  340.0   8845  -22.5  -29.5     53   0.98    354      9  341.1  344.9  341.3
  333.0   8997  -23.9  -29.3     61   1.02      0      9  341.3  345.2  341.5
  322.0   9242  -26.1  -29.0     77   1.09    356      8  341.5  345.7  341.7
  306.0   9608  -28.6  -33.7     61   0.73    350      6  343.1  346.0  343.2
  300.0   9750  -29.5  -35.5     56   0.62    355      4  343.7  346.2  343.8
  297.0   9821  -29.9  -35.9     56   0.60     16      3  344.1  346.5  344.2
  293.0   9914  -30.7  -36.7     56   0.57     45      1  344.3  346.6  344.4
  281.0  10203  -33.1  -39.1     55   0.46    110      6  345.0  346.9  345.1
  258.0  10793  -38.1  -44.1     53   0.30    120      9  346.2  347.4  346.3
  250.0  11010  -39.9  -45.9     53   0.25    110     13  346.6  347.7  346.7
  249.0  11037  -40.1  -46.1     53   0.25    110     14  346.7  347.8  346.8
  226.0  11684  -45.5                         110     29  348.2         348.2
  200.0  12500  -52.3                         110     36  349.8         349.8
  155.0  14092  -66.9                         110     41  351.3         351.3
  154.0  14132  -67.3                         109     42  351.3         351.3
  150.0  14290  -68.7                         105     44  351.6         351.6
  137.0  14827  -72.7                          90     49  353.7         353.7
  133.0  15001  -72.3                          85     51  357.4         357.4
  128.0  15227  -71.9                          70     39  362.1         362.1
  122.0  15510  -71.1                          51     23  368.6         368.6
  114.0  15902  -74.1                          25      1  370.2         370.2
  109.0  16162  -76.1                         220      6  371.2         371.2
  103.0  16489  -78.6                         175      6  372.5         372.5
  100.0  16660  -79.9                         170      9  373.1         373.1
   98.0  16774  -80.8                         180     12  373.5         373.5
   94.8  16962  -82.3                         170     14  374.1         374.1
   93.0  17070  -80.8                         145      9  379.2         379.2
   91.3  17175  -79.3                         102      7  384.1         384.1
   88.0  17383  -79.8                          15      4  387.3         387.3
   83.0  17715  -80.5                         255      8  392.3         392.3
   75.5  18252  -81.7                         210     15  400.5         400.5
   71.0  18600  -80.1                         180     20  411.1         411.1
   70.0  18680  -79.7                         165     17  413.6         413.6
   67.0  18931  -78.6                         140     15  421.2         421.2
   64.0  19194  -77.4                         185      5  429.4         429.4
   61.0  19469  -76.1                         275      7  438.1         438.1
   58.0  19759  -74.8                         310      6  447.4         447.4
   55.6  20001  -73.7                         274      3  455.4         455.4
   55.0  20065  -72.5                         265      2  459.7         459.7
   53.8  20194  -69.9                         314      4  468.4         468.4
   52.0  20397  -69.5                          30      8  473.9         473.9
   50.0  20630  -69.1                          30     12  480.2         480.2
   46.1  21115  -69.1                          50     19  491.5         491.5
   42.5  21608  -62.9                          71     26  518.4         518.4
   41.0  21830  -62.5                          80     29  524.6         524.6
   37.0  22463  -61.5                          85     15  542.7         542.7
   36.8  22497  -61.5                          88     15  543.7         543.7
   33.0  23167  -64.0                         155     10  554.3         554.3
   32.3  23299  -64.5                         148     12  556.4         556.4
   32.0  23356  -64.5                         145     13  557.9         557.9
   30.0  23750  -64.5                         180     17  568.2         568.2
   29.1  23936  -64.9                         161     20  572.1         572.1
   27.1  24374  -60.1                         117     29  597.3         597.3
   27.0  24397  -59.9                         115     29  598.6         598.6
   25.3  24806  -55.5                         104     28  622.3         622.3
   24.0  25144  -55.0                          95     27  633.3         633.3
   21.0  25998  -53.6                          95     53  662.1         662.1
   20.0  26310  -53.1                          95     61  672.9         672.9
   16.0  27763  -48.4                          80     75  732.4         732.4
   15.9  27804  -48.3                          81     75  734.1         734.1
   14.2  28547  -49.1                          93     76  755.5         755.5
   14.0  28641  -48.2                          95     76  761.6         761.6
   13.7  28784  -46.9                          95     76  770.9         770.9
   13.1  29081  -44.1                          94     75  790.4         790.4
   10.2  30769  -41.3                          86     71  859.4         859.4
   10.0                                        85     71                     
