-----------------------------------------------------------------------------
   PRES   HGHT   TEMP   DWPT   RELH   MIXR   DRCT   SKNT   THTA   THTE   THTV
    hPa     m      C      C      %    g/kg    deg   knot     K      K      K 
-----------------------------------------------------------------------------
 1009.0     12   27.2   22.3     75  17.12     10      3  299.6  349.8  302.6
 1000.0     90   27.8   21.8     70  16.75     65      2  300.9  350.4  304.0
  989.0    188   27.6   19.6     62  14.74     53      2  301.7  345.4  304.4
  977.0    296   27.0   19.3     63  14.68     40      2  302.1  345.7  304.8
  944.0    599   25.2   18.6     67  14.52    325      8  303.3  346.7  306.0
  925.0    778   24.2   18.2     69  14.43    315      8  304.1  347.2  306.7
  881.0   1203   20.8   15.4     71  12.67    315      6  304.8  342.9  307.1
  859.0   1424   19.0   14.0     73  11.83    322      7  305.1  340.8  307.3
  850.0   1515   18.4   13.5     73  11.57    325      7  305.4  340.3  307.5
  838.0   1637   17.8   13.3     75  11.58    332      7  306.0  341.1  308.1
  823.0   1792   17.8   13.6     76  12.02    340      7  307.6  344.2  309.8
  817.0   1854   17.8   13.7     77  12.21    337      7  308.2  345.5  310.5
  777.0   2282   14.8   11.9     83  11.39    316      5  309.5  344.4  311.6
  766.0   2402   14.4    9.6     73   9.86    310      5  310.3  340.7  312.1
  737.0   2728   13.2    3.2     51   6.58    324      8  312.4  333.2  313.7
  714.0   2994   11.6    3.2     56   6.79    335     10  313.5  335.1  314.8
  708.0   3064   11.2    3.2     58   6.85    346     10  313.8  335.6  315.1
  700.0   3159   11.0    1.0     50   5.91      0      9  314.6  333.6  315.8
  691.0   3267   10.0   -1.0     46   5.17     11      9  314.7  331.4  315.7
  688.0   3303    9.8   -1.2     46   5.13     15      9  314.9  331.4  315.9
  681.0   3388    9.4   -1.6     46   5.02     24      8  315.3  331.6  316.3
  675.0   3461    9.0    3.0     66   7.08     31      7  315.7  338.3  317.0
  664.0   3597    8.1    4.0     76   7.75     45      5  316.1  340.9  317.6
  658.0   3672    7.6    4.6     81   8.15     65      5  316.4  342.4  318.0
  640.0   3901    6.8    1.5     69   6.71    125      4  318.0  339.7  319.3
  627.0   4070    6.2   -0.8     61   5.79    126      5  319.2  338.1  320.3
  595.0   4495    3.7   -2.9     62   5.22    130      8  321.1  338.3  322.1
  552.0   5103    0.1   -5.9     64   4.48     85      3  323.8  338.8  324.7
  551.0   5118    0.0   -6.0     64   4.46     85      3  323.9  338.9  324.7
  532.0   5397   -1.8   -6.0     73   4.60     90      6  325.0  340.5  325.9
  504.0   5827   -4.5   -6.1     89   4.84    112      5  326.7  343.1  327.7
  500.0   5890   -4.9   -7.1     85   4.52    115      5  327.0  342.3  327.9
  474.0   6307   -7.4   -9.2     87   4.05    150      7  328.9  342.9  329.7
  456.0   6610   -9.2  -10.7     89   3.74    145      5  330.3  343.3  331.0
  444.0   6818  -10.5  -11.7     91   3.54    124      6  331.2  343.6  331.9
  439.0   6906  -10.7  -12.4     87   3.37    115      6  332.0  343.8  332.7
  423.0   7192  -11.5  -14.9     76   2.86    115      4  334.6  344.8  335.1
  422.0   7210  -11.6  -15.1     76   2.83    115      4  334.6  344.7  335.2
  406.0   7506  -13.8  -17.6     73   2.37     35      3  335.5  344.1  335.9
  400.0   7620  -14.7  -18.6     72   2.22     15      4  335.8  343.9  336.2
  390.0   7811  -15.7  -21.7     60   1.74     20      8  336.9  343.4  337.3
  375.0   8102  -17.8  -22.6     66   1.67    340      7  337.9  344.1  338.3
  360.0   8405  -20.0  -23.6     73   1.60    330     10  338.9  344.9  339.3
  346.0   8699  -22.2  -24.5     81   1.53      5      8  339.9  345.7  340.2
  340.0   8828  -23.1  -24.9     85   1.50     54      7  340.3  346.0  340.6
  332.0   9000  -24.4  -26.4     84   1.35    120      5  340.8  345.9  341.1
  305.0   9611  -29.2  -31.5     80   0.91    190      4  342.5  346.1  342.7
  300.0   9730  -30.1  -32.5     80   0.84    180      5  342.8  346.1  343.0
  269.0  10490  -36.2  -39.3     73   0.47    115      4  344.8  346.7  344.9
  251.0  10973  -40.1  -43.6     69   0.32    124     10  345.9  347.3  346.0
  250.0  11000  -40.3                         125     10  346.0         346.0
  225.0  11699  -46.3                         145     14  347.3         347.3
  200.0  12480  -53.1                         110     22  348.5         348.5
  196.0  12607  -54.2                         110     25  348.7         348.7
  170.0  13501  -62.3                         105     40  349.8         349.8
  150.0  14260  -68.3                         100     54  352.2         352.2
  140.0  14669  -71.5                          95     54  353.6         353.6
  136.0  14841  -72.9                          91     55  354.1         354.1
  120.0  15557  -76.8                          75     60  359.8         359.8
  102.0  16487  -81.9                         110     62  367.2         367.2
  100.0  16600  -82.5                         110     62  368.1         368.1
   98.8  16668  -83.1                         110     61  368.2         368.2
   97.0  16772  -82.2                         110     59  371.9         371.9
   89.2  17249  -78.1                          87     24  389.1         389.1
   87.0  17393  -78.3                          80     13  391.5         391.5
   83.0  17664  -78.7                           5     10  396.0         396.0
   80.7  17825  -78.9                         336     12  398.7         398.7
   79.5  17912  -76.5                         320     13  405.4         405.4
   78.0  18022  -76.6                         300     15  407.4         407.4
   70.0  18650  -77.1                         265     29  419.1         419.1
   67.0  18901  -77.4                         260     27  423.8         423.8
   63.2  19235  -77.7                         268     23  430.2         430.2
   60.0  19535  -76.7                         275     19  439.0         439.0
   54.0  20143  -74.5                         235      8  457.3         457.3
   53.4  20207  -74.3                         238      8  459.3         459.3
   52.0  20362  -74.4                         245      7  462.6         462.6
   50.0  20590  -74.5                         175      9  467.5         467.5
   49.0  20707  -74.7                         165     11  469.7         469.7
   46.4  21024  -75.3                         137     20  475.7         475.7
   44.8  21227  -74.1                         118     26  483.4         483.4
   44.0  21334  -70.1                         109     28  495.7         495.7
   42.4  21556  -65.9                          90     34  511.3         511.3
   42.0  21614  -65.8                          85     36  512.8         512.8
   39.2  22032  -65.5                          81     27  523.9         523.9
   35.3  22681  -57.7                          75     14  560.1         560.1
   35.0  22735  -57.9                          75     13  561.0         561.0
   31.0  23494  -60.4                         105     21  573.9         573.9
   30.3  23637  -60.9                                     576.4         576.4
