-----------------------------------------------------------------------------
   PRES   HGHT   TEMP   DWPT   RELH   MIXR   DRCT   SKNT   THTA   THTE   THTV
    hPa     m      C      C      %    g/kg    deg   knot     K      K      K 
-----------------------------------------------------------------------------
 1011.0     12   29.0   20.0     58  14.78    290      1  301.2  344.9  303.9
 1000.0    110   28.0   19.0     58  14.03    280      5  301.1  342.6  303.7
  925.0    794   22.0   17.0     73  13.35    330     13  301.8  341.4  304.2
  914.0    898   21.0   16.7     76  13.28    330     12  301.9  341.2  304.2
  909.0    946   20.6   16.6     78  13.25    327     12  301.9  341.2  304.3
  883.0   1198   20.8   11.8     56   9.94    309     12  304.6  334.6  306.4
  864.0   1387   20.0   10.0     53   9.00    295     11  305.6  333.0  307.3
  857.0   1457   20.6   -1.4     23   4.05    290     11  307.0  319.8  307.7
  850.0   1528   20.4   -5.6     17   2.98    285     11  307.5  317.1  308.1
  824.0   1795   18.7   -9.3     14   2.31    280     13  308.4  316.0  308.9
  823.0   1805   18.6   -9.4     14   2.29    280     13  308.4  316.0  308.9
  784.0   2219   15.8  -13.2     12   1.77    273     12  309.8  315.7  310.1
  762.0   2460   13.2    4.2     54   6.83    269     12  309.5  330.8  310.8
  740.0   2706   11.6    4.6     62   7.23    265     11  310.3  332.9  311.7
  729.0   2831   10.8    4.8     66   7.45    284     11  310.8  334.1  312.2
  725.0   2877   10.8    2.8     58   6.50    291     10  311.3  331.7  312.5
  714.0   3005   11.0    3.6     60   6.97    310     10  312.9  334.9  314.2
  705.0   3111   11.2    4.2     62   7.39    323      8  314.2  337.6  315.6
  700.0   3171   10.8    3.8     62   7.23    330      7  314.4  337.4  315.8
  689.0   3302    9.9    3.1     63   6.99    325      3  314.8  337.1  316.2
  665.0   3596    7.9    1.5     64   6.46    105      2  315.8  336.5  317.0
  643.0   3874    6.0    0.0     65   5.99    146      2  316.7  336.0  317.8
  641.0   3900    6.0   -1.0     61   5.57    150      2  316.9  335.0  318.0
  623.0   4133    5.6  -10.4     31   2.79     45      6  319.1  328.6  319.6
  618.0   4199    5.0   -8.4     37   3.29     15      7  319.1  330.1  319.7
  606.0   4359    3.4   -3.6     60   4.86      7      6  319.1  335.1  320.0
  596.0   4494    2.7   -4.3     60   4.71      0      6  319.9  335.4  320.8
  585.0   4645    2.0   -5.0     60   4.53     15      5  320.7  335.7  321.6
  575.0   4784    2.4  -15.6     25   1.98     29      4  322.8  329.7  323.1
  574.0   4798    2.4  -17.8     21   1.65     30      4  322.9  328.7  323.2
  570.0   4855    2.2  -26.8     10   0.75     34      5  323.3  326.1  323.5
  553.0   5098    0.8  -24.3     13   0.97     50      7  324.4  328.0  324.6
  544.0   5230    0.0  -23.0     16   1.11     49      8  325.1  329.1  325.3
  542.0   5260   -0.1  -26.1     12   0.84     49      8  325.3  328.4  325.4
  540.0   5289   -0.5  -23.5     16   1.07     48      8  325.1  329.1  325.4
  539.0   5304   -0.7  -12.7     40   2.69     48      8  325.1  334.4  325.6
  538.0   5319   -0.7  -14.7     34   2.28     48      8  325.2  333.2  325.7
  526.0   5499   -1.7  -16.7     31   1.98     47     10  326.1  333.1  326.5
  517.0   5636   -2.9  -17.9     30   1.82     46     11  326.3  332.8  326.7
  513.0   5697   -3.5  -15.0     41   2.34     45     11  326.3  334.5  326.8
  508.0   5775   -4.3  -11.3     58   3.19     37     11  326.2  337.2  326.9
  500.0   5900   -5.3  -10.3     68   3.51     25     11  326.5  338.6  327.2
  494.0   5995   -6.0  -10.6     70   3.47     20     11  326.8  338.7  327.5
  475.0   6302   -8.3  -11.6     77   3.33     25     10  327.6  339.1  328.3
  465.0   6468   -7.7  -16.7     48   2.24     64      7  330.4  338.4  330.8
  457.0   6603   -8.6  -16.8     52   2.26     95      4  330.9  339.0  331.4
  445.0   6810   -9.9  -16.9     57   2.30     88      2  331.8  340.0  332.2
  441.0   6880   -9.5  -17.5     52   2.21     86      1  333.1  341.1  333.6
  440.0   6898   -9.6  -17.6     52   2.19     85      1  333.2  341.1  333.6
  423.0   7202  -11.7  -19.6     52   1.91     50      3  334.4  341.4  334.8
  421.0   7239  -11.9  -19.9     51   1.88     52      4  334.5  341.4  334.9
  415.0   7349  -12.3  -25.3     33   1.19     60      5  335.4  339.8  335.6
  407.0   7497  -13.5  -25.4     36   1.20     70      8  335.7  340.2  336.0
  400.0   7630  -14.5  -25.5     39   1.21     60     10  336.1  340.6  336.3
  391.0   7801  -16.2  -25.4     45   1.25     55     10  336.1  340.8  336.3
  385.0   7918  -17.3  -25.3     50   1.28     54     10  336.1  340.9  336.3
  376.0   8095  -18.3  -21.9     73   1.77     53      9  337.0  343.6  337.4
  346.0   8706  -22.6  -26.6     69   1.26     50      7  339.4  344.1  339.6
  328.0   9099  -25.3  -29.7     67   1.00    139      7  340.8  344.7  341.0
  319.0   9299  -26.9  -30.9     69   0.92    185      7  341.4  344.9  341.6
  300.0   9740  -30.3  -33.4     74   0.77    165      8  342.6  345.6  342.7
  269.0  10500  -36.3  -39.4     73   0.47    140      7  344.7  346.6  344.8
  258.0  10792  -38.6  -41.7     72   0.38    145     12  345.4  347.0  345.5
  252.0  10956  -39.9  -43.0     72   0.34    138     13  345.8  347.2  345.9
  250.0  11010  -40.3                         135     13  346.0         346.0
  215.0  12004  -49.1                         115     17  347.6         347.6
  200.0  12480  -53.3                         110     20  348.2         348.2
  150.0  14270  -68.3                         100     45  352.2         352.2
  143.0  14553  -70.7                         102     48  352.9         352.9
  132.0  15013  -74.4                         105     52  354.4         354.4
  114.0  15854  -81.3                          97     59  356.8         356.8
  100.0  16580  -84.1                          90     65  365.0         365.0
   96.0  16805  -85.3                          85     58  366.9         366.9
   92.9  16989  -78.9                          67     37  383.0         383.0
   91.0  17108  -77.2                          55     24  388.6         388.6
   88.2  17287  -74.7                                     397.1         397.1
