-----------------------------------------------------------------------------
   PRES   HGHT   TEMP   DWPT   RELH   MIXR   DRCT   SKNT   THTA   THTE   THTV
    hPa     m      C      C      %    g/kg    deg   knot     K      K      K 
-----------------------------------------------------------------------------
 1009.0     12   29.0   24.7     78  19.88    350      8  301.4  360.3  304.9
 1008.0     21   30.6   23.6     66  18.59    356      7  303.1  358.5  306.4
 1006.0     39   29.2   21.2     62  16.03      7      6  301.8  349.4  304.7
 1000.0     93   28.8   21.8     66  16.75     40      1  301.9  351.6  305.0
  977.0    300   26.6   20.4     68  15.67    320      6  301.8  348.2  304.6
  968.0    382   25.8   19.8     69  15.26    323      6  301.7  346.9  304.5
  944.0    604   24.5   19.0     72  14.90    330      7  302.6  346.9  305.3
  925.0    783   23.4   18.4     74  14.62    310     10  303.2  346.8  305.9
  882.0   1197   20.8   16.3     75  13.36    270      6  304.7  344.8  307.1
  850.0   1519   18.8   14.6     77  12.44    265      9  305.8  343.4  308.1
  832.0   1703   17.4   14.3     82  12.47    258      9  306.2  343.9  308.5
  801.0   2029   17.0   11.0     68  10.39    247      9  309.1  341.1  311.1
  758.0   2500   14.4    6.4     59   8.01    230     10  311.2  336.3  312.7
  742.0   2680   13.0    8.7     75   9.60    223     10  311.6  341.5  313.4
  700.0   3170   10.4    4.4     66   7.55    205     10  314.0  337.8  315.4
  689.0   3301    9.5    4.1     69   7.49    200      9  314.4  338.2  315.8
  673.0   3496    8.2    3.6     73   7.42    182      8  315.1  338.6  316.5
  637.0   3949    6.2   -2.8     53   4.91    139      7  317.8  333.8  318.7
  626.0   4091    5.4   -6.6     42   3.75    125      6  318.4  330.9  319.2
  618.0   4196    4.6   -8.1     39   3.39    115      6  318.7  330.0  319.4
  614.0   4249    4.2   -8.8     38   3.22     88      5  318.8  329.6  319.4
  610.0   4302    3.8  -11.2     33   2.68     60      5  319.0  328.0  319.5
  605.0   4369    3.4  -10.6     35   2.83     25      4  319.2  328.8  319.8
  603.0   4395    3.2   -3.8     60   4.81     11      4  319.3  335.2  320.2
  595.0   4503    2.5   -3.5     64   4.97    315      3  319.7  336.1  320.7
  574.0   4793    0.6   -2.9     78   5.42    350      4  320.8  338.6  321.8
  568.0   4877    0.0   -2.7     82   5.55    356      5  321.1  339.3  322.1
  553.0   5091   -1.1   -3.5     84   5.37     10      8  322.2  339.9  323.2
  546.0   5193   -1.7   -3.9     85   5.28     25     10  322.7  340.2  323.7
  532.0   5399   -2.5   -6.2     76   4.55     55     14  324.1  339.4  325.0
  526.0   5489   -2.9   -7.2     72   4.26     57     14  324.7  339.1  325.5
  518.0   5611   -2.9  -10.9     54   3.23     59     14  326.1  337.3  326.8
  516.0   5641   -3.1  -10.1     58   3.46     60     14  326.2  338.1  326.9
  512.0   5703   -3.3  -15.3     39   2.28     61     15  326.7  334.8  327.2
  511.0   5718   -3.1  -21.1     23   1.40     61     15  327.1  332.2  327.4
  510.0   5734   -3.3  -14.3     42   2.49     62     15  327.1  335.8  327.6
  506.0   5796   -3.1  -23.1     20   1.18     63     15  328.1  332.4  328.3
  500.0   5890   -3.9  -18.9     30   1.73     65     15  328.2  334.4  328.6
  494.0   5985   -5.0  -15.3     44   2.37     65     12  328.1  336.4  328.5
  491.0   6034   -5.5  -13.5     53   2.76     69     12  328.0  337.6  328.5
  477.0   6261   -5.9  -20.9     30   1.52     86     12  330.2  335.8  330.5
  453.0   6665   -9.3  -25.3     26   1.09    118     11  330.8  334.9  331.1
  439.0   6908  -11.1  -20.1     47   1.78    137     10  331.5  338.0  331.9
  423.0   7193  -12.7  -22.9     42   1.44    160     10  333.1  338.4  333.4
  413.0   7377  -13.7  -24.7     39   1.26    163      8  334.0  338.7  334.3
  406.0   7507  -14.9  -24.3     45   1.33    165      6  334.1  339.1  334.4
  400.0   7620  -15.9  -23.9     50   1.40    130      4  334.2  339.4  334.5
  399.0   7639  -15.9  -23.9     50   1.40    121      4  334.5  339.7  334.8
  391.0   7792  -16.9  -25.9     46   1.19     45      3  335.1  339.6  335.4
  390.0   7811  -17.1  -23.1     60   1.54     44      3  335.1  340.8  335.4
  389.0   7831  -17.1  -23.1     60   1.54     43      4  335.3  341.1  335.6
  386.0   7889  -16.9  -30.9     29   0.76     39      5  336.3  339.3  336.5
  375.0   8104  -18.6  -32.3     29   0.68     25     10  336.9  339.6  337.1
  360.0   8409  -20.9  -34.2     29   0.59     35      3  337.8  340.1  337.9
  350.0   8618  -22.5  -35.5     30   0.53    288      2  338.3  340.4  338.4
  346.0   8703  -22.9  -36.9     27   0.47    245      2  338.9  340.8  339.0
  332.0   9006  -24.3  -41.7     18   0.30    275      6  341.0  342.2  341.1
  326.0   9139  -24.9  -43.9     15   0.24    272      6  342.0  343.0  342.0
  306.0   9597  -28.6  -43.0     24   0.28    260      8  343.1  344.2  343.1
  300.0   9740  -29.7  -42.7     27   0.30    265      8  343.4  344.6  343.5
  281.0  10196  -33.1  -46.5     25   0.21    285     10  344.9  345.8  345.0
  269.0  10500  -35.4  -49.0     24   0.16    325     10  345.9  346.6  345.9
  258.0  10791  -37.6  -51.5     22   0.13    340      9  346.8  347.4  346.9
  250.0  11010  -39.3  -53.3     21   0.11      0     10  347.5  348.0  347.5
  247.0  11092  -39.9  -52.9     24   0.11      5     11  347.8  348.3  347.8
  236.0  11394  -42.5                           0     10  348.4         348.4
  226.0  11681  -45.0                         350      8  349.0         349.0
  216.0  11980  -47.5                          25      4  349.6         349.6
  206.0  12294  -50.2                          90      5  350.1         350.1
  200.0  12490  -51.9                         100      6  350.4         350.4
  197.0  12586  -52.8                         110      7  350.5         350.5
  179.0  13198  -58.4                          90     10  351.1         351.1
  175.0  13342  -59.7                          96     11  351.2         351.2
  155.0  14088  -66.0                         130     19  352.9         352.9
  150.0  14290  -67.7                         115     24  353.3         353.3
  144.0  14534  -69.7                         103     29  353.9         353.9
  140.0  14699  -71.2                          95     32  354.2         354.2
  132.0  15045  -74.3                          93     34  354.6         354.6
  126.0  15313  -76.9                          92     35  354.7         354.7
  122.0  15498  -78.3                          91     36  355.4         355.4
  120.0  15592  -77.1                          90     36  359.3         359.3
  118.0  15689  -75.9                          94     35  363.2         363.2
  102.0  16517  -80.3                         130     28  370.2         370.2
  100.0  16630  -80.9                         125     29  371.2         371.2
   87.0  17410  -83.8                          55     14  380.4         380.4
   84.3  17587  -84.5                           0      7  382.4         382.4
   83.0  17674  -83.5                         340      7  386.2         386.2
   79.3  17930  -80.5                          42      6  397.4         397.4
   78.0  18024  -80.4                          65      6  399.6         399.6
   74.0  18323  -79.9                          85      6  406.6         406.6
   72.0  18479  -79.7                          14      6  410.2         410.2
   70.0  18640  -77.7                         300      6  417.8         417.8
   67.0  18892  -75.5                         310     14  428.0         428.0
   66.8  18909  -75.3                         309     14  428.7         428.7
   62.2  19320  -77.5                         284     13  432.6         432.6
   57.0  19820  -77.3                         254     11  444.0         444.0
   54.0  20134  -75.3                         235     10  455.5         455.5
   52.0  20353  -73.9                         150      9  463.6         463.6
   50.0  20580  -72.5                         140      9  472.2         472.2
   47.5  20880  -72.5                         128     14  479.2         479.2
   44.4  21279  -67.1                         113     20  501.7         501.7
   42.0  21613  -66.4                         100     25  511.5         511.5
   41.8  21642  -66.3                         100     25  512.4         512.4
   40.0  21909  -64.0                          95     25  524.6         524.6
   39.3  22016  -63.1                          85     22  529.6         529.6
   38.0  22225  -59.0                          65     17  545.2         545.2
   37.3  22340  -56.7                          12     14  553.9         553.9
   36.0  22564  -56.8                         270      9  559.4         559.4
   33.0  23112  -56.9                         225     14  573.2         573.2
   32.0  23306  -56.9                         228     13  578.2         578.2
   30.0  23710  -59.1                         235     10  582.9         582.9
   28.0  24140  -60.9                         230     15  589.5         589.5
   27.0  24366  -60.7                         220     19  596.2         596.2
   25.6  24698  -60.5                         180     27  606.0         606.0
   24.2  25048  -59.5                         138     36  618.7         618.7
   23.0  25370  -56.2                         100     44  637.4         637.4
   22.4  25537  -54.5                          96     45  647.3         647.3
   21.1  25922  -51.5                          88     48  667.5         667.5
   20.0  26270  -51.1                          80     51  679.0         679.0
   19.0  26602  -51.8                          90     53  686.8         686.8
   17.1  27283  -53.3                          88     63  703.0         703.0
   16.1  27670  -54.1                          87     69  712.6         712.6
   14.0  28577  -49.1                          85     82  758.6         758.6
   13.5  28816  -48.9                          85     82  767.4         767.4
   10.2  30664  -46.9                          90     74  838.6         838.6
   10.0                                        90     73                     
