-----------------------------------------------------------------------------
   PRES   HGHT   TEMP   DWPT   RELH   MIXR   DRCT   SKNT   THTA   THTE   THTV
    hPa     m      C      C      %    g/kg    deg   knot     K      K      K 
-----------------------------------------------------------------------------
 1007.0     12   29.4   24.9     77  20.17    350      8  301.9  361.8  305.6
 1000.0     78   28.6   22.6     70  17.61    300      3  301.8  353.9  304.9
  943.0    597   24.0   20.6     81  16.55    330      9  302.2  351.3  305.2
  933.0    691   23.2   20.3     84  16.36    322      8  302.3  350.8  305.2
  925.0    767   23.6   20.6     83  16.82    315      8  303.4  353.6  306.5
  911.0    900   22.4   20.0     86  16.41    295      7  303.5  352.5  306.5
  890.0   1104   20.6   19.0     91  15.80    312      6  303.7  350.9  306.6
  880.0   1203   20.7   18.3     86  15.24    320      6  304.8  350.4  307.5
  862.0   1382   20.8   16.9     78  14.26    299      5  306.7  349.8  309.3
  850.0   1504   20.4   15.9     75  13.55    285      5  307.5  348.7  310.0
  821.0   1800   18.4   14.7     79  12.93    280      2  308.4  347.9  310.8
  793.0   2096   16.4   13.4     83  12.33    340      4  309.4  347.1  311.6
  766.0   2391   14.4   12.1     87  11.75      5      6  310.3  346.4  312.4
  738.0   2709   12.2   10.8     91  11.14     22      7  311.2  345.7  313.3
  737.0   2720   12.8    9.5     80  10.21     22      7  312.0  343.8  313.9
  736.0   2732   13.6    7.6     67   8.98     23      7  313.0  341.1  314.7
  718.0   2940   13.8    0.8     41   5.68     34      7  315.4  333.7  316.5
  708.0   3059   12.8    7.8     72   9.46     40      8  315.6  345.5  317.4
  700.0   3154   12.2    8.5     78  10.05     45      8  316.0  347.7  317.9
  688.0   3298   11.5    7.1     75   9.30     45      5  316.7  346.3  318.5
  664.0   3593   10.0    4.3     68   7.91    235      4  318.3  343.7  319.8
  640.0   3899    8.5    1.4     61   6.66    215      6  319.9  341.6  321.2
  624.0   4109    7.4   -0.6     57   5.90    229      5  321.0  340.4  322.2
  595.0   4496    4.6   -2.2     61   5.48    255      3  322.1  340.3  323.2
  574.0   4788    2.4   -3.5     65   5.18     55      2  322.9  340.2  324.0
  551.0   5120    0.0   -4.9     70   4.85     33      4  323.9  340.1  324.8
  532.0   5398   -1.9   -7.2     67   4.21     15      5  324.8  339.1  325.7
  500.0   5890   -5.3  -11.3     63   3.24     55      8  326.5  337.7  327.1
  496.0   5953   -5.5  -12.5     58   2.97     58      9  327.0  337.3  327.6
  475.0   6292   -7.5  -10.1     81   3.75     75     17  328.6  341.5  329.4
  473.0   6325   -7.7   -9.9     84   3.83     75     17  328.8  342.0  329.5
  448.0   6748   -8.3  -18.3     44   2.03     79     13  333.1  340.5  333.6
  439.0   6905   -8.9  -21.5     35   1.57     80     12  334.3  340.1  334.6
  434.0   6994   -9.3  -23.3     31   1.36     77     12  334.9  340.0  335.2
  411.0   7413  -12.5  -22.5     43   1.54     62     12  336.0  341.8  336.4
  407.0   7488  -13.1  -22.1     47   1.61     60     12  336.2  342.2  336.5
  406.0   7506  -13.3  -20.3     56   1.89     59     12  336.2  343.1  336.6
  403.0   7563  -12.9  -22.9     43   1.51     57     12  337.4  343.1  337.7
  400.0   7620  -13.3  -24.3     39   1.35     55     12  337.6  342.7  337.9
  390.0   7809  -14.7  -25.0     41   1.29     45     10  338.2  343.1  338.5
  361.0   8387  -19.0  -27.3     48   1.14    100      6  340.0  344.4  340.2
  344.0   8748  -21.7  -28.7     53   1.05    117      7  341.1  345.1  341.3
  340.0   8834  -22.1  -32.1     40   0.77    121      7  341.7  344.7  341.8
  332.0   9007  -23.5  -32.0     46   0.79    130      7  342.1  345.2  342.3
  306.0   9598  -28.3  -31.7     73   0.88    110     12  343.4  346.9  343.6
  305.0   9622  -28.5  -31.7     74   0.89    111     12  343.5  347.0  343.6
  300.0   9740  -29.5  -32.6     74   0.83    115     14  343.7  346.9  343.9
  281.0  10206  -32.9  -38.9     55   0.47    121     13  345.3  347.2  345.4
  270.0  10484  -35.1  -40.8     56   0.40    125     13  346.0  347.6  346.1
  250.0  11020  -39.5  -44.5     59   0.29     95     22  347.2  348.4  347.3
  248.0  11075  -40.1  -44.8     61   0.29     95     22  347.1  348.3  347.2
  247.0  11101  -40.3                          95     22  347.2         347.2
  200.0  12500  -51.9                          90     24  350.4         350.4
  188.0  12887  -55.2                          85     29  351.4         351.4
  150.0  14300  -67.1                          90     52  354.3         354.3
  148.0  14378  -67.7                          90     53  354.7         354.7
  127.0  15265  -74.0                          90     58  359.1         359.1
  103.0  16479  -82.7                         115     46  364.6         364.6
  102.0  16536  -83.1                                     364.9         364.9
