-----------------------------------------------------------------------------
   PRES   HGHT   TEMP   DWPT   RELH   MIXR   DRCT   SKNT   THTA   THTE   THTV
    hPa     m      C      C      %    g/kg    deg   knot     K      K      K 
-----------------------------------------------------------------------------
 1009.0     12   29.0   23.0     70  17.89    100     17  301.4  354.3  304.6
 1007.0     31   29.8   20.8     59  15.61     75     16  302.4  348.8  305.2
 1000.0     96   29.4   20.4     58  15.33    345     12  302.6  348.1  305.3
  977.0    303   27.8   18.8     58  14.17    335     19  302.9  345.2  305.5
  925.0    790   24.0   15.0     57  11.72    330     24  303.8  339.0  306.0
  902.0   1009   21.6   14.6     64  11.71    327     25  303.6  338.6  305.7
  882.0   1202   21.1   11.3     54   9.64    325     25  304.9  334.1  306.7
  880.0   1222   21.0   11.0     53   9.45    323     25  305.1  333.7  306.8
  850.0   1520   19.4   14.4     73  12.28    295     19  306.4  343.6  308.7
  823.0   1798   17.3   12.8     74  11.37    270     18  307.1  341.7  309.2
  811.0   1924   16.4   12.0     75  10.98    276     18  307.4  340.9  309.4
  795.0   2094   15.9   11.0     73  10.50    285     18  308.6  340.8  310.6
  759.0   2489   14.8    8.8     67   9.45    269     18  311.6  340.9  313.3
  700.0   3172   10.6    3.6     62   7.13    240     17  314.2  336.8  315.5
  692.0   3268   10.0    4.0     66   7.42    236     18  314.6  338.1  316.0
  689.0   3304    9.9    3.8     66   7.35    235     18  314.8  338.2  316.2
  658.0   3686    8.8    1.8     61   6.67    245     17  317.8  339.3  319.1
  596.0   4496    2.6   -4.4     60   4.67    265     15  319.7  335.1  320.6
  590.0   4579    2.0   -5.0     60   4.49                319.9  334.8  320.8
