-----------------------------------------------------------------------------
   PRES   HGHT   TEMP   DWPT   RELH   MIXR   DRCT   SKNT   THTA   THTE   THTV
    hPa     m      C      C      %    g/kg    deg   knot     K      K      K 
-----------------------------------------------------------------------------
 1012.0     12   27.6   23.4     78  18.28    295      8  299.7  353.4  303.0
 1011.0     21   29.0   19.0     55  13.87    303      8  301.2  342.3  303.7
 1010.0     30   29.4   19.4     55  14.25    311      7  301.7  343.9  304.3
 1000.0    121   28.2   19.2     58  14.21     30      3  301.4  343.4  303.9
  980.0    299   26.6   18.9     63  14.22    335      4  301.5  343.6  304.1
  925.0    806   22.0   18.0     78  14.24    335     13  301.8  344.0  304.4
  924.0    815   21.8   17.9     79  14.17    334     13  301.7  343.7  304.2
  915.0    901   21.2   17.7     80  14.11    325     14  301.9  343.8  304.5
  899.0   1055   20.2   17.3     83  14.02    313     14  302.4  344.1  304.9
  891.0   1133   21.2   16.2     73  13.17    308     14  304.2  343.7  306.6
  854.0   1502   18.1   13.9     77  11.86    280     15  304.7  340.4  306.9
  850.0   1543   17.8   13.7     77  11.72    280     15  304.8  340.1  306.9
  819.0   1859   15.4   12.3     82  11.09    267     14  305.5  339.0  307.5
  813.0   1921   15.0   11.8     81  10.81    265     13  305.7  338.4  307.7
  803.0   2026   16.8    8.8     59   8.93    260     13  308.7  336.2  310.4
  771.0   2371   15.6    5.6     51   7.45    246     11  311.0  334.3  312.4
  768.0   2403   15.4    5.3     51   7.32    245     11  311.2  334.1  312.5
  742.0   2692   13.8    2.6     47   6.25    265      9  312.5  332.3  313.6
  715.0   3002   12.0   -0.3     43   5.25    255      4  313.8  330.7  314.8
  700.0   3180   11.0   -2.0     40   4.74    290      6  314.6  330.0  315.5
  690.0   3300   10.3   -3.3     38   4.36    295      8  315.1  329.3  316.0
  667.0   3581    8.6   -6.4     34   3.57    281      8  316.3  328.1  317.0
  657.0   3706    7.8   -0.2     57   5.77    275      8  316.8  335.4  317.9
  632.0   4025    5.6   -0.4     65   5.92    259      7  317.8  337.0  318.9
  619.0   4195    4.1   -1.0     70   5.80    250      7  318.0  336.8  319.1
  618.0   4209    4.0   -1.0     70   5.79    250      7  318.0  336.8  319.1
  609.0   4328    3.2   -1.8     70   5.54    252      6  318.4  336.5  319.5
  606.0   4368    3.2   -2.8     65   5.16    253      5  318.9  335.8  319.9
  603.0   4408    3.2   -3.8     60   4.81    253      5  319.3  335.2  320.2
  602.0   4422    3.2   -3.8     60   4.82    254      5  319.5  335.4  320.4
  601.0   4435    3.8   -8.2     41   3.45    254      5  320.3  331.9  321.0
  596.0   4503    4.2   -8.8     38   3.32    255      4  321.6  332.8  322.2
  587.0   4627    3.4  -13.6     28   2.29    300      4  322.0  329.9  322.5
  579.0   4738    2.6   -5.4     56   4.44    340      3  322.4  337.2  323.2
  575.0   4794    2.3   -5.7     55   4.36      0      3  322.6  337.2  323.4
  567.0   4908    1.6   -6.4     55   4.20     19      3  323.1  337.2  323.9
  565.0   4936    1.4   -4.6     64   4.84     24      3  323.2  339.4  324.1
  563.0   4965    1.2   -5.8     60   4.43     28      2  323.3  338.1  324.1
  560.0   5008    1.6  -11.4     37   2.87     36      2  324.2  334.1  324.8
  559.0   5022    1.6  -15.4     27   2.08     38      2  324.4  331.7  324.8
  554.0   5094    1.0  -14.5     30   2.26     50      2  324.5  332.4  325.0
  546.0   5211    0.0  -13.0     37   2.59     29      3  324.7  333.7  325.2
  533.0   5404   -1.8   -9.6     55   3.47    355      5  324.8  336.6  325.5
  531.0   5434   -2.1   -9.1     59   3.64    358      5  324.8  337.2  325.5
  514.0   5691   -3.7  -10.2     61   3.45     25      4  325.9  337.7  326.5
  500.0   5910   -5.1  -11.1     63   3.29     40      6  326.8  338.1  327.4
  476.0   6295   -6.8  -14.6     54   2.60     40     10  329.3  338.5  329.9
  474.0   6327   -6.9  -14.9     53   2.55     44      9  329.6  338.6  330.1
  459.0   6577   -8.9  -14.9     62   2.64     73      5  330.1  339.4  330.6
  458.0   6594   -9.0  -14.6     64   2.71     75      5  330.2  339.7  330.7
  455.0   6645   -9.3  -13.7     70   2.93     48      4  330.4  340.7  331.0
  452.0   6696   -9.3  -15.3     62   2.59     21      4  331.1  340.2  331.6
  441.0   6886  -10.1  -21.2     40   1.60    280      2  332.3  338.2  332.6
  439.0   6921  -10.3  -22.3     37   1.47    293      2  332.6  337.9  332.9
  424.0   7186  -11.8  -23.4     37   1.37     35      5  334.0  339.1  334.2
  407.0   7498  -13.6  -24.7     38   1.27     65     14  335.6  340.4  335.9
  400.0   7630  -14.3  -25.3     39   1.23     65     15  336.3  340.9  336.6
  394.0   7745  -14.7  -23.7     46   1.44     67     14  337.2  342.6  337.5
  376.0   8093  -17.5  -25.1     51   1.33     75      9  338.1  343.1  338.3
  361.0   8397  -20.0  -26.4     57   1.23    160      2  338.7  343.4  339.0
  347.0   8692  -22.3  -27.6     62   1.15    180      4  339.4  343.8  339.6
  337.0   8910  -24.1  -28.5     67   1.09    169      5  339.8  344.0  340.0
  320.0   9286  -26.9  -30.2     74   0.98    150      7  341.0  344.8  341.2
  307.0   9584  -29.0  -34.6     58   0.66    155      5  342.2  344.8  342.3
  300.0   9750  -30.1  -37.1     50   0.53    140      4  342.8  345.0  342.9
  299.0   9774  -30.1  -37.1     50   0.53    138      4  343.2  345.3  343.3
  282.0  10182  -33.6  -40.2     51   0.41    105      6  343.9  345.6  344.0
  253.0  10939  -40.1  -46.1     53   0.24    110     11  345.1  346.2  345.2
  250.0  11020  -40.9                         110     12  345.1         345.1
  200.0  12500  -53.1                         120     26  348.5         348.5
  197.0  12595  -53.9                         120     28  348.8         348.8
  165.0  13711  -63.3                         100     37  351.1         351.1
  150.0  14290  -68.5                          90     42  351.9         351.9
  147.0  14409  -69.4                          95     43  352.4         352.4
  132.0  15042  -74.3                          91     53  354.6         354.6
  118.0  15684  -79.5                          86     64  356.6         356.6
  114.0  15878  -80.9                          85     67  357.5         357.5
  112.0  15977  -81.3                          88     61  358.6         358.6
  100.0  16620  -75.7                         105     26  381.2         381.2
   92.0  17100  -77.6                         115      8  386.7         386.7
   90.6  17188  -77.9                         152      8  387.8         387.8
   87.0  17422  -76.3                         250      7  395.6         395.6
   83.7  17645  -74.7                         276     11  403.1         403.1
   82.6  17721  -77.1                         285     12  399.8         399.8
   80.9  17842  -74.9                         299     15  406.7         406.7
   79.0  17978  -77.5                         315     17  404.0         404.0
   77.6  18081  -79.5                         310     21  402.0         402.0
   75.0  18274  -80.3                         300     28  404.3         404.3
   74.9  18281  -80.3                         300     28  404.4         404.4
   71.8  18523  -74.9                         297     19  420.8         420.8
   70.3  18645  -77.1                         295     15  418.6         418.6
   70.0  18670  -77.1                         295     14  419.1         419.1
   67.0  18923  -74.4                         300      5  430.3         430.3
   66.3  18983  -73.7                         294      5  433.1         433.1
   65.1  19089  -74.9                         284      6  432.7         432.7
   64.0  19189  -72.5                         275      6  440.0         440.0
   62.8  19300  -69.9                         257      4  448.2         448.2
   62.2  19356  -72.1                         248      3  444.6         444.6
   61.0  19471  -70.8                         230      1  450.0         450.0
   59.9  19579  -69.5                         181      2  455.2         455.2
   58.8  19688  -71.7                         132      4  452.7         452.7
   58.0  19769  -72.0                          95      5  453.8         453.8
   57.6  19809  -72.1                          97      6  454.4         454.4
   57.1  19861  -69.7                          99      6  461.0         461.0
   55.0  20083  -69.3                         110     10  466.9         466.9
   54.0  20192  -69.1                          96     10  469.8         469.8
   51.0  20538  -62.5                          51      9  493.0         493.0
   50.2  20635  -61.5                          38      9  497.6         497.6
   50.0  20660  -61.5                          35      9  498.1         498.1
   49.9  20672  -62.5                          36      9  496.1         496.1
   47.5  20975  -63.9                          68     10  499.8         499.8
   47.0  21040  -63.5                          75     10  502.2         502.2
   46.2  21145  -65.1                          79     12  500.8         500.8
   45.5  21238  -64.9                          83     15  503.5         503.5
   44.7  21346  -64.7                          88     17  506.6         506.6
   44.3  21401  -62.7                          90     18  512.7         512.7
   43.2  21556  -62.5                          97     22  516.9         516.9
   42.6  21642  -65.1                         100     24  512.6         512.6
   41.4  21816  -63.3                         108     28  521.3         521.3
   41.0  21876  -63.6                         110     29  521.9         521.9
   39.1  22165  -65.3                         101     26  524.8         524.8
   37.6  22405  -62.1                          93     23  538.9         538.9
   37.0  22504  -62.2                          90     22  541.2         541.2
   35.9  22691  -62.3                          74     15  545.5         545.5
   35.1  22830  -61.1                          62     11  552.2         552.2
   35.0  22848  -61.1                          60     10  552.6         552.6
   34.2  22991  -61.1                         124      5  556.3         556.3
   34.0  23028  -61.0                         140      4  557.6         557.6
   32.9  23232  -60.1                         119      8  565.1         565.1
   32.8  23251  -58.1                         117      8  570.9         570.9
   32.3  23347  -60.7                         107     10  566.5         566.5
   31.0  23604  -59.4                          80     15  576.7         576.7
   30.9  23624  -59.3                          80     15  577.5         577.5
   30.2  23768  -56.7                          80     14  588.4         588.4
   30.0  23810  -56.3                          80     14  590.6         590.6
   28.6  24113  -57.3                          83     17  595.9         595.9
   28.0  24247  -56.6                          85     19  601.4         601.4
   27.0  24478  -55.5                          60     18  610.8         610.8
   26.8  24525  -55.3                          61     18  612.7         612.7
   26.7  24549  -54.1                          61     18  616.8         616.8
   25.8  24768  -56.7                          66     18  615.4         615.4
   25.0  24968  -55.7                          70     18  623.9         623.9
   24.0  25225  -59.0                          75     18  621.7         621.7
   23.9  25252  -59.3                          78     18  621.5         621.5
   23.0  25493  -57.7                         110     18  633.1         633.1
   22.9  25520  -57.5                         110     19  634.4         634.4
   22.7  25576  -58.7                         111     21  632.5         632.5
   22.0  25773  -57.5                         115     29  641.7         641.7
   21.3  25978  -56.3                         105     42  651.3         651.3
   21.0  26068  -55.6                         100     47  656.0         656.0
   20.0  26380  -53.3                          80     49  672.3         672.3
