-----------------------------------------------------------------------------
   PRES   HGHT   TEMP   DWPT   RELH   MIXR   DRCT   SKNT   THTA   THTE   THTV
    hPa     m      C      C      %    g/kg    deg   knot     K      K      K 
-----------------------------------------------------------------------------
 1009.0     12   29.8   24.8     75  20.00    310      8  302.2  361.6  305.8
 1000.0     97   28.6   22.6     70  17.61    320      5  301.8  353.9  304.9
  961.0    450   25.4   21.1     77  16.69    328     10  302.0  351.4  305.0
  925.0    786   24.0   18.0     69  14.24    335     14  303.8  346.4  306.4
  913.0    900   23.6   16.8     65  13.33    330     13  304.6  344.6  307.0
  883.0   1191   22.6   13.6     57  11.20    291     10  306.4  340.5  308.5
  852.0   1501   20.4   11.3     56  10.00    250      7  307.2  337.8  309.1
  850.0   1521   20.2   11.2     56   9.92    250      8  307.3  337.6  309.1
  823.0   1799   17.9   10.7     63   9.92    270      7  307.7  338.0  309.5
  806.0   1979   16.4   10.4     68   9.92    300      6  307.9  338.3  309.8
  795.0   2096   15.9    9.7     66   9.58    320      6  308.6  338.1  310.4
  761.0   2469   14.4    7.4     63   8.56    308      7  310.9  337.5  312.5
  760.0   2480   14.2    7.2     63   8.45    308      7  310.8  337.1  312.4
  757.0   2513   14.4    8.4     67   9.22    307      8  311.4  340.0  313.1
  748.0   2615   15.4    0.4     36   5.29    303      8  313.5  330.5  314.5
  735.0   2764   14.4   -3.6     29   4.01    298      8  314.0  327.0  314.8
  723.0   2903   13.4   -5.6     26   3.50    294      9  314.4  325.9  315.0
  708.0   3080   11.8    2.8     54   6.66    288     10  314.5  335.7  315.8
  700.0   3175   11.4    1.4     50   6.09    285     10  315.1  334.6  316.2
  689.0   3307   10.6   -1.4     43   5.04    283     11  315.6  331.9  316.6
  677.0   3453    9.8   -3.2     40   4.48    281     11  316.3  331.0  317.2
  668.0   3564    9.2    2.2     62   6.76    279     12  316.9  338.6  318.1
  635.0   3983    8.4    0.4     57   6.24    273     14  320.6  341.0  321.8
  619.0   4193    6.7   -0.3     61   6.06    270     15  321.0  340.8  322.1
  618.0   4207    6.6   -0.4     61   6.05    270     15  321.0  340.8  322.2
  611.0   4300    6.0   -3.0     52   5.05    274     14  321.3  338.1  322.3
  603.0   4408    6.0  -14.0     22   2.16    277     13  322.6  330.1  323.0
  575.0   4794    3.1  -11.5     33   2.77    290      8  323.5  333.1  324.1
  567.0   4907    2.2  -10.8     38   2.97    302      8  323.8  334.0  324.4
  545.0   5225    0.0   -6.0     64   4.51    336      7  324.9  340.1  325.8
  533.0   5403   -1.0   -8.1     59   3.93    355      6  325.7  339.1  326.5
  514.0   5691   -2.7  -11.4     51   3.13    305      7  327.1  337.9  327.7
  510.0   5754   -3.1  -12.1     50   2.98    299      7  327.3  337.7  327.9
  500.0   5910   -3.9  -10.9     58   3.35    285      7  328.2  339.8  328.9
  495.0   5989   -4.5  -11.2     60   3.32    280      6  328.5  340.0  329.1
  484.0   6165   -5.7  -11.7     63   3.24    309      7  329.1  340.4  329.7
  476.0   6295   -6.2  -14.9     50   2.54    330      7  330.0  339.0  330.5
  475.0   6312   -6.3  -15.3     49   2.46    332      7  330.1  338.8  330.6
  459.0   6578   -7.9  -17.9     45   2.05    358      8  331.3  338.7  331.8
  458.0   6595   -8.1  -17.8     46   2.08      0      8  331.4  338.8  331.8
  442.0   6869  -10.7  -15.5     68   2.60     28     11  331.4  340.6  331.9
  441.0   6887  -10.8  -15.6     68   2.59     30     11  331.5  340.7  332.0
  424.0   7187  -12.2  -16.9     67   2.40     15     12  333.5  342.1  334.0
  415.0   7351  -12.9  -17.7     67   2.31     20     12  334.6  342.9  335.1
  410.0   7443  -13.5  -19.5     61   2.00     23     12  335.0  342.3  335.4
  407.0   7499  -13.7  -20.3     58   1.88     25     12  335.4  342.3  335.8
  400.0   7630  -14.3  -22.3     51   1.61     20      9  336.3  342.3  336.6
  392.0   7783  -15.2  -24.9     43   1.30    355      5  337.1  342.0  337.3
  386.0   7900  -15.9  -26.9     38   1.10    318      4  337.7  341.9  337.9
  376.0   8097  -17.4  -26.1     47   1.22    255      3  338.2  342.8  338.4
  369.0   8238  -18.5  -25.5     54   1.31    271      3  338.6  343.5  338.8
  361.0   8401  -19.6  -28.6     45   1.01    290      2  339.2  343.1  339.4
  353.0   8568  -20.7  -31.7     37   0.77    296      4  339.9  342.9  340.1
  347.0   8694  -21.7  -32.7     36   0.71    300      5  340.2  343.1  340.4
  334.0   8975  -23.9  -34.9     36   0.59    272      6  341.0  343.3  341.1
  333.0   8997  -24.1  -34.8     37   0.60    270      6  341.0  343.4  341.1
  320.0   9286  -26.7  -32.7     57   0.77     55      5  341.3  344.3  341.4
  308.0   9562  -28.7  -33.1     66   0.77     70     11  342.2  345.3  342.4
  304.0   9655  -29.3  -33.1     70   0.78     75     13  342.7  345.7  342.8
  301.0   9726  -29.3  -36.3     51   0.57     79     14  343.6  345.9  343.8
  300.0   9750  -29.5  -37.5     46   0.51     80     15  343.7  345.8  343.8
  258.0  10801  -37.9  -46.8     39   0.22    135      9  346.4  347.3  346.4
  250.0  11020  -39.7  -48.7     38   0.18    130     10  346.9  347.7  346.9
  249.0  11047  -40.1  -49.1     38   0.18    129     10  346.7  347.5  346.7
  216.0  11990  -48.0                          80     13  348.8         348.8
  200.0  12500  -52.3                          85     16  349.8         349.8
  155.0  14095  -65.9                         105     33  353.0         353.0
  150.0  14300  -67.7                         100     37  353.3         353.3
  131.0  15098  -74.7                          91     47  354.7         354.7
  120.0  15600  -78.9                          85     53  356.0         356.0
  116.0  15791  -80.1                          85     58  357.2         357.2
  114.0  15890  -79.2                          85     60  360.8         360.8
  107.0  16251  -75.7                          73     38  373.9         373.9
  103.0  16470  -75.9                          65     24  377.6         377.6
  100.0  16640  -76.1                          50     14  380.4         380.4
   97.0  16815  -76.9                          25      8  382.2         382.2
   92.0  17119  -78.2                         305      4  385.4         385.4
   88.0  17375  -79.4                         275     18  388.0         388.0
   82.9  17718  -80.9                         272     18  391.6         391.6
   79.0  17992  -80.7                         270     18  397.4         397.4
   75.0  18287  -80.5                         250     12  403.9         403.9
   71.8  18535  -80.3                         290      4  409.3         409.3
   71.0  18599  -80.1                         300      2  411.0         411.0
   70.0  18680  -79.9                         330      4  413.1         413.1
   67.8  18861  -79.3                         326      8  418.2         418.2
   67.0  18929  -78.3                         325     10  421.9         421.9
   64.0  19194  -74.3                         325      5  436.1         436.1
   61.4  19434  -70.7                         265      2  449.3         449.3
   61.0  19473  -70.6                         255      2  450.4         450.4
   58.0  19774  -69.7                         305      5  459.1         459.1
   55.0  20091  -68.7                         300      5  468.3         468.3
   52.0  20426  -67.6                          50      7  478.3         478.3
   50.0  20660  -66.9                          10      5  485.4         485.4
   47.0  21034  -67.0                          65      5  493.7         493.7
   46.1  21151  -67.1                          74      9  496.3         496.3
   45.0  21297  -66.7                          85     13  500.8         500.8
   43.6  21488  -66.1                          78     18  506.8         506.8
   43.0  21573  -64.0                          75     20  513.9         513.9
   42.3  21674  -61.5                          67     19  522.5         522.5
   39.0  22171  -63.4                          25     12  529.9         529.9
   37.0  22493  -64.7                           0      5  534.8         534.8
   35.0  22833  -66.0                         220      4  539.9         539.9
   32.8  23230  -67.5                         230     10  546.0         546.0
   32.0  23379  -67.0                         225     13  551.2         551.2
   30.0  23770  -65.7                         185      6  565.0         565.0
   28.0  24190  -63.9                         165     13  581.3         581.3
   27.6  24278  -63.5                         158     15  584.7         584.7
   24.0  25148  -57.1                          95     38  627.2         627.2
   23.4  25306  -55.9                          77     36  635.2         635.2
   23.0  25415  -56.0                          65     34  638.1         638.1
   22.0  25697  -56.1                          60     35  645.8         645.8
   20.0  26300  -56.5                          85     40  662.5         662.5
   19.4  26492  -57.1                          97     42  666.4         666.4
   19.0  26624  -56.5                         105     44  672.1         672.1
   18.4  26826  -55.7                         104     48  681.0         681.0
   17.9  27002  -52.9                         104     51  695.2         695.2
   15.0  28151  -48.5                         100     72  745.9         745.9
   14.2  28507  -47.1                          95     72  762.3         762.3
   13.2  28987  -47.9                          89     73  775.6         775.6
   12.0  29615  -46.6                          80     73  801.6         801.6
   11.9  29670  -46.5                          80     73  803.9         803.9
   10.6  30444  -40.5                          87     78  852.9         852.9
   10.0  30840  -39.1                          90     80  872.4         872.4
    9.5  31192  -38.9                          90     76  886.2         886.2
    9.2  31412  -38.7                                     895.0         895.0
