-----------------------------------------------------------------------------
   PRES   HGHT   TEMP   DWPT   RELH   MIXR   DRCT   SKNT   THTA   THTE   THTV
    hPa     m      C      C      %    g/kg    deg   knot     K      K      K 
-----------------------------------------------------------------------------
 1008.0     12   28.8   24.3     77  19.41    280      2  301.3  358.7  304.8
 1000.0     91   28.6   21.6     66  16.54    330      2  301.8  350.8  304.7
  977.0    295   26.9   20.6     68  15.89    335      9  302.1  349.2  304.9
  925.0    776   23.0   18.2     74  14.43    335     12  302.8  345.8  305.4
  912.0    899   22.4   16.9     71  13.48    325     12  303.4  343.6  305.8
  881.0   1201   20.8   13.8     64  11.38    300     10  304.8  339.1  306.9
  850.0   1510   18.4   14.5     78  12.36    275      8  305.4  342.7  307.7
  827.0   1745   16.2   14.6     90  12.79    271      8  305.5  344.0  307.8
  822.0   1797   15.9   14.3     90  12.64    270      8  305.7  343.8  308.0
  773.0   2319   12.8   11.5     92  11.15    249     10  307.8  341.8  309.8
  722.0   2892   11.4    6.4     71   8.42    226     11  312.3  338.7  313.9
  700.0   3151    9.6    7.3     86   9.25    215     12  313.1  342.0  314.8
  683.0   3355    8.4    5.9     84   8.60    213     10  313.9  341.0  315.6
  663.0   3601    7.8    3.4     74   7.44    210      8  316.0  339.8  317.4
  647.0   3803    7.4    1.4     66   6.59    223      5  317.7  339.0  319.0
  639.0   3905    6.7    1.1     67   6.51    230      4  318.1  339.1  319.3
  610.0   4285    4.2   -0.2     73   6.22    297      6  319.4  339.7  320.6
  597.0   4461    4.0   -5.0     52   4.44    328      7  321.2  335.9  322.0
  594.0   4501    3.8   -5.4     51   4.33    335      7  321.4  335.8  322.2
  582.0   4667    3.0   -7.0     48   3.91    357      8  322.3  335.5  323.1
  573.0   4793    2.0   -4.0     64   4.99     13      9  322.6  339.2  323.6
  572.0   4807    1.9   -4.3     63   4.88     15      9  322.7  338.9  323.6
  557.0   5021    0.8   -9.2     47   3.44      8     10  323.8  335.5  324.5
  551.0   5108    0.3  -13.3     35   2.51      5     11  324.2  332.9  324.7
  547.0   5167    0.0  -16.0     29   2.02      4     11  324.5  331.6  324.9
  545.0   5196   -0.3  -15.3     31   2.15      4     11  324.5  332.0  324.9
  542.0   5240   -0.5  -13.5     37   2.50      3     11  324.8  333.5  325.3
  541.0   5255   -0.9   -7.9     59   3.92      3     11  324.5  337.8  325.3
  531.0   5403   -1.4  -14.8     35   2.30      0     11  325.6  333.6  326.0
  530.0   5419   -1.5  -15.5     34   2.17    360     11  325.7  333.3  326.1
  511.0   5708   -3.3  -15.3     39   2.29    354     10  326.9  335.0  327.4
  500.0   5880   -4.1  -19.1     30   1.70    350     10  328.0  334.1  328.3
  497.0   5927   -4.1  -24.1     19   1.10    350     10  328.5  332.6  328.8
  496.0   5943   -4.1  -28.1     14   0.77    350     10  328.7  331.6  328.9
  495.0   5959   -4.1  -35.1      7   0.39    350     10  328.9  330.5  329.0
  493.0   5991   -4.3  -19.3     30   1.69    350     10  329.1  335.2  329.4
  492.0   6007   -4.5  -18.3     33   1.85    350     10  329.0  335.7  329.4
  487.0   6087   -5.3  -13.3     53   2.83    351     10  329.0  338.9  329.5
  474.0   6297   -6.9  -13.1     62   2.97    355     11  329.6  340.0  330.1
  466.0   6430   -7.9  -12.9     67   3.06    359     11  329.9  340.6  330.5
  456.0   6597   -8.8  -18.4     46   1.99      5     12  330.8  338.0  331.2
  455.0   6614   -8.9  -18.9     44   1.90      4     12  330.9  337.8  331.3
  453.0   6648   -9.1  -22.1     34   1.44      3     11  331.1  336.4  331.4
  438.0   6907   -9.8  -22.8     34   1.40    350      6  333.4  338.5  333.6
  425.0   7138  -10.5  -23.5     34   1.36    314      8  335.4  340.5  335.7
  422.0   7192  -10.9  -23.6     34   1.35    305      9  335.6  340.6  335.9
  406.0   7487  -12.9  -24.4     38   1.31    285      8  336.7  341.6  336.9
  400.0   7600  -13.7  -24.7     39   1.30    285      7  337.1  342.0  337.4
  398.0   7638  -14.1  -27.1     32   1.05    286      7  337.1  341.1  337.3
  391.0   7772  -14.7  -28.7     29   0.92    291      8  338.0  341.5  338.2
  384.0   7909  -15.7  -22.7     55   1.62    295      9  338.4  344.5  338.8
  375.0   8087  -17.3  -22.3     65   1.72    301     11  338.6  345.0  339.0
  371.0   8168  -17.5  -27.5     41   1.08    303     11  339.4  343.5  339.6
  337.0   8879  -23.1  -32.1     44   0.77    326     17  341.2  344.2  341.4
  332.0   8988  -24.1  -33.1     43   0.71    330     18  341.3  344.1  341.4
  330.0   9032  -24.5  -33.5     43   0.69    330     18  341.3  344.1  341.5
  324.0   9166  -25.1  -29.4     67   1.04    330     17  342.3  346.3  342.5
  300.0   9720  -29.3  -33.3     68   0.77    330     14  344.0  347.0  344.1
  293.0   9886  -30.6  -34.6     68   0.70    330      9  344.5  347.3  344.6
  281.0  10179  -32.8  -37.0     66   0.57     10      6  345.4  347.7  345.5
  258.0  10779  -37.4  -41.7     64   0.38    120     10  347.2  348.8  347.2
  250.0  11000  -39.1  -43.5     63   0.33    145     10  347.8  349.2  347.9
  247.0  11083  -39.9  -43.9     65   0.32    152      9  347.8  349.1  347.9
  246.0  11110  -40.1                         155      9  347.9         347.9
  236.0  11387  -42.5                         160     12  348.4         348.4
  216.0  11977  -47.6                         145     17  349.4         349.4
  200.0  12490  -52.1                         150     20  350.1         350.1
  197.0  12585  -53.0                         145     20  350.2         350.2
  150.0  14290  -68.5                         125     30  351.9         351.9
  140.0  14694  -71.4                         120     38  353.9         353.9
  119.0  15644  -78.1                                     358.3         358.3
