-----------------------------------------------------------------------------
   PRES   HGHT   TEMP   DWPT   RELH   MIXR   DRCT   SKNT   THTA   THTE   THTV
    hPa     m      C      C      %    g/kg    deg   knot     K      K      K 
-----------------------------------------------------------------------------
 1007.0     12   28.8   24.9     79  20.17    340      2  301.4  361.1  305.0
 1006.0     21   27.4   23.6     80  18.63    338      3  300.0  354.8  303.4
 1003.0     49   28.2   23.6     76  18.68    331      4  301.1  356.3  304.4
 1000.0     77   28.4   23.6     75  18.74    325      6  301.6  357.1  304.9
  975.0    301   26.7   22.6     78  18.10    325      9  302.0  355.7  305.3
  943.0    596   24.4   21.4     83  17.28     15      5  302.6  354.0  305.7
  937.0    652   24.0   21.1     84  17.13      8      5  302.7  353.7  305.8
  925.0    765   23.4   19.8     80  15.98    355      6  303.2  350.9  306.1
  911.0    899   23.4   18.1     72  14.59    320      7  304.6  348.3  307.2
  905.0    958   23.4   17.4     69  14.01    310      7  305.1  347.3  307.7
  881.0   1193   22.1   16.1     69  13.25    270      7  306.1  346.2  308.6
  851.0   1497   20.5   14.5     68  12.31    265      6  307.5  344.9  309.7
  850.0   1507   20.4   14.4     68  12.28    265      6  307.5  344.9  309.8
  822.0   1796   18.8   12.8     68  11.41    300      3  308.7  343.7  310.9
  794.0   2095   17.1   11.1     68  10.55      0      1  310.0  342.5  312.0
  786.0   2182   16.6   10.6     68  10.31    352      2  310.4  342.2  312.3
  766.0   2402   15.7    3.0     43   6.23    330      6  311.6  331.4  312.8
  765.0   2414   15.6    2.6     42   6.07    331      6  311.7  330.9  312.9
  739.0   2707   13.9    0.9     41   5.57    345      5  313.0  330.8  314.0
  725.0   2869   13.0    0.0     41   5.31      4      4  313.7  330.7  314.7
  713.0   3009   12.1    2.5     52   6.46     20      3  314.2  334.8  315.5
  700.0   3164   11.2    5.2     67   7.98     70      4  314.9  340.2  316.4
  697.0   3200   11.0    6.1     72   8.54     81      4  315.0  342.0  316.6
  688.0   3308   10.6    5.5     71   8.30    115      4  315.7  342.1  317.3
  664.0   3602    9.4    3.9     69   7.68    150      8  317.6  342.2  319.1
  637.0   3947    8.0    2.0     66   6.99    130      9  319.8  342.5  321.2
  618.0   4194    6.3    1.1     70   6.76    115      9  320.6  342.7  321.9
  595.0   4503    4.1    0.0     75   6.48    145     10  321.6  342.9  322.9
  565.0   4924    1.2   -1.5     82   6.11    119     10  323.0  343.1  324.1
  537.0   5332    0.0   -5.0     69   4.94     94      9  326.2  342.9  327.2
  533.0   5392   -0.4   -5.3     69   4.87     90      9  326.5  343.0  327.5
  513.0   5696   -2.2   -6.7     71   4.53    120      6  327.8  343.3  328.7
  500.0   5900   -3.5   -7.7     73   4.31    125      8  328.7  343.5  329.6
  494.0   5995   -4.1   -8.2     73   4.18    120      8  329.2  343.5  330.0
  475.0   6302   -5.9  -10.0     73   3.79     95      8  330.6  343.8  331.4
  458.0   6587   -7.6  -11.6     73   3.45    110      8  331.9  344.1  332.6
  449.0   6743   -8.5  -12.5     73   3.28    135      6  332.7  344.2  333.3
  440.0   6899   -9.6  -13.7     72   3.05    160      4  333.3  344.1  333.9
  429.0   7095  -10.9  -15.1     71   2.77    163      4  334.0  343.9  334.6
  423.0   7203  -11.4  -16.1     68   2.58    165      4  334.7  344.0  335.2
  422.0   7221  -11.5  -16.3     68   2.55    160      4  334.8  344.0  335.3
  418.0   7294  -11.1  -20.1     47   1.86    142      4  336.2  343.1  336.6
  407.0   7498  -12.7  -22.3     45   1.58     90      4  336.8  342.6  337.1
  400.0   7630  -13.7  -23.7     43   1.42    100      5  337.1  342.4  337.4
  376.0   8095  -17.3  -26.1     46   1.21     55      3  338.4  343.0  338.6
  361.0   8401  -19.6  -27.8     48   1.09    310      3  339.2  343.4  339.4
  358.0   8464  -20.1  -28.1     49   1.06    303      3  339.4  343.4  339.6
  334.0   8975  -23.9  -26.8     77   1.28    242      6  341.0  345.9  341.2
  320.0   9284  -26.3  -29.4     75   1.06    205      8  341.9  345.9  342.1
  307.0   9583  -28.6  -31.8     74   0.87    195      8  342.7  346.1  342.9
  300.0   9750  -29.9  -33.2     73   0.78    160      7  343.1  346.2  343.3
  294.0   9894  -31.0  -33.8     77   0.76    135      8  343.6  346.5  343.7
  286.0  10091  -32.5  -34.5     82   0.72    118      9  344.1  347.0  344.3
  282.0  10189  -33.2  -35.6     80   0.66    110      9  344.4  347.1  344.6
  258.0  10810  -38.0  -42.3     64   0.36    135     13  346.3  347.8  346.4
  250.0  11030  -39.7  -44.7     59   0.29    130     15  346.9  348.1  347.0
  249.0  11057  -39.9  -44.9     59   0.28    129     15  347.0  348.2  347.1
  200.0  12500  -52.7                          95     26  349.1         349.1
  197.0  12595  -53.5                          95     26  349.5         349.5
  163.0  13780  -62.9                         100     41  353.0         353.0
  150.0  14300  -67.1                          90     54  354.3         354.3
  127.0  15273  -74.9                          85     63  357.6         357.6
  115.0  15854  -79.5                          90     63  359.2         359.2
  103.0  16474  -81.7                          95     62  366.5         366.5
  100.0  16640  -82.3                         105     59  368.5         368.5
   96.4  16846  -82.9                         105     55  371.2         371.2
   92.0  17110  -80.6                         100     40  380.8         380.8
   88.3  17343  -78.5                          96     20  389.4         389.4
   87.0  17427  -78.5                          95     13  391.0         391.0
   83.0  17696  -78.7                         180      5  395.9         395.9
   79.0  17979  -78.9                         315      7  401.2         401.2
   75.0  18276  -79.1                         240     14  406.8         406.8
   71.0  18589  -79.2                         230     22  412.9         412.9
   70.0  18670  -79.3                         225     21  414.4         414.4
   68.8  18767  -80.1                         218     18  414.8         414.8
   64.0  19182  -78.1                         190      6  427.7         427.7
   61.0  19457  -76.8                         270      9  436.5         436.5
   55.0  20050  -74.0                         260      3  456.1         456.1
   53.2  20240  -73.1                         189      5  462.6         462.6
   52.0  20373  -73.8                         140      6  463.9         463.9
   50.0  20600  -75.1                         110     13  466.1         466.1
   49.5  20658  -75.7                         106     15  466.0         466.0
   46.0  21091  -67.3                          78     29  496.2         496.2
   45.0  21225  -65.9                          70     33  502.6         502.6
   43.3  21459  -63.5                          67     32  514.1         514.1
   42.0  21647  -63.3                          65     32  519.2         519.2
   40.0  21948  -62.9                          85     29  527.3         527.3
   33.7  23004  -61.7                          97     14  557.0         557.0
   32.0  23323  -62.7                         100      9  562.6         562.6
   30.4  23639  -63.7                          76     13  568.3         568.3
   30.0  23720  -63.1                          70     14  572.0         572.0
   29.0  23929  -62.4                          60      1  579.4         579.4
   27.0  24370  -61.1                         120     16  595.2         595.2
   26.5  24486  -60.7                         110     23  599.5         599.5
   26.0  24605  -59.2                         100     31  607.1         607.1
   24.9  24877  -55.7                          76     30  624.6         624.6
   24.0  25111  -55.7                          55     29  631.2         631.2
   20.7  26051  -55.7                          87     44  658.4         658.4
   20.0  26270  -54.7                          95     47  668.0         668.0
   16.9  27354  -51.9                          94     53  709.9         709.9
   14.5  28346  -51.9                          92     59  741.7         741.7
   13.2  28960  -47.5                          91     62  777.0         777.0
   11.2  30044  -47.8                          90     68  813.1         813.1
   11.0  30163  -47.9                          90     68  817.1         817.1
   10.9  30224  -47.9                                     819.2         819.2
