-----------------------------------------------------------------------------
   PRES   HGHT   TEMP   DWPT   RELH   MIXR   DRCT   SKNT   THTA   THTE   THTV
    hPa     m      C      C      %    g/kg    deg   knot     K      K      K 
-----------------------------------------------------------------------------
 1008.0     12   27.8   24.5     82  19.65    130      1  300.3  358.2  303.8
 1007.0     21   29.2   22.2     66  17.05    114      1  301.8  352.3  304.8
 1000.0     81   28.4   22.4     70  17.39      0      0  301.6  353.0  304.7
  976.0    296   26.5   21.3     73  16.67    345      4  301.8  351.2  304.8
  949.0    545   24.4   20.1     77  15.87    340      9  302.0  349.1  304.9
  925.0    770   23.4   18.4     74  14.62    335     14  303.2  346.8  305.9
  911.0    902   22.4   17.4     73  13.92    332     14  303.5  345.1  306.1
  910.0    912   22.2   17.3     74  13.84    332     14  303.4  344.8  305.9
  884.0   1163   22.6   13.6     57  11.19    327     15  306.4  340.3  308.4
  855.0   1451   21.2    7.2     40   7.50    321     15  307.8  331.0  309.2
  850.0   1501   21.2    6.2     38   7.04    320     15  308.3  330.2  309.6
  838.0   1624   20.2    4.2     35   6.21    315     14  308.5  327.9  309.7
  793.0   2096   15.8    8.1     60   8.62    295      9  308.7  335.3  310.3
  772.0   2325   13.6   10.0     79  10.08    317     11  308.8  339.7  310.6
  765.0   2402   13.2    9.7     79   9.97    325     12  309.1  339.7  310.9
  700.0   3147    9.0    6.7     86   8.87    315     13  312.4  340.1  314.1
  687.0   3302    8.3    6.0     85   8.64    300     14  313.4  340.5  315.0
  684.0   3339    8.2    5.9     85   8.59    298     14  313.6  340.6  315.2
  662.0   3610    8.8    1.8     61   6.63    287     13  317.2  338.6  318.5
  639.0   3899    7.0    0.7     64   6.34    275     12  318.4  338.9  319.6
  616.0   4200    5.1   -0.4     67   6.05    305      7  319.6  339.3  320.8
  584.0   4637    2.4   -2.1     72   5.65    293      8  321.3  339.9  322.4
  552.0   5091    0.3   -4.3     71   5.05    280     10  324.1  341.0  325.1
  547.0   5164    0.0   -4.7     71   4.96    286      9  324.5  341.2  325.5
  511.0   5707   -2.8   -7.7     69   4.21    335      4  327.5  341.9  328.4
  500.0   5880   -3.7   -8.7     68   3.99    295      5  328.5  342.2  329.3
  491.0   6024   -4.1   -9.1     68   3.93    268      5  329.7  343.3  330.5
  474.0   6300   -6.0  -11.5     65   3.38    215      5  330.6  342.4  331.3
  456.0   6604   -8.1  -14.1     62   2.84    230      5  331.7  341.7  332.2
  453.0   6656   -8.5  -14.5     62   2.76    228      5  331.8  341.6  332.4
  439.0   6898  -10.5  -15.2     69   2.69    220      3  332.3  341.8  332.8
  427.0   7112  -12.3  -15.8     75   2.63    268      5  332.6  342.0  333.2
  415.0   7330  -13.9  -15.8     86   2.71    317      7  333.3  343.0  333.9
  406.0   7497  -14.7  -16.0     90   2.72    355      9  334.4  344.1  334.9
  402.0   7572  -15.3  -16.1     94   2.72      8      9  334.5  344.3  335.1
  400.0   7610  -15.7  -16.2     96   2.72     15      9  334.5  344.2  335.1
  399.0   7629  -15.9  -16.4     96   2.68     19      9  334.5  344.1  335.0
  398.0   7648  -15.9  -16.6     94   2.64     24      9  334.7  344.2  335.2
  394.0   7724  -14.3  -21.3     55   1.78     42     10  337.8  344.4  338.1
  392.0   7762  -14.1  -23.1     46   1.53     51     11  338.5  344.3  338.8
  390.0   7801  -14.5  -23.5     46   1.48     60     11  338.5  344.1  338.8
  375.0   8092  -16.6  -25.2     48   1.33     90      7  339.5  344.5  339.8
  360.0   8395  -18.8  -26.9     49   1.18    160      5  340.5  345.1  340.8
  346.0   8690  -21.0  -28.6     51   1.05    125      5  341.5  345.6  341.7
  332.0   8996  -23.2  -30.3     52   0.93    150      9  342.5  346.1  342.7
  329.0   9064  -23.7  -30.7     53   0.91    147     10  342.7  346.3  342.9
  305.0   9612  -27.5  -38.5     34   0.45    121     15  344.9  346.7  345.0
  300.0   9730  -28.3  -40.3     31   0.38    115     16  345.4  347.0  345.5
  276.0  10322  -33.5  -38.2     63   0.52     88     21  346.2  348.3  346.3
  269.0  10501  -34.9  -39.5     63   0.47     80     22  346.7  348.6  346.8
  250.0  11010  -38.9  -43.0     65   0.34     80     25  348.1  349.5  348.2
  244.0  11176  -39.9  -44.4     62   0.30     81     26  349.0  350.3  349.1
  206.0  12303  -49.4                          90     29  351.3         351.3
  200.0  12500  -51.1                         100     31  351.7         351.7
  155.0  14104  -64.4                         140     46  355.6         355.6
  150.0  14310  -66.1                         140     46  356.0         356.0
  142.0  14640  -69.3                         133     45  356.1         356.1
  128.0  15252  -74.5                         120     43  357.4         357.4
  114.0  15922  -76.1                         105     40  366.5         366.5
  112.0  16025  -76.3                         102     40  367.9         367.9
  100.0  16670  -81.3                          85     37  370.4         370.4
   93.0  17072  -85.3                          75     36  370.4         370.4
   92.6  17096  -85.5                          75     36  370.3         370.3
   83.0  17697  -85.5                          85     17  382.1         382.1
   81.9  17770  -85.5                         100     16  383.6         383.6
   79.0  17969  -84.1                         140     12  390.4         390.4
   76.2  18168  -82.7                         157     13  397.4         397.4
   75.0  18258  -80.2                         165     14  404.6         404.6
   74.7  18280  -79.5                         160     13  406.4         406.4
   71.0  18569  -77.8                          95      7  416.0         416.0
   70.0  18650  -77.3                          80      8  418.7         418.7
   67.0  18902  -76.9                          70      8  424.9         424.9
   64.0  19166  -76.4                         240      3  431.5         431.5
   60.0  19538  -75.8                         270      5  440.9         440.9
   59.4  19596  -75.7                         269      5  442.4         442.4
   57.0  19839  -72.9                         265      5  453.9         453.9
   55.0  20049  -70.5                          10      8  464.0         464.0
   53.5  20212  -68.7                         343      8  472.0         472.0
   52.0  20384  -67.6                         315      7  478.4         478.4
   50.0  20620  -66.1                         265      4  487.3         487.3
   49.0  20743  -65.7                         190      3  491.0         491.0
   45.0  21262  -64.1                         105     19  507.1         507.1
   42.3  21638  -62.9                         102     23  519.0         519.0
   41.0  21830  -62.9                         100     25  523.8         523.8
   37.0  22461  -62.7                         105     17  539.9         539.9
   35.0  22803  -62.6                          80      9  548.8         548.8
   33.0  23164  -62.5                         100      2  558.4         558.4
   32.0  23353  -62.4                         220      4  563.4         563.4
   30.0  23750  -62.3                         230      9  574.2         574.2
   29.0  23959  -61.8                         220      9  581.1         581.1
   28.7  24024  -61.7                         199     10  583.2         583.2
   28.0  24176  -62.5                         150     12  585.0         585.0
   27.2  24354  -63.5                         130     16  587.2         587.2
   26.0  24632  -62.0                         100     22  599.1         599.1
   25.5  24752  -61.3                          92     23  604.4         604.4
   24.1  25106  -56.1                          67     26  629.3         629.3
   24.0  25133  -56.1                          65     26  630.0         630.0
   23.0  25403  -56.2                          55     19  637.6         637.6
   20.4  26164  -56.3                          89     34  659.4         659.4
   20.0  26290  -54.9                          95     36  667.4         667.4
   18.8  26687  -52.1                          94     44  688.0         688.0
   16.0  27726  -52.8                          90     64  718.1         718.1
   13.7  28726  -53.5                          87     68  748.3         748.3
   12.3  29422  -50.9                          84     71  780.9         780.9
   11.2  30039  -44.9                          82     74  823.7         823.7
   10.0  30800  -42.1                          80     77  861.3         861.3
    9.4  31221  -39.5                          75     78  886.5         886.5
    9.0                                        75     78                     
