-----------------------------------------------------------------------------
   PRES   HGHT   TEMP   DWPT   RELH   MIXR   DRCT   SKNT   THTA   THTE   THTV
    hPa     m      C      C      %    g/kg    deg   knot     K      K      K 
-----------------------------------------------------------------------------
 1010.0     12   28.8   22.8     70  17.65     30      8  301.1  353.2  304.3
 1000.0    102   28.0   21.0     66  15.93    300      4  301.1  348.2  304.0
  978.0    297   26.4   20.4     70  15.69    335      7  301.4  347.8  304.2
  925.0    787   22.2   18.9     82  15.09    345     12  302.0  346.8  304.7
  920.0    834   21.4   18.5     84  14.79    345     14  301.6  345.4  304.3
  913.0    901   21.1   17.9     82  14.39    345     16  301.9  344.6  304.6
  865.0   1369   18.6   14.1     75  11.83    322     20  304.1  339.6  306.2
  850.0   1520   17.6   15.4     87  13.11    315     21  304.6  343.9  307.0
  824.0   1786   15.8   14.9     94  13.10    303     19  305.4  344.8  307.8
  766.0   2403   13.3   12.2     94  11.83    275     14  309.1  345.3  311.3
  718.0   2951   11.0    9.9     93  10.78    275     13  312.4  345.9  314.4
  700.0   3163    9.4    7.8     90   9.57    275     12  312.9  342.8  314.7
  573.0   4802    1.1   -0.9     87   6.30    270     18  321.5  342.2  322.8
  569.0   4859    0.8   -1.2     86   6.20    271     18  321.8  342.2  323.0
  549.0   5147    0.0   -4.7     71   4.94    275     18  324.2  340.8  325.2
  500.0   5890   -4.9   -9.3     71   3.80    285     18  327.0  340.0  327.8
  480.0   6211   -6.5   -9.6     79   3.87    290     17  328.9  342.2  329.6
  460.0   6543   -7.3  -17.3     45   2.15    294     16  331.9  339.6  332.3
  457.0   6594   -7.6  -16.3     50   2.36    295     16  332.2  340.6  332.7
  453.0   6662   -7.9  -14.9     57   2.67    296     16  332.6  342.1  333.1
  447.0   6766   -8.1  -19.1     41   1.90    296     15  333.6  340.5  334.0
  441.0   6871   -8.7  -16.7     52   2.36    297     14  334.1  342.7  334.6
  435.0   6977   -9.5  -20.5     40   1.73    298     13  334.4  340.8  334.8
  423.0   7193  -11.1  -18.1     56   2.19    300     12  335.1  343.0  335.5
  411.0   7413  -12.3  -24.3     36   1.31    295     11  336.3  341.2  336.6
  400.0   7620  -14.1  -26.1     36   1.14    290     10  336.6  340.9  336.8
  396.0   7696  -14.7  -25.7     39   1.20    294     10  336.8  341.3  337.0
  391.0   7792  -15.1  -27.1     35   1.07    300      9  337.5  341.5  337.7
  387.0   7870  -15.9  -21.9     60   1.72    304      8  337.4  343.8  337.8
  383.0   7948  -16.5  -19.8     76   2.09    307      8  337.6  345.3  338.1
  375.0   8106  -17.5  -22.9     62   1.63    315      6  338.4  344.5  338.7
  373.0   8146  -17.7  -23.7     59   1.52    311      7  338.6  344.3  338.9
  346.0   8704  -21.0  -25.0     70   1.46    255     16  341.4  347.0  341.7
  344.0   8747  -21.3  -25.1     71   1.46    254     16  341.6  347.2  341.9
  306.0   9596  -28.0  -36.2     45   0.57    225      8  343.9  346.2  344.0
  300.0   9740  -29.1  -38.1     42   0.48    225      6  344.2  346.2  344.4
  291.0   9958  -30.9  -41.9     33   0.33    232      6  344.7  346.1  344.8
  281.0  10204  -32.9  -42.9     36   0.31    240      5  345.3  346.6  345.4
  270.0  10486  -35.1  -44.1     39   0.28    217      6  346.1  347.2  346.1
  269.0  10512  -35.3  -44.7     38   0.27    215      6  346.1  347.2  346.2
  263.0  10669  -36.5  -48.5     28   0.18    215      8  346.6  347.4  346.6
  258.0  10803  -37.5  -49.5     27   0.16    215     10  347.0  347.8  347.1
  257.0  10830  -37.7  -49.7     27   0.16    213     10  347.1  347.8  347.2
  254.0  10911  -38.3  -50.3     27   0.15    205     11  347.4  348.1  347.4
  251.0  10993  -39.1  -50.1     30   0.16    198     12  347.4  348.1  347.4
  250.0  11020  -39.3  -50.3     30   0.15    195     12  347.5  348.2  347.5
  247.0  11102  -39.9  -44.6     61   0.29    186     12  347.8  349.1  347.9
  236.0  11404  -42.5                         150     11  348.4         348.4
  200.0  12500  -51.9                         145     19  350.4         350.4
  164.0  13756  -63.3                         138     31  351.8         351.8
  150.0  14300  -67.7                         135     36  353.3         353.3
  148.0  14380  -68.4                         135     37  353.4         353.4
  142.0  14627  -70.5                         124     40  354.0         354.0
  126.0  15329  -75.1                          93     49  357.9         357.9
  120.0  15610  -75.7                          80     53  362.0         362.0
  108.0  16217  -76.8                          60     22  370.8         370.8
  103.0  16490  -77.4                          15     12  374.8         374.8
  100.0  16660  -77.7                         345      9  377.4         377.4
   98.0  16775  -78.2                         305      8  378.6         378.6
   93.0  17072  -79.4                         245     12  381.9         381.9
   83.0  17718  -82.1                         160     16  389.1         389.1
   82.9  17724  -82.1                         160     16  389.2         389.2
   81.7  17807  -78.7                         165     12  397.7         397.7
   79.0  17999  -78.9                         175      3  401.1         401.1
   75.0  18295  -79.3                         305      6  406.4         406.4
   74.7  18318  -79.3                         302      7  406.8         406.8
   71.0  18609  -77.4                         265     19  416.7         416.7
   70.0  18690  -76.9                         260     22  419.6         419.6
   68.0  18858  -75.0                         250     20  427.0         427.0
   66.8  18961  -73.9                         253     18  431.7         431.7
   64.0  19212  -73.3                         260     14  438.3         438.3
   61.0  19493  -72.7                         295     18  445.8         445.8
   58.4  19748  -72.1                                     452.6         452.6
