-----------------------------------------------------------------------------
   PRES   HGHT   TEMP   DWPT   RELH   MIXR   DRCT   SKNT   THTA   THTE   THTV
    hPa     m      C      C      %    g/kg    deg   knot     K      K      K 
-----------------------------------------------------------------------------
 1008.0     12   29.4   21.4     62  16.20    270      3  301.9  349.9  304.8
 1000.0     87   29.2   20.2     58  15.14    310      4  302.4  347.3  305.1
  976.0    302   27.8   18.4     57  13.86    325      9  303.0  344.4  305.5
  934.0    690   25.2   15.2     54  11.76    337     13  304.2  339.6  306.4
  925.0    775   24.6   16.6     61  13.01    340     14  304.5  343.5  306.8
  912.0    898   23.6   16.3     64  12.97    345     13  304.7  343.6  307.1
  881.0   1200   21.2   15.7     71  12.85    330      6  305.2  343.9  307.6
  861.0   1400   19.6   15.2     76  12.77    304      4  305.5  344.1  307.9
  850.0   1511   19.6   15.3     76  13.03    290      3  306.7  346.1  309.1
  822.0   1797   18.0   11.1     64  10.20    245      2  307.9  339.1  309.8
  779.0   2256   15.4    4.4     48   6.77    314      2  309.9  331.1  311.2
  766.0   2398   14.8    5.3     53   7.36    335      2  310.7  333.7  312.1
  754.0   2532   14.2    6.2     59   7.95    348      3  311.5  336.4  313.0
  747.0   2610   14.2    1.2     41   5.62    356      3  312.3  330.2  313.4
  741.0   2678   13.8   -1.2     36   4.75      3      4  312.6  327.9  313.5
  739.0   2701   13.7   -1.0     36   4.84      5      4  312.7  328.2  313.6
  735.0   2746   13.4   -0.6     38   5.01     14      4  312.9  329.0  313.9
  732.0   2781   13.2    4.2     54   7.11     20      4  313.1  335.5  314.4
  700.0   3155   11.2    5.2     67   7.98     90      5  314.9  340.2  316.4
  688.0   3299   10.2    5.1     71   8.09     95      7  315.3  341.0  316.8
  663.0   3606    8.1    5.0     81   8.33    115      6  316.2  342.7  317.8
  660.0   3643    7.8    5.0     82   8.36    109      6  316.4  342.9  318.0
  640.0   3894    6.4    3.2     80   7.61     65      5  317.6  342.0  319.0
  617.0   4191    4.7    1.1     78   6.79     55      6  319.0  341.0  320.3
  594.0   4500    3.0   -1.0     75   6.02    105      6  320.5  340.2  321.6
  556.0   5037    0.0   -4.8     70   4.84    137     11  323.0  339.2  324.0
  552.0   5095   -0.3   -5.0     71   4.80    140     11  323.3  339.4  324.3
  527.0   5464   -2.3   -6.4     73   4.52    142     14  325.2  340.5  326.1
  505.0   5802   -3.7  -12.7     50   2.87    145     17  327.5  337.5  328.1
  500.0   5880   -4.1  -13.1     50   2.80    145     18  328.0  337.8  328.5
  471.0   6349   -6.9  -13.9     57   2.79    145     14  330.1  340.0  330.7
  456.0   6602   -7.6  -19.0     40   1.88    145     12  332.3  339.1  332.7
  454.0   6636   -7.7  -19.7     38   1.78    147     12  332.6  339.1  333.0
  439.0   6896   -9.5  -18.8     47   1.98    160     13  333.6  340.8  334.0
  437.0   6932   -9.7  -18.7     48   2.01    160     13  333.8  341.1  334.1
  429.0   7074  -10.3  -25.3     28   1.15    158     12  334.8  339.1  335.0
  405.0   7515  -13.1  -29.1     25   0.86    151     10  336.7  340.0  336.9
  400.0   7610  -13.7  -28.7     27   0.90    150     10  337.1  340.6  337.3
  390.0   7802  -14.9  -29.0     29   0.89    150     11  338.0  341.5  338.2
  388.0   7841  -15.1  -29.1     29   0.89    147     11  338.2  341.7  338.4
  376.0   8078  -16.9  -26.9     42   1.13    127      8  338.9  343.2  339.1
  375.0   8098  -17.1  -24.1     55   1.46    125      8  338.9  344.4  339.2
  372.0   8158  -17.7  -26.7     45   1.16    125      8  338.9  343.3  339.1
  364.0   8321  -18.9  -25.9     54   1.28    126      9  339.4  344.2  339.6
  357.0   8465  -20.1  -31.1     37   0.80    127      9  339.6  342.8  339.8
  332.0   8999  -24.3  -37.3     29   0.47    131     12  341.0  342.9  341.1
  306.0   9588  -28.7  -34.7     56   0.66    135     14  342.9  345.5  343.0
  305.0   9612  -28.9  -35.2     54   0.63    135     14  342.9  345.4  343.0
  300.0   9730  -29.9  -37.9     46   0.49    140     12  343.1  345.1  343.2
  293.0   9897  -30.8  -39.6     41   0.42    150     10  344.2  345.9  344.3
  292.0   9921  -30.9  -39.9     41   0.41    150     10  344.4  346.0  344.4
  284.0  10117  -32.5  -40.5     45   0.40    146      9  344.8  346.4  344.9
  281.0  10191  -33.1  -39.6     52   0.44    145      9  345.0  346.8  345.1
  275.0  10342  -34.3  -37.7     71   0.54    123     10  345.4  347.6  345.5
  270.0  10470  -35.1  -36.7     85   0.61    104     12  346.1  348.5  346.2
  269.0  10496  -35.3  -37.0     84   0.60    100     12  346.1  348.6  346.2
  261.0  10705  -36.9  -39.4     77   0.48     92     12  346.8  348.8  346.9
  257.0  10811  -37.7  -42.3     62   0.36     88     11  347.1  348.6  347.2
  250.0  11000  -39.1  -43.4     64   0.33     80     11  347.8  349.2  347.9
  246.0  11110  -40.1  -44.4     63   0.30     79     11  347.9  349.2  348.0
  236.0  11385  -42.5                          75     12  348.4         348.4
  216.0  11971  -47.8                          75     15  349.2         349.2
  206.0  12284  -50.6                          65     18  349.6         349.6
  200.0  12480  -52.3                          70     18  349.8         349.8
  170.0  13500  -61.1                         105     28  351.8         351.8
  154.0  14121  -66.5                         109     34  352.7         352.7
  150.0  14280  -67.7                         110     36  353.3         353.3
  126.0  15286  -74.4                         105     62  359.2         359.2
  100.0  16620  -83.3                         100     56  366.5         366.5
   97.3  16772  -84.5                         100     55  367.1         367.1
   97.0  16789  -84.2                         100     54  367.9         367.9
   94.0  16964  -81.5                          91     42  376.6         376.6
   87.0  17396  -82.5                          70     11  383.0         383.0
   83.0  17663  -79.7                          50      9  394.0         394.0
   78.8  17957  -76.5                         129      6  406.4         406.4
   78.0  18016  -76.4                         145      5  407.8         407.8
   74.0  18320  -76.1                         180      7  414.7         414.7
   71.0  18558  -75.8                         260      5  420.2         420.2
   70.0  18640  -75.7                         260      6  422.1         422.1
   64.0  19157  -76.2                         275     19  431.9         431.9
   63.2  19229  -76.3                         271     18  433.3         433.3
   57.0  19833  -73.6                         235     11  452.5         452.5
   54.0  20150  -72.1                         265      5  462.8         462.8
   52.0  20371  -71.1                         100     12  470.1         470.1
   50.0  20600  -70.1                          85     18  477.9         477.9
   48.8  20744  -69.5                          69     16  482.6         482.6
   47.0  20967  -69.7                          45     13  487.4         487.4
   43.3  21454  -70.1                          67     22  497.9         497.9
   42.0  21636  -67.7                          75     25  508.3         508.3
   41.8  21664  -67.3                          77     25  509.9         509.9
   40.0  21928  -67.9                         100     27  514.9         514.9
   36.0  22570  -61.3                         109     19  547.7         547.7
   32.9  23129  -59.5                         118     11  566.7         566.7
   32.0  23301  -60.4                         120      9  568.8         568.8
   30.2  23659  -62.3                         107     13  573.1         573.1
   30.0  23700  -62.5                         105     14  573.7         573.7
   29.0  23912  -61.0                          75     27  583.4         583.4
   26.8  24407  -57.5                          56     20  606.5         606.5
   25.0  24846  -58.1                          40     13  617.1         617.1
   24.0  25104  -58.4                          65     10  623.3         623.3
   23.0  25373  -58.8                         115     17  629.9         629.9
   22.6  25484  -58.9                         116     23  632.7         632.7
   21.0  25950  -56.7                         120     46  652.6         652.6
   20.0  26260  -55.3                         110     51  666.2         666.2
   19.9  26292  -55.3                                     667.1         667.1
