-----------------------------------------------------------------------------
   PRES   HGHT   TEMP   DWPT   RELH   MIXR   DRCT   SKNT   THTA   THTE   THTV
    hPa     m      C      C      %    g/kg    deg   knot     K      K      K 
-----------------------------------------------------------------------------
 1011.0     12   28.6   24.1     77  19.12     60      4  300.8  357.3  304.2
 1000.0    112   28.4   22.4     70  17.39     20      1  301.6  353.0  304.7
  979.0    298   27.1   21.1     70  16.37    350      3  302.1  350.6  305.0
  925.0    796   23.6   17.6     69  13.88    295      5  303.4  344.9  306.0
  914.0    900   22.9   17.2     70  13.67    295      5  303.8  344.7  306.3
  883.0   1199   21.1   15.9     73  13.08    310      4  304.9  344.2  307.3
  850.0   1530   19.0   14.6     76  12.44    275      4  306.0  343.6  308.3
  831.0   1725   17.8   11.8     68  10.57    257      5  306.8  338.9  308.7
  824.0   1797   17.4   12.0     71  10.80    250      5  307.0  339.9  309.0
  800.0   2051   15.8   12.7     82  11.67    258      4  308.0  343.5  310.1
  795.0   2104   15.6   12.4     81  11.49    260      4  308.3  343.4  310.4
  753.0   2566   13.6    9.6     77  10.06    309      3  311.0  342.1  312.8
  732.0   2805   13.4    2.4     47   6.25    334      2  313.3  333.1  314.4
  715.0   3003   12.4    3.0     53   6.70    355      2  314.3  335.7  315.6
  700.0   3181   11.6    3.6     58   7.13    260      2  315.3  338.0  316.6
  698.0   3205   11.4    4.4     62   7.57    250      2  315.3  339.4  316.8
  666.0   3594    9.1    2.1     62   6.75     85      1  317.0  338.7  318.3
  642.0   3899    7.4    0.4     61   6.16     35      4  318.4  338.4  319.6
  632.0   4029    6.6   -0.4     61   5.92     54      7  318.9  338.2  320.1
  625.0   4120    6.4   -2.6     53   5.08     68      9  319.7  336.4  320.7
  619.0   4200    6.4   -3.4     50   4.85     80     11  320.6  336.7  321.6
  617.0   4226    6.4   -3.6     49   4.78     80     12  320.9  336.7  321.8
  612.0   4293    6.8  -15.2     19   1.93     78     13  322.1  328.9  322.5
  609.0   4333    7.0  -31.0      5   0.48     78     14  322.8  324.6  322.9
  554.0   5101    1.5  -21.6     16   1.24     65     29  325.1  329.6  325.4
  540.0   5308    0.0  -19.0     22   1.59     77     26  325.7  331.4  326.1
  520.0   5609   -1.5  -29.5     10   0.64     95     21  327.4  329.9  327.6
  514.0   5701   -2.3  -29.7     10   0.64    100     19  327.6  330.0  327.7
  500.0   5920   -4.1  -30.1     11   0.63    100     18  328.0  330.4  328.1
  476.0   6305   -7.3  -27.3     19   0.86     90      6  328.7  331.9  328.8
  469.0   6421   -8.1  -26.1     22   0.98     94      7  329.1  332.7  329.3
  467.0   6454   -8.5  -27.5     20   0.86     95      7  329.0  332.2  329.1
  465.0   6487   -8.7  -26.7     22   0.93     96      7  329.1  332.6  329.3
  461.0   6554   -9.3  -14.0     69   2.83     98      8  329.2  339.1  329.8
  458.0   6604   -9.4  -13.8     70   2.89    100      8  329.6  339.8  330.2
  456.0   6638   -9.5  -13.7     71   2.93     94      8  330.0  340.2  330.6
  443.0   6862  -10.1  -20.1     44   1.76     56     12  331.9  338.3  332.3
  441.0   6896  -10.3  -20.4     43   1.72     50     12  332.1  338.3  332.4
  414.0   7380  -13.9  -24.9     39   1.23     22      9  333.5  338.1  333.8
  408.0   7490  -14.8  -24.1     45   1.34     15      8  333.7  338.7  334.0
  400.0   7640  -16.1  -23.1     55   1.50      5      4  334.0  339.5  334.3
  395.0   7735  -16.9  -22.9     60   1.54    328      2  334.1  339.8  334.4
  392.0   7792  -17.5  -22.4     66   1.63    305      1  334.1  340.1  334.4
  389.0   7850  -18.1  -21.8     73   1.73    321      1  334.0  340.4  334.4
  383.0   7966  -18.9  -21.7     79   1.77    352      1  334.5  340.9  334.8
  378.0   8064  -19.5  -23.0     74   1.60     19      1  334.9  340.8  335.2
  376.0   8103  -19.5  -26.5     54   1.17     30      1  335.4  339.9  335.7
  365.0   8324  -20.5  -28.5     49   1.00     19      2  337.0  340.8  337.2
  361.0   8405  -21.1  -27.9     55   1.08     15      3  337.2  341.2  337.4
  354.0   8550  -22.3  -26.8     67   1.21     22      4  337.5  342.1  337.8
  352.0   8591  -22.7  -26.3     72   1.28     25      5  337.5  342.3  337.8
  351.0   8612  -22.7  -25.4     79   1.39     26      5  337.8  343.0  338.1
  348.0   8675  -22.3  -29.3     53   0.98     29      6  339.1  342.9  339.4
  347.0   8696  -22.4  -29.8     51   0.94     30      6  339.2  342.9  339.4
  333.0   8998  -24.3  -36.3     32   0.52    275      4  340.7  342.8  340.8
  300.0   9750  -30.5  -42.5     30   0.30    230      9  342.3  343.5  342.3
  281.0  10203  -34.4  -46.4     29   0.21    205      6  343.2  344.1  343.2
  269.0  10506  -36.9  -48.9     28   0.17    180      6  343.7  344.4  343.8
  258.0  10795  -39.4  -51.4     27   0.13    105      6  344.2  344.8  344.2
  255.0  10876  -40.1  -52.1     27   0.12    101      6  344.4  344.9  344.4
  250.0  11010  -41.3                          95      5  344.5         344.5
  247.0  11090  -41.9                         105      5  344.8         344.8
  236.0  11392  -44.2                         145      6  345.9         345.9
  216.0  11980  -48.6                          70     16  347.9         347.9
  206.0  12294  -51.0                          70     18  348.9         348.9
  200.0  12490  -52.5                          80     15  349.5         349.5
  188.0  12877  -55.8                         100     20  350.4         350.4
  150.0  14290  -67.9                          80     30  352.9         352.9
  147.0  14410  -68.9                          85     31  353.2         353.2
  134.0  14957  -73.7                          80     37  354.2         354.2
  122.0  15499  -77.9                          76     44  356.1         356.1
  120.0  15593  -78.9                          75     45  356.0         356.0
  118.0  15689  -77.3                          68     39  360.7         360.7
  115.0  15837  -74.7                          57     30  368.1         368.1
  108.0  16198  -76.6                          30      7  371.2         371.2
  103.0  16470  -78.0                         310      4  373.6         373.6
  100.0  16640  -78.9                         240      5  375.0         375.0
   97.0  16813  -79.8                         180      8  376.6         376.6
   92.0  17113  -81.4                         120     16  379.2         379.2
   89.1  17294  -82.3                         100     19  380.8         380.8
   83.0  17692  -82.8                          75      6  387.6         387.6
   79.7  17920  -83.1                          87      2  391.5         391.5
   79.0  17969  -83.0                          90      1  392.8         392.8
   75.0  18262  -82.1                         195     14  400.6         400.6
   71.0  18570  -81.1                         190     19  408.9         408.9
   70.1  18642  -80.9                         190     19  410.8         410.8
   70.0  18650  -80.9                         190     19  411.0         411.0
   67.0  18901  -76.7                         155     12  425.3         425.3
   65.1  19066  -73.9                         218      6  434.9         434.9
   64.0  19166  -73.6                         255      3  437.6         437.6
   60.0  19544  -72.6                         250      5  448.0         448.0
   57.4  19804  -71.9                         267     14  455.3         455.3
   57.0  19845  -72.1                         270     15  455.7         455.7
   52.8  20293  -74.7                         262      7  459.9         459.9
   52.0  20382  -74.5                         260      5  462.2         462.2
   50.0  20610  -74.1                          35      1  468.5         468.5
   49.0  20728  -73.8                          95      4  472.0         472.0
   47.0  20971  -73.1                         135     14  479.3         479.3
   46.5  21033  -72.9                         131     16  481.2         481.2
   42.0  21636  -69.3                          90     31  504.3         504.3
   40.6  21837  -68.1                          93     30  512.2         512.2
   36.3  22518  -62.1                         104     28  544.3         544.3
   36.0  22570  -61.0                         105     28  548.4         548.4
   35.0  22747  -57.3                          80      7  562.4         562.4
   34.3  22874  -54.7                          27      7  572.6         572.6
   33.4  23044  -52.7                         317      6  582.2         582.2
   33.0  23121  -53.1                         285      6  583.1         583.1
   32.0  23318  -54.2                         140      2  585.4         585.4
   30.0  23730  -56.5                          75     11  590.0         590.0
   29.8  23772  -56.9                          71     11  590.1         590.1
   27.4  24305  -55.3                          19      8  608.9         608.9
   27.0  24398  -55.5                          10      7  610.8         610.8
   26.0  24637  -56.1                         285      9  615.8         615.8
   25.0  24886  -56.7                         270      7  621.1         621.1
   24.3  25066  -57.1                         329      4  624.9         624.9
   24.0  25145  -56.8                         355      2  628.1         628.1
   23.0  25417  -55.6                         160      9  639.2         639.2
   22.0  25700  -54.4                         115     21  650.9         650.9
   20.5  26151  -52.5                         100     30  670.0         670.0
   20.0  26310  -52.7                          95     33  674.1         674.1
   17.0  27347  -57.7                          70     46  690.1         690.1
   14.0  28588  -52.5                          80     52  747.2         747.2
   13.6  28774  -51.7                                     756.0         756.0
