-----------------------------------------------------------------------------
   PRES   HGHT   TEMP   DWPT   RELH   MIXR   DRCT   SKNT   THTA   THTE   THTV
    hPa     m      C      C      %    g/kg    deg   knot     K      K      K 
-----------------------------------------------------------------------------
 1008.0     12   28.2   23.2     74  18.13    320      3  300.7  354.1  303.9
 1000.0     81   27.8   21.8     70  16.75    325      5  300.9  350.4  304.0
  976.0    295   26.6   20.2     68  15.49    350     18  301.8  347.8  304.6
  945.0    580   25.0   18.0     65  13.94    353     18  303.0  344.6  305.5
  925.0    767   23.2   18.3     74  14.52    355     18  303.0  346.3  305.7
  908.0    929   21.6   18.7     84  15.18    353     17  303.0  348.2  305.8
  850.0   1499   18.8   17.5     92  15.04    345     14  305.8  351.1  308.6
  780.0   2235   14.8   14.0     95  13.05    336     16  309.1  349.0  311.6
  770.0   2345   15.6   12.2     80  11.73    335     17  311.1  347.4  313.3
  738.0   2703   13.6    9.7     77  10.34    330     18  312.8  345.1  314.7
  700.0   3150   11.2    6.6     73   8.81    290     15  314.9  342.7  316.5
  690.0   3271   12.2    6.2     67   8.69    286     15  317.3  345.0  318.9
  663.0   3598   10.1    4.5     68   8.02    275     14  318.5  344.3  320.1
  595.0   4487    4.4   -0.2     72   6.40    280      6  321.9  342.9  323.1
  573.0   4796    2.4   -1.8     74   5.90    240     10  323.0  342.5  324.2
  552.0   5103    0.4   -3.4     76   5.43    270      6  324.1  342.2  325.2
  548.0   5163    0.0   -3.7     76   5.34    279      5  324.4  342.2  325.4
  532.0   5398   -1.9   -5.1     79   4.95    315      3  324.8  341.4  325.8
  512.0   5703   -4.4   -6.9     83   4.47     25      2  325.3  340.4  326.2
  510.0   5734   -4.7   -7.1     83   4.43     34      2  325.4  340.4  326.3
  500.0   5890   -4.7   -9.3     70   3.80     80      2  327.2  340.3  328.0
  493.0   6001   -5.5  -11.4     63   3.26     75      5  327.6  338.9  328.3
  477.0   6260   -7.3  -16.3     49   2.26     73     13  328.5  336.5  328.9
  457.0   6593   -8.6  -18.3     46   1.99     70     23  330.9  338.0  331.3
  447.0   6765   -9.3  -19.3     44   1.87     74     22  332.1  338.9  332.5
  433.0   7011  -10.5  -15.5     67   2.66     79     19  333.6  343.1  334.1
  406.0   7506  -12.3  -18.2     61   2.26     90     15  337.5  345.8  337.9
  403.0   7563  -12.5  -18.5     61   2.22     88     15  337.9  346.1  338.4
  400.0   7620  -12.9  -19.9     56   1.98     85     15  338.1  345.4  338.5
  391.0   7791  -14.2  -21.6     53   1.75     80     12  338.7  345.2  339.1
  376.0   8085  -16.3  -24.5     49   1.41    110      5  339.6  345.0  339.9
  361.0   8392  -18.6  -27.5     45   1.12    175      7  340.6  344.9  340.8
  359.0   8433  -18.9  -27.9     45   1.08    177      7  340.7  344.9  340.9
  346.0   8706  -20.9  -29.9     44   0.93    190      6  341.6  345.2  341.8
  336.0   8922  -22.5  -31.5     44   0.82    176      4  342.3  345.5  342.5
  332.0   9009  -23.3  -31.4     47   0.84    170      3  342.4  345.7  342.6
  319.0   9299  -25.9  -31.0     62   0.91     65      3  342.8  346.3  342.9
  311.0   9483  -27.5  -30.7     74   0.96     83      7  343.0  346.7  343.2
  306.0   9599  -28.7  -31.3     78   0.92     95      9  342.9  346.5  343.1
  300.0   9740  -29.7  -35.7     56   0.61     90     10  343.4  345.9  343.5
  297.0   9812  -30.1  -38.1     46   0.48     90     10  343.8  345.8  343.9
  289.0  10007  -31.5  -43.5     30   0.28     92     10  344.5  345.7  344.6
  283.0  10155  -32.7  -46.7     23   0.20     93     11  344.9  345.7  344.9
  274.0  10383  -34.3  -42.3     44   0.34     94     11  345.8  347.2  345.8
  270.0  10486  -35.1  -42.4     47   0.34     95     11  346.0  347.4  346.1
  257.0  10830  -37.9  -42.9     59   0.34    105     15  346.8  348.2  346.9
  250.0  11020  -39.5  -45.5     53   0.26    110     17  347.2  348.3  347.3
  247.0  11103  -40.1  -47.1     47   0.22    112     18  347.5  348.5  347.6
  226.0  11695  -45.0                         125     25  349.0         349.0
  200.0  12510  -51.7                         115     32  350.7         350.7
  150.0  14310  -67.3                         100     51  354.0         354.0
  140.0  14716  -71.0                         100     55  354.6         354.6
  134.0  14974  -73.3                          99     53  354.9         354.9
  107.0  16253  -81.5                          96     45  362.9         362.9
  100.0  16630  -81.5                          95     42  370.0         370.0
   92.7  17055  -83.7                         100     41  373.8         373.8
   92.0  17097  -83.7                         100     40  374.7         374.7
   84.2  17592  -83.1                          97     28  385.4         385.4
   78.0  18027  -79.5                          95     17  401.5         401.5
   74.0  18327  -76.9                          65     15  412.9         412.9
   72.7  18428  -76.1                          63     11  416.7         416.7
   71.3  18541  -72.7                          61      6  426.3         426.3
   71.0  18566  -72.4                          60      5  427.4         427.4
   70.0  18650  -71.5                          45      4  431.1         431.1
   68.8  18752  -70.9                          15      8  434.5         434.5
   67.0  18907  -71.7                         330     13  436.2         436.2
   61.0  19455  -74.3                         285     22  442.2         442.2
   60.1  19542  -74.7                         280     22  443.1         443.1
   58.0  19748  -74.8                         270     21  447.4         447.4
   54.0  20161  -75.1                         293     13  456.0         456.0
   52.0  20381  -73.3                         305      9  465.0         465.0
   50.0  20610  -71.5                         330      9  474.6         474.6
   49.3  20693  -71.1                         340      8  477.4         477.4
   49.0  20730  -71.0                         345      8  478.5         478.5
   47.0  20978  -70.5                          80      9  485.4         485.4
   45.0  21237  -70.0                          50     12  492.8         492.8
   42.0  21647  -69.1                         105     19  504.7         504.7
   41.2  21762  -68.9                         104     19  508.1         508.1
   39.3  22046  -65.7                         101     20  523.0         523.0
   35.9  22596  -66.3                          96     21  535.2         535.2
   34.4  22856  -63.3                          93     21  549.6         549.6
   32.8  23148  -64.1                          90     22  555.0         555.0
   31.1  23476  -62.5                          87     23  567.8         567.8
   30.0  23700  -58.3                          85     23  585.1         585.1
   29.5  23806  -56.9                          53     19  591.8         591.8
   29.0  23914  -55.9                          20     15  597.4         597.4
   28.4  24046  -54.7                           8     15  604.3         604.3
   27.0  24365  -55.9                         340     15  609.7         609.7
   26.0  24603  -56.8                         345      6  613.8         613.8
   25.0  24850  -57.7                         160      6  618.0         618.0
   24.0  25108  -58.7                         155     15  622.5         622.5
   23.6  25214  -59.1                         150     15  624.3         624.3
   23.0  25376  -57.9                         120     34  632.4         632.4
   22.2  25598  -56.3                         112     39  643.6         643.6
   20.0  26260  -54.9                          90     55  667.4         667.4
   16.5  27497  -51.9                          97     62  714.8         714.8
   15.0  28116  -51.5                         100     65  735.7         735.7
   13.4  28848  -51.1                          95     73  761.3         761.3
   13.0                                        95     73                     
