-----------------------------------------------------------------------------
   PRES   HGHT   TEMP   DWPT   RELH   MIXR   DRCT   SKNT   THTA   THTE   THTV
    hPa     m      C      C      %    g/kg    deg   knot     K      K      K 
-----------------------------------------------------------------------------
 1008.0     12   29.2   24.9     78  20.15    300      4  301.7  361.4  305.3
 1000.0     90   28.6   22.6     70  17.61    305      7  301.8  353.9  304.9
  976.0    306   27.5   20.8     67  16.11    325      7  302.8  350.7  305.7
  944.0    601   26.0   18.3     62  14.24      5      5  304.1  346.8  306.7
  935.0    686   25.6   17.6     61  13.73      5      6  304.5  345.8  307.1
  925.0    781   24.8   17.8     65  14.06      5      7  304.7  346.9  307.2
  912.0    903   23.7   17.5     68  14.02      0      7  304.8  346.9  307.4
  881.0   1202   21.1   16.9     77  13.92    335     11  305.1  347.0  307.7
  859.0   1421   19.2   16.4     84  13.85    317     11  305.3  347.0  307.9
  850.0   1511   18.8   16.3     85  13.91    310     11  305.8  347.8  308.4
  822.0   1799   17.6   12.9     74  11.49    285     11  307.5  342.5  309.7
  807.0   1958   17.0   11.0     68  10.32    287     12  308.5  340.1  310.4
  784.0   2205   15.0   12.1     83  11.44    289     13  308.9  343.9  311.0
  750.0   2582   14.4   10.1     75  10.45    294     15  312.2  344.7  314.1
  700.0   3165   12.0    5.0     62   7.87    300     18  315.7  340.8  317.2
  685.0   3347   11.2    4.2     62   7.60    300     17  316.8  341.1  318.3
  664.0   3604    9.8    3.3     64   7.36    300     15  318.0  341.7  319.4
  641.0   3897    8.2    2.3     66   7.09    270     13  319.4  342.4  320.8
  609.0   4321    5.8    0.8     70   6.70    280     14  321.4  343.4  322.7
  553.0   5103    1.2   -4.6     65   4.95    300     17  325.0  341.6  325.9
  539.0   5311    0.0   -6.0     64   4.56    295     16  325.9  341.3  326.8
  513.0   5705   -2.3   -8.3     63   4.01    285     13  327.8  341.5  328.6
  500.0   5910   -3.5   -9.5     63   3.74    295     12  328.7  341.6  329.4
  476.0   6295   -6.3  -15.0     50   2.51    315     12  329.9  338.8  330.4
  474.0   6328   -6.5  -15.5     49   2.43    314     12  330.1  338.7  330.5
  458.0   6594   -8.2  -15.1     58   2.60    305      9  331.1  340.4  331.7
  452.0   6696   -8.9  -14.9     62   2.68    277      8  331.6  341.0  332.1
  441.0   6886   -9.1  -17.1     52   2.28    225      6  333.6  341.9  334.1
  440.0   6903   -9.2  -17.3     52   2.26    220      6  333.7  341.8  334.1
  423.0   7204  -11.4  -20.3     48   1.82    195      6  334.7  341.4  335.1
  407.0   7498  -13.5  -23.2     44   1.46    210      5  335.6  341.1  335.9
  400.0   7630  -14.5  -24.5     42   1.32    175      2  336.1  341.0  336.3
  396.0   7706  -15.1  -26.1     39   1.16    151      2  336.2  340.6  336.5
  376.0   8095  -17.6  -26.7     45   1.16     25      3  338.0  342.4  338.2
  355.0   8527  -20.3  -27.3     54   1.15     46      7  339.9  344.3  340.1
  350.0   8632  -21.1  -25.4     68   1.39     52      8  340.2  345.5  340.5
  333.0   8998  -23.0  -26.9     70   1.28     70     11  342.4  347.4  342.7
  314.0   9429  -25.3  -28.7     73   1.15    110     10  345.1  349.6  345.3
  307.0   9593  -26.5  -30.6     68   0.98    125     10  345.6  349.5  345.9
  300.0   9760  -27.7  -32.6     63   0.83    130     11  346.2  349.5  346.4
  262.0  10716  -35.7  -38.1     79   0.55    162     19  348.1  350.4  348.3
  259.0  10796  -36.4  -39.3     75   0.49    165     20  348.3  350.3  348.4
  250.0  11040  -38.5  -42.9     63   0.35    165     21  348.7  350.2  348.8
  243.0  11234  -40.1  -45.1     59   0.28    165     20  349.1  350.3  349.2
  217.0  11987  -46.4                         165     14  350.9         350.9
  200.0  12530  -50.9                         125     17  352.0         352.0
  198.0  12594  -51.5                         120     18  352.0         352.0
  175.0  13382  -59.1                         107     32  352.2         352.2
  164.0  13781  -62.3                         100     40  353.4         353.4
  150.0  14330  -66.7                         110     52  355.0         355.0
  134.0  14992  -71.3                         105     59  358.5         358.5
  112.0  16046  -78.5                          88     31  363.8         363.8
  109.0  16200  -78.7                          85     27  366.2         366.2
  100.0  16690  -79.5                          70     23  373.9         373.9
   93.0  17098  -81.5                          65     19  377.8         377.8
   92.3  17141  -81.7                          65     19  378.2         378.2
   88.0  17409  -80.1                          70     14  386.6         386.6
   86.4  17512  -79.5                         109      9  389.8         389.8
   84.0  17670  -80.3                         170      2  391.4         391.4
   79.0  18013  -82.0                         240      7  394.7         394.7
   75.0  18304  -83.5                         240     13  397.5         397.5
   74.5  18341  -83.7                         236     13  397.9         397.9
   71.0  18610  -80.5                         210     14  410.2         410.2
   70.6  18642  -80.1                         208     14  411.7         411.7
   70.0  18690  -79.7                         205     13  413.6         413.6
   65.1  19100  -80.9                         213      7  419.6         419.6
   64.0  19196  -80.5                         215      6  422.6         422.6
   59.0  19657  -78.5                         128     12  437.0         437.0
   58.3  19725  -78.1                         116     13  439.4         439.4
   58.0  19755  -76.4                         110     13  443.9         443.9
   57.6  19795  -74.1                                     449.9         449.9
   55.9  19970  -71.1                                     460.6         460.6
