-----------------------------------------------------------------------------
   PRES   HGHT   TEMP   DWPT   RELH   MIXR   DRCT   SKNT   THTA   THTE   THTV
    hPa     m      C      C      %    g/kg    deg   knot     K      K      K 
-----------------------------------------------------------------------------
 1009.0     12   27.8   25.3     86  20.63    170      1  300.2  361.0  303.9
 1008.0     21   27.0   24.3     85  19.41    151      1  299.5  356.5  302.9
 1000.0     92   25.8   22.3     81  17.28      0      1  298.9  349.5  302.0
  977.0    297   24.7   21.4     82  16.73    325      5  299.8  348.9  302.8
  925.0    779   22.0   19.3     85  15.48    330     17  301.8  347.7  304.6
  922.0    807   21.6   19.1     86  15.34    331     17  301.7  347.1  304.4
  909.0    932   22.0   18.4     80  14.88    336     19  303.3  347.7  306.0
  882.0   1194   20.4   17.4     83  14.35    345     23  304.2  347.2  306.9
  850.0   1516   18.4   16.1     86  13.73    335     22  305.4  346.7  307.9
  714.0   2997   10.8    9.2     90  10.33    290     18  312.6  344.8  314.6
  700.0   3163   11.0    8.2     83   9.84    285     18  314.6  345.6  316.5
  695.0   3223   11.0    7.3     78   9.32    284     17  315.3  344.7  317.1
  618.0   4195    4.6   -0.4     70   6.05    260      5  318.7  338.4  319.9
  617.0   4209    4.5   -0.5     70   6.03    260      5  318.8  338.4  319.9
  574.0   4794    1.8   -3.8     66   5.04    260     11  322.2  338.9  323.2
  553.0   5096    0.3   -5.6     64   4.59    280      8  323.9  339.3  324.8
  548.0   5170    0.0   -6.0     64   4.48    280      7  324.4  339.5  325.2
  532.0   5407   -1.9   -6.6     70   4.41    280      5  324.9  339.7  325.7
  527.0   5483   -2.5   -6.8     72   4.38    310      5  325.0  339.8  325.9
  512.0   5712   -3.2  -10.8     56   3.28     40      5  326.8  338.2  327.5
  506.0   5806   -3.5  -12.5     50   2.91     55      7  327.6  337.7  328.2
  500.0   5900   -4.3  -11.3     58   3.24     70      9  327.7  339.0  328.4
  493.0   6011   -5.1  -13.4     52   2.78     60     10  328.1  337.8  328.6
  484.0   6155   -6.1  -16.1     45   2.26     54     11  328.6  336.6  329.0
  463.0   6501   -8.7  -13.3     69   2.98     39     14  329.5  340.0  330.1
  457.0   6601   -9.1  -15.8     58   2.46     35     15  330.3  339.0  330.8
  445.0   6807   -9.9  -20.9     40   1.63     40     16  331.8  337.7  332.1
  408.0   7470  -14.5  -22.5     51   1.55     56     21  334.2  339.9  334.5
  404.0   7545  -14.7  -20.7     60   1.83     58     21  334.8  341.6  335.2
  400.0   7620  -14.7  -23.7     46   1.42     60     22  335.8  341.1  336.1
  398.0   7658  -14.9  -25.9     39   1.17     62     21  336.0  340.4  336.2
  375.0   8104  -17.5  -23.0     62   1.62     85     13  338.4  344.4  338.7
  373.0   8144  -17.7  -22.7     65   1.66     84     12  338.6  344.8  338.9
  346.0   8699  -21.4  -29.2     49   0.99     65      3  341.0  344.8  341.2
  345.0   8721  -21.5  -29.5     48   0.97     75      3  341.1  344.8  341.3
  332.0   8998  -23.7  -31.7     48   0.82    210      2  341.8  345.0  342.0
  318.0   9309  -26.2  -34.2     47   0.67    200      8  342.6  345.3  342.8
  306.0   9587  -28.4  -36.4     46   0.56    215     11  343.3  345.6  343.4
  300.0   9730  -29.5  -37.5     46   0.51    210     11  343.7  345.8  343.8
  294.0   9875  -30.7  -35.5     63   0.64    196     10  344.0  346.5  344.1
  284.0  10121  -32.5  -40.5     45   0.40    172      9  344.8  346.4  344.9
  269.0  10499  -35.8  -43.0     48   0.32    135      8  345.3  346.7  345.4
  251.0  10983  -40.1  -46.1     53   0.24    116     16  345.9  347.0  346.0
  250.0  11010  -40.3                         115     16  346.0         346.0
  236.0  11390  -43.5                         110     15  346.9         346.9
  200.0  12480  -52.7                         130     33  349.1         349.1
  179.0  13174  -59.1                         125     34  349.9         349.9
  157.0  13995  -66.7                         114     41  350.4         350.4
  150.0  14270  -68.5                         110     44  351.9         351.9
  130.0  15112  -74.9                          94     47  355.1         355.1
  126.0  15292  -76.3                          90     48  355.8         355.8
  121.0  15525  -78.1                          91     46  356.6         356.6
  110.0  16064  -80.7                          93     40  361.6         361.6
  100.0  16600  -80.9                          95     34  371.2         371.2
   97.0  16771  -81.5                          85     31  373.2         373.2
   88.2  17304  -83.5                          75     30  379.5         379.5
   87.0  17380  -83.5                          80     27  381.1         381.1
   78.0  17989  -83.1                         125     17  394.0         394.0
   74.2  18268  -82.9                         125     20  400.0         400.0
   74.0  18283  -82.5                         125     20  401.1         401.1
   70.0  18600  -74.7                          65     10  424.2         424.2
   68.5  18726  -72.1                          48      8  432.5         432.5
   67.0  18857  -71.2                          30      5  437.2         437.2
   63.4  19184  -68.9                         314     18  449.2         449.2
   63.0  19221  -69.0                         305     20  449.8         449.8
   60.0  19511  -69.6                         275     27  454.7         454.7
   57.0  19815  -70.3                         270     19  459.9         459.9
   54.0  20135  -71.0                         300     12  465.4         465.4
   53.7  20168  -71.1                         299     12  465.9         465.9
   52.0  20358  -70.7                         290     10  471.1         471.1
   50.0  20590  -70.3                         265      6  477.4         477.4
   48.2  20807  -71.5                         161     10  479.6         479.6
   47.0  20957  -69.6                          90     12  487.7         487.7
   46.6  21008  -68.9                          84     13  490.5         490.5
   44.0  21350  -69.6                          40     19  496.8         496.8
   41.0  21771  -70.5                          84     23  504.8         504.8
   40.0  21921  -69.4                         100     25  511.2         511.2
   38.0  22232  -67.0                         105     24  524.8         524.8
   34.2  22870  -62.1                         141     27  553.6         553.6
   31.0  23477  -62.5                         175     29  568.3         568.3
   30.0  23680  -61.7                         145     29  575.9         575.9
   28.2  24066  -57.1                         107     30  598.9         598.9
   27.0  24342  -55.7                          80     31  610.2         610.2
   26.8  24389  -55.5                          78     30  612.2         612.2
   24.0  25083  -58.8                          50     22  622.1         622.1
   23.0  25351  -60.1                          60     23  626.0         626.0
   20.5  26067  -60.7                          89     35  645.1         645.1
   20.0  26220  -60.1                          95     38  651.5         651.5
   19.5  26379  -56.1                          91     45  668.5         668.5
   18.0  26892  -54.3                          80     68  689.5         689.5
   17.7  27000  -54.0                          80     68  694.0         694.0
   17.0  27258  -53.1                          75     66  704.9         704.9
   16.7  27372  -52.7                                     709.8         709.8
