-----------------------------------------------------------------------------
   PRES   HGHT   TEMP   DWPT   RELH   MIXR   DRCT   SKNT   THTA   THTE   THTV
    hPa     m      C      C      %    g/kg    deg   knot     K      K      K 
-----------------------------------------------------------------------------
 1010.0     12   26.6   25.4     93  20.73     90      8  298.9  359.7  302.6
 1009.0     21   28.0   22.0     70  16.81     85      7  300.4  349.9  303.4
 1000.0    101   27.8   21.8     70  16.75     40      1  300.9  350.4  304.0
  978.0    298   26.0   21.1     74  16.40    330      3  301.1  349.5  304.0
  938.0    668   22.6   19.8     84  15.76    315     13  301.2  347.8  304.1
  925.0    791   22.8   18.4     76  14.62    310     17  302.6  346.1  305.3
  914.0    896   22.5   17.9     75  14.29    295     16  303.3  345.9  305.9
  897.0   1061   22.0   17.0     73  13.78    281     14  304.5  345.8  307.0
  883.0   1198   20.9   16.1     74  13.25    270     13  304.7  344.5  307.1
  850.0   1530   18.2   14.1     77  12.04    260     14  305.2  341.5  307.4
  821.0   1826   15.6   13.6     88  12.06    255     13  305.5  341.9  307.7
  795.0   2097   13.7   12.0     90  11.17    250     12  306.2  340.1  308.3
  771.0   2355   11.8   10.4     91  10.37    256     12  306.9  338.5  308.9
  740.0   2699   11.8    7.4     74   8.80    265     13  310.6  337.9  312.2
  724.0   2881   11.8    5.8     67   8.05    259     12  312.5  337.8  314.0
  714.0   2997   11.1    3.9     61   7.14    255     11  313.0  335.6  314.4
  700.0   3162   10.2    1.2     54   6.00    265      9  313.8  332.9  314.9
  675.0   3464    8.4    2.4     66   6.79    267      9  315.0  336.6  316.3
  640.0   3903    6.4   -4.0     48   4.48    270      8  317.5  332.3  318.4
  627.0   4072    5.6   -6.4     42   3.80    194      6  318.5  331.1  319.2
  620.0   4164    5.0   -5.0     48   4.28    153      5  318.9  333.0  319.7
  617.0   4204    4.6   -4.2     53   4.58    135      5  318.9  334.0  319.8
  615.0   4230    4.4   -3.6     56   4.79    138      5  318.9  334.7  319.8
  610.0   4297    4.4   -9.6     35   3.04    147      5  319.6  329.9  320.2
  589.0   4582    2.6   -8.4     44   3.46    183      4  320.8  332.4  321.4
  574.0   4790    0.9   -5.5     62   4.43    210      3  321.2  335.9  322.0
  566.0   4903    0.0   -4.0     74   5.05    201      3  321.4  338.1  322.4
  552.0   5104   -0.7   -8.6     55   3.65    185      4  322.9  335.2  323.6
  548.0   5162   -0.9   -9.9     50   3.31    186      4  323.3  334.6  323.9
  542.0   5250   -0.5  -18.5     24   1.65    189      5  324.8  330.7  325.1
  521.0   5565   -3.1  -17.1     33   1.93    197      7  325.4  332.2  325.7
  513.0   5687   -4.0  -14.6     43   2.41    200      8  325.7  334.1  326.2
  500.0   5890   -5.5  -10.5     68   3.46    240      7  326.3  338.1  326.9
  493.0   6001   -6.0  -10.9     69   3.41    240      7  326.9  338.7  327.6
  477.0   6260   -7.3  -11.7     71   3.29    220      7  328.5  339.9  329.1
  462.0   6510   -7.9  -16.9     48   2.22    201      8  330.7  338.6  331.2
  457.0   6594   -8.4  -16.5     52   2.32    195      8  331.1  339.3  331.5
  439.0   6907  -10.5  -15.0     70   2.73    320      2  332.3  342.0  332.9
  430.0   7067  -11.7  -14.6     79   2.88    268      3  332.8  343.0  333.3
  422.0   7211  -12.5  -15.2     80   2.79    220      4  333.5  343.4  334.1
  420.0   7247  -12.7  -15.4     80   2.76    223      5  333.7  343.6  334.3
  413.0   7376  -13.5  -17.5     72   2.36    232      6  334.3  342.8  334.8
  412.0   7395  -13.7  -20.7     56   1.80    233      7  334.3  340.8  334.6
  410.0   7432  -13.9  -18.4     69   2.20    236      7  334.5  342.4  334.9
  400.0   7620  -14.7  -19.2     69   2.11    250     10  335.8  343.5  336.2
  391.0   7791  -15.7  -22.7     55   1.59    251      9  336.7  342.6  337.0
  377.0   8064  -18.1  -20.4     82   2.01    253      7  337.0  344.4  337.4
  360.0   8406  -20.0  -23.8     72   1.56    255      5  339.0  344.9  339.3
  359.0   8427  -20.1  -24.0     71   1.54    255      5  339.1  344.9  339.4
  350.0   8614  -20.9  -28.9     49   1.01    251      3  340.5  344.4  340.7
  346.0   8698  -21.5  -28.7     52   1.04    250      2  340.7  344.7  340.9
  345.0   8720  -21.7  -28.7     53   1.04    255      2  340.8  344.8  341.0
  341.0   8805  -22.3  -28.3     58   1.10    273      3  341.1  345.4  341.4
  337.0   8891  -22.9  -33.9     36   0.65    291      3  341.5  344.0  341.6
  332.0   9000  -23.8  -33.8     39   0.67    315      4  341.7  344.3  341.8
  327.0   9110  -24.7  -33.7     43   0.68    304      5  341.9  344.6  342.1
  318.0   9312  -25.6  -43.6     17   0.25    285      6  343.4  344.5  343.5
  317.0   9335  -25.7  -44.7     15   0.23    285      6  343.6  344.6  343.6
  300.0   9730  -28.7  -42.7     25   0.30    280      9  344.8  346.1  344.9
  275.0  10343  -34.3  -41.3     49   0.38    288      4  345.4  346.9  345.5
  269.0  10495  -35.5  -42.7     47   0.33    290      3  345.8  347.2  345.9
  258.0  10783  -37.8  -45.5     44   0.26    330      4  346.6  347.7  346.7
  250.0  11000  -39.5  -47.5     42   0.21      0      6  347.2  348.1  347.2
  248.0  11055  -39.9  -46.9     47   0.23      2      6  347.4  348.4  347.4
  246.0  11109  -40.4                           5      6  347.5         347.5
  206.0  12293  -51.1                          40      4  348.7         348.7
  200.0  12490  -52.9                          35      5  348.8         348.8
  180.0  13157  -58.7                          41     11  350.0         350.0
  170.0  13506  -61.7                          45     14  350.8         350.8
  162.0  13800  -64.2                          30     13  351.4         351.4
  150.0  14270  -68.3                          55     17  352.2         352.2
  144.0  14513  -70.5                          67     23  352.5         352.5
  140.0  14679  -71.6                          75     27  353.4         353.4
  129.0  15159  -74.9                          75     39  355.9         355.9
  126.0  15294  -75.3                          75     42  357.6         357.6
  108.0  16178  -78.0                          40     13  368.6         368.6
  102.0  16506  -79.0                          10      6  372.8         372.8
  100.0  16620  -79.3                         355      3  374.3         374.3
   97.0  16792  -80.1                         195      5  376.1         376.1
   92.0  17092  -81.4                         185     13  379.2         379.2
   91.6  17117  -81.5                         185     13  379.4         379.4
   87.0  17409  -79.2                         150      8  389.6         389.6
   86.3  17454  -78.9                         162      8  391.2         391.2
   83.0  17676  -79.6                         220      9  394.1         394.1
   78.2  18014  -80.7                         243     11  398.6         398.6
   74.0  18326  -80.8                         265     12  404.7         404.7
   71.3  18536  -80.9                         269     13  408.8         408.8
   71.0  18560  -80.5                         270     13  410.2         410.2
   70.0  18640  -79.1                         275     13  414.8         414.8
   67.4  18855  -76.5                         292     13  425.0         425.0
   67.0  18890  -76.5                         295     13  425.7         425.7
   64.0  19152  -76.4                         265      8  431.6         431.6
   62.2  19316  -76.3                         316      6  435.3         435.3
   60.2  19505  -72.3                          14      4  448.3         448.3
   60.0  19525  -72.1                          20      4  449.1         449.1
   57.0  19827  -69.6                         290     15  461.5         461.5
   56.9  19837  -69.5                         289     15  461.9         461.9
   54.0  20146  -71.0                         270     14  465.4         465.4
   53.5  20201  -71.3                         254     14  466.0         466.0
   52.0  20369  -70.9                         205     15  470.8         470.8
   50.0  20600  -70.3                         180     15  477.4         477.4
   45.0  21231  -68.7                         125     19  495.9         495.9
   42.7  21545  -67.9                         101     19  505.4         505.4
   40.0  21947  -65.6                          70     19  520.6         520.6
   37.0  22428  -62.9                          75      9  539.3         539.3
   35.0  22770  -61.0                          30      7  552.9         552.9
   33.0  23132  -58.9                          50     12  567.7         567.7
   32.6  23208  -58.5                          36     13  570.9         570.9
   32.0  23324  -58.7                          15     15  573.3         573.3
   30.4  23647  -59.3                         359     13  580.2         580.2
   30.0  23730  -58.7                         355     13  584.0         584.0
   29.0  23943  -58.0                         300      9  591.6         591.6
   27.7  24232  -57.1                          46      6  602.0         602.0
   27.0  24395  -55.5                         105      4  610.9         610.9
   26.0  24636  -53.1                         115     16  624.3         624.3
   25.0  24887  -53.7                         105     13  629.6         629.6
   22.0  25704  -55.7                         125     35  647.2         647.2
   21.1  25971  -56.3                         120     38  653.0         653.0
   20.0  26310  -56.5                         105     42  662.5         662.5
   18.7  26736  -56.7                          92     54  674.7         674.7
   18.0  26981  -54.4                          85     61  689.5         689.5
   16.9  27386  -50.5                          86     63  714.4         714.4
   14.3  28484  -46.9                          88     67  761.4         761.4
   12.0  29645  -46.9                          90     71  800.6         800.6
   11.9  29701  -46.9                          90     71  802.5         802.5
   11.0  30222  -46.9                          85     70  820.7         820.7
   10.4  30593  -46.9                                     834.0         834.0
