-----------------------------------------------------------------------------
   PRES   HGHT   TEMP   DWPT   RELH   MIXR   DRCT   SKNT   THTA   THTE   THTV
    hPa     m      C      C      %    g/kg    deg   knot     K      K      K 
-----------------------------------------------------------------------------
 1009.0     12   29.4   27.0     87  22.89    350      4  301.8  369.9  305.9
 1008.0     21   29.2   23.2     70  18.13    343      4  301.7  355.4  304.9
 1000.0     94   28.6   21.6     66  16.54    285      4  301.8  350.8  304.7
  977.0    299   26.8   20.9     70  16.22    325      7  302.0  350.1  304.9
  925.0    782   22.6   19.3     82  15.48    335     12  302.4  348.4  305.2
  918.0    848   22.0   18.8     82  15.11    336     13  302.4  347.4  305.2
  885.0   1168   20.8   17.1     79  14.06    340     18  304.4  346.5  307.0
  884.0   1177   20.8   17.1     79  14.08    340     18  304.5  346.7  307.1
  882.0   1197   20.8   16.6     77  13.68    340     18  304.7  345.8  307.2
  863.0   1386   21.0   12.0     56  10.31    334     19  306.8  338.2  308.7
  850.0   1518   20.6    9.6     49   8.90    330     20  307.7  335.0  309.4
  794.0   2100   16.4    8.7     60   8.99    330     10  309.3  337.1  311.0
  740.0   2701   12.2    7.8     75   9.08    270      8  310.9  339.1  312.6
  731.0   2806   11.4    7.7     78   9.10    282      9  311.2  339.5  312.9
  714.0   3003   10.9    6.9     77   8.84    305     11  312.7  340.4  314.4
  700.0   3169   10.4    6.3     76   8.63    325     11  314.0  341.1  315.6
  682.0   3386   10.0    5.0     71   8.08    327     12  315.9  341.6  317.4
  664.0   3605    8.7    4.1     73   7.77    330     13  316.8  341.6  318.3
  595.0   4502    3.3    0.2     80   6.58    325     14  320.6  342.1  321.9
  557.0   5042    0.0   -2.1     86   5.92    284      7  322.9  342.4  324.0
  553.0   5099   -0.3   -2.7     84   5.70    280      6  323.2  342.1  324.3
  533.0   5392   -1.9   -5.8     74   4.67      0      1  324.7  340.4  325.6
  513.0   5697   -3.5   -9.1     65   3.77    310      4  326.3  339.2  327.1
  508.0   5775   -3.9   -9.9     63   3.57    318      4  326.7  339.0  327.4
  500.0   5900   -4.7   -9.7     68   3.68    330      5  327.2  339.9  328.0
  493.0   6011   -5.5   -9.3     75   3.86    337      5  327.6  340.8  328.4
  475.0   6303   -6.7  -10.8     73   3.55    355      6  329.6  341.9  330.3
  471.0   6369   -7.3  -10.5     78   3.67      5      6  329.6  342.4  330.4
  469.0   6402   -7.3  -10.2     80   3.78     10      6  330.1  343.1  330.8
  467.0   6435   -7.5  -10.6     78   3.67     15      6  330.2  343.0  330.9
  466.0   6452   -7.5  -10.8     77   3.62     17      6  330.4  343.0  331.1
  465.0   6469   -7.1  -16.1     49   2.35     20      7  331.1  339.5  331.6
  464.0   6486   -7.1  -22.1     29   1.41     22      7  331.3  336.5  331.6
  463.0   6502   -7.1  -22.1     29   1.41     25      7  331.5  336.7  331.8
  459.0   6570   -7.5  -14.5     57   2.72     35      7  331.8  341.5  332.4
  457.0   6604   -7.7  -15.0     56   2.62     40      7  332.0  341.3  332.5
  452.0   6690   -8.3  -16.3     53   2.38     36      8  332.3  340.8  332.8
  450.0   6724   -8.5  -17.5     48   2.16     35      8  332.5  340.3  332.9
  449.0   6741   -8.5  -13.3     68   3.07     34      8  332.7  343.6  333.3
  444.0   6828   -8.7  -17.7     48   2.16     30      8  333.5  341.3  333.9
  421.0   7239  -11.1  -22.1     40   1.55     12     11  335.5  341.3  335.9
  407.0   7497  -13.1  -21.4     50   1.70      0     13  336.2  342.5  336.6
  400.0   7630  -14.1  -21.1     55   1.79      5     12  336.6  343.2  336.9
  398.0   7668  -14.3  -20.3     60   1.92      7     12  336.8  343.9  337.2
  361.0   8394  -19.6  -25.6     59   1.33     45     15  339.3  344.4  339.6
  333.0   8994  -23.9  -29.9     58   0.97     15     12  341.3  345.0  341.5
  328.0   9106  -24.7  -30.7     57   0.91     20     11  341.6  345.2  341.8
  315.0   9399  -26.9  -32.9     57   0.77     35      8  342.5  345.6  342.7
  311.0   9492  -27.3  -36.3     42   0.55     39      7  343.2  345.5  343.4
  306.0   9608  -28.1  -38.5     36   0.45     45      6  343.7  345.6  343.8
  300.0   9750  -29.1  -41.1     30   0.35     80      4  344.2  345.7  344.3
  294.0   9893  -30.2  -44.6     23   0.25    130      3  344.7  345.8  344.8
  290.0   9990  -30.9  -46.9     19   0.19    147      4  345.0  345.9  345.1
  281.0  10209  -32.8  -48.1     20   0.17    185      6  345.5  346.2  345.5
  250.0  11020  -39.7  -52.7     24   0.12    115     11  346.9  347.4  346.9
  248.0  11075  -40.1  -52.1     27   0.13    112     12  347.1  347.7  347.1
  247.0  11101  -40.3                         110     12  347.2         347.2
  226.0  11690  -45.1                         110     20  348.8         348.8
  200.0  12500  -51.7                         105     30  350.7         350.7
  150.0  14300  -67.1                         110     49  354.3         354.3
  120.0  15582  -76.5                         120     55  360.5         360.5
  100.0  16630  -84.1                          90     46  365.0         365.0
   93.5  17003  -85.5                          85     39  369.3         369.3
   92.0  17093  -82.5                          85     36  377.0         377.0
   91.9  17099  -82.3                          85     36  377.5         377.5
   87.0  17408  -80.9                          95     22  386.3         386.3
   84.4  17580  -80.1                         120     21  391.2         391.2
   83.2  17662  -77.5                         132     20  398.1         398.1
   78.0  18031  -78.5                         185     17  403.5         403.5
   74.0  18332  -79.3                         200     14  408.0         408.0
   71.0  18569  -79.9                         250      9  411.5         411.5
   70.0  18650  -80.1                         255      9  412.7         412.7
   69.7  18674  -80.3                         255      9  412.8         412.8
   68.0  18815  -78.1                         252      7  420.4         420.4
   64.0  19160  -78.4                         245      3  427.1         427.1
   61.0  19434  -78.7                         159      7  432.4         432.4
   60.0  19529  -77.7                         130      8  436.6         436.6
   58.8  19644  -76.5                         126     14  441.9         441.9
   58.2  19704  -73.9                         124     17  449.0         449.0
   57.0  19826  -73.6                         120     23  452.4         452.4
   54.0  20143  -72.8                         135     14  461.3         461.3
   53.0  20252  -72.5                         118     12  464.4         464.4
   52.0  20365  -70.0                         100      9  472.9         472.9
   51.2  20457  -67.9                          76     11  479.8         479.8
   50.0  20600  -67.7                          40     15  483.5         483.5
   49.0  20720  -68.5                          35     18  484.4         484.4
   46.7  21007  -70.5                          31     21  486.3         486.3
   44.6  21280  -70.5                          26     23  492.8         492.8
   44.0  21360  -68.7                          25     24  499.2         499.2
   43.5  21429  -67.1                          28     24  504.6         504.6
   37.7  22302  -61.5                          70     18  540.0         540.0
   37.0  22418  -61.2                          75     17  543.7         543.7
   35.0  22763  -60.3                          70     12  554.8         554.8
   34.2  22907  -59.9                          52     11  559.4         559.4
   33.0  23128  -60.3                          25     10  564.0         564.0
   32.0  23319  -60.7                         290      2  568.0         568.0
   30.0  23720  -61.5                         245     11  576.4         576.4
   29.0  23929  -61.9                         220     19  581.0         581.0
   26.4  24509  -62.9                         173     12  593.9         593.9
   26.0  24603  -62.7                         165     11  597.0         597.0
   25.1  24820  -62.3                          98     20  604.2         604.2
   25.0  24845  -61.9                          90     21  606.2         606.2
   24.1  25073  -57.9                          81     28  624.1         624.1
   23.0  25369  -56.0                          70     38  638.0         638.0
   22.6  25481  -55.3                          73     40  643.3         643.3
   20.0  26260  -55.1                          90     52  666.8         666.8
   19.3  26487  -54.1                          97     55  676.7         676.7
   18.0  26931  -55.5                         110     61  686.0         686.0
   17.6  27074  -55.9                         109     62  689.0         689.0
   13.4  28818  -52.0                          95     78  758.2         758.2
   13.3  28866  -51.9                          95     78  760.2         760.2
   13.0  29014  -51.3                          95     78  767.2         767.2
   12.5  29268  -50.3                          94     77  779.4         779.4
   11.2  29994  -42.9                          89     75  830.9         830.9
   10.0  30760  -40.3                          85     72  868.0         868.0
    9.8  30898  -40.7                                     871.5         871.5
