-----------------------------------------------------------------------------
   PRES   HGHT   TEMP   DWPT   RELH   MIXR   DRCT   SKNT   THTA   THTE   THTV
    hPa     m      C      C      %    g/kg    deg   knot     K      K      K 
-----------------------------------------------------------------------------
 1010.0     12   27.4   23.4     79  18.32    145      2  299.7  353.5  303.0
 1009.0     21   29.0   21.0     62  15.78    131      2  301.4  348.1  304.2
 1000.0    103   27.8   20.8     66  15.73      0      1  300.9  347.4  303.8
  978.0    300   26.5   19.5     65  14.78     10      2  301.5  345.3  304.2
  948.0    576   24.6   17.6     65  13.54    325      8  302.3  342.6  304.8
  945.0    604   24.5   17.3     64  13.29    320      9  302.5  342.1  304.9
  925.0    792   24.0   15.0     57  11.72    315     12  303.8  339.0  306.0
  914.0    896   24.0   13.0     50  10.40    312     10  304.9  336.3  306.8
  883.0   1193   21.4   12.1     55  10.13    305      6  305.2  335.9  307.1
  860.0   1420   19.4   11.4     60   9.94    268      5  305.4  335.6  307.3
  852.0   1500   18.9   11.7     63  10.25    255      4  305.8  336.8  307.6
  850.0   1520   18.8   11.8     64  10.33    255      4  305.8  337.1  307.7
  844.0   1581   18.4   13.5     73  11.65    258      4  306.0  341.3  308.2
  807.0   1967   16.8    7.8     55   8.29    274      3  308.3  333.8  309.8
  795.0   2095   15.8    8.8     63   9.02    280      3  308.6  336.3  310.2
  782.0   2235   14.8    9.9     72   9.88    278      3  308.9  339.3  310.8
  767.0   2400   14.4    5.5     55   7.46    275      2  310.2  333.5  311.6
  759.0   2489   14.2    3.2     48   6.39    290      3  310.9  331.0  312.1
  740.0   2703   12.7    1.7     47   5.88    325      5  311.5  330.1  312.6
  729.0   2830   11.8    0.8     47   5.59    310      3  311.9  329.6  312.9
  720.0   2934   11.0    6.3     73   8.38    298      2  312.1  338.3  313.7
  714.0   3004   10.7    4.6     66   7.52    290      1  312.5  336.2  313.9
  701.0   3158   10.0    1.0     54   5.90    262      3  313.4  332.2  314.5
  700.0   3170   10.0    0.0     50   5.50    260      3  313.5  331.1  314.6
  689.0   3301    9.0    2.6     64   6.73    210      2  313.9  335.2  315.1
  680.0   3410    8.2    4.7     79   7.94    167      3  314.1  339.2  315.6
  665.0   3592    7.2    3.6     78   7.49     95      4  315.0  338.8  316.4
  618.0   4189    4.0   -0.1     75   6.16     65      6  318.0  337.9  319.1
  565.0   4920    0.0   -4.7     71   4.80    117      8  321.6  337.5  322.5
  552.0   5105   -1.0   -5.6     71   4.60    130      9  322.5  337.9  323.4
  512.0   5702   -4.3   -8.3     73   4.01    145      9  325.6  339.2  326.3
  500.0   5890   -5.3   -9.2     74   3.83    135     10  326.5  339.6  327.3
  495.0   5969   -5.5   -9.2     75   3.87    127     10  327.2  340.5  328.0
  474.0   6307   -7.0  -16.8     46   2.18     90      8  329.4  337.2  329.9
  470.0   6373   -7.3  -18.3     41   1.93     92      8  329.9  336.8  330.2
  456.0   6607   -8.4  -20.6     37   1.64    100      6  331.3  337.2  331.6
  446.0   6778   -9.3  -22.3     34   1.44    123      8  332.3  337.6  332.6
  441.0   6865   -9.5  -23.5     31   1.31    135      9  333.1  338.0  333.4
  439.0   6900   -9.7  -22.6     34   1.42    140      9  333.3  338.6  333.6
  432.0   7024  -10.5  -19.5     48   1.90    145      8  333.8  340.8  334.2
  426.0   7131  -11.3  -19.3     52   1.96    150      8  334.1  341.3  334.5
  422.0   7203  -11.7  -19.7     52   1.91    153      7  334.5  341.5  334.9
  421.0   7221  -11.7  -19.7     52   1.92    154      7  334.8  341.8  335.1
  420.0   7239  -11.7  -24.7     33   1.24    154      7  335.0  339.6  335.2
  409.0   7441  -12.9  -27.9     27   0.95    163      6  336.0  339.6  336.2
  405.0   7516  -13.5  -21.5     51   1.70    166      6  336.2  342.5  336.5
  400.0   7610  -14.1  -24.1     43   1.37    170      5  336.6  341.7  336.9
  390.0   7800  -15.5  -25.8     41   1.20    170      6  337.2  341.8  337.5
  373.0   8135  -17.9  -28.9     38   0.95    159      9  338.3  342.0  338.5
  360.0   8396  -19.8  -28.8     45   0.99    150     12  339.3  343.1  339.5
  334.0   8948  -23.7  -28.6     64   1.09    108     11  341.2  345.4  341.5
  332.0   8992  -24.1  -28.7     66   1.08    105     11  341.2  345.4  341.4
  324.0   9168  -25.9  -29.3     73   1.05    102      9  341.2  345.2  341.4
  318.0   9303  -26.4  -32.0     59   0.82    100      7  342.3  345.5  342.5
  317.0   9326  -26.5  -32.5     57   0.79     98      7  342.5  345.6  342.6
  305.0   9602  -28.7  -34.7     56   0.66     70      9  343.1  345.8  343.3
  300.0   9720  -29.7  -35.7     56   0.61     65     11  343.4  345.9  343.5
  277.0  10283  -34.7  -38.6     68   0.49     83     10  344.1  346.1  344.2
  269.0  10485  -36.3  -40.5     65   0.41     90     10  344.6  346.4  344.7
  252.0  10936  -39.9  -44.9     59   0.28    121     12  345.8  347.0  345.9
  250.0  10990  -40.3                         125     12  346.0         346.0
  246.0  11098  -41.2                         125     13  346.2         346.2
  200.0  12480  -52.9                         110     30  348.8         348.8
  196.0  12606  -53.9                         110     32  349.3         349.3
  162.0  13791  -63.1                         120     50  353.2         353.2
  150.0  14270  -66.9                         105     48  354.6         354.6
  126.0  15272  -74.9                          95     54  358.3         358.3
  100.0  16600  -85.5                         100     64  362.3         362.3
   97.0  16767  -86.5                         100     64  363.5         363.5
   96.5  16795  -86.7                         100     64  363.7         363.7
   88.6  17266  -82.1                          71     26  381.8         381.8
   87.0  17368  -82.4                          65     18  383.3         383.3
   83.1  17623  -83.1                          26     15  386.9         386.9
   82.0  17698  -82.1                          15     14  390.3         390.3
   78.0  17980  -78.5                         350      8  403.4         403.4
   77.3  18031  -77.9                         339      8  405.8         405.8
   74.0  18281  -77.0                         285     10  412.7         412.7
   70.0  18600  -75.9                         270     15  421.7         421.7
   66.0  18940  -76.7                         245     17  427.1         427.1
   63.0  19211  -73.9                         225     19  439.0         439.0
   62.2  19286  -73.1                         221     18  442.4         442.4
   54.0  20117  -73.0                         175      8  460.9         460.9
   51.3  20419  -72.9                          85     14  467.9         467.9
   51.0  20453  -72.7                          75     15  469.2         469.2
   50.0  20570  -71.9                          75     20  473.6         473.6
   48.5  20751  -69.5                          80     17  483.5         483.5
   47.0  20937  -70.1                          85     14  486.4         486.4
   44.0  21328  -71.4                         120     21  492.4         492.4
   43.4  21410  -71.7                         118     23  493.7         493.7
   39.8  21923  -69.9                         103     32  510.6         510.6
   38.0  22202  -66.2                          95     37  526.7         526.7
   36.9  22380  -63.9                          89     35  537.1         537.1
   33.3  23015  -59.5                          67     28  564.8         564.8
   30.0  23670  -58.5                          45     21  584.6         584.6
   28.0  24101  -58.3                          71     14  596.8         596.8
   27.2  24283  -55.9                          82     12  608.5         608.5
   27.0  24329  -56.1                          85     11  609.2         609.2
   26.0  24566  -57.0                          80      2  613.2         613.2
   25.0  24811  -58.0                          10      4  617.3         617.3
   24.0  25066  -59.0                         135      6  621.6         621.6
   22.6  25442  -60.5                         165     11  627.9         627.9
   22.0  25609  -60.4                         160     13  633.0         633.0
   21.0  25897  -60.3                         120     29  641.9         641.9
   20.0  26200  -58.5                          95     42  656.4         656.4
   19.0  26524  -55.4                          85     47  675.8         675.8
   18.8  26591  -54.7                          85     47  679.9         679.9
   16.4  27461  -55.1                          85     53  705.7         705.7
   12.9  29013  -47.9                          85     61  780.7         780.7
   10.9  30120  -47.7                          85     68  820.0         820.0
   10.0  30690  -45.5                          85     71  848.6         848.6
    9.6  30963  -43.7                                     865.3         865.3
