-----------------------------------------------------------------------------
   PRES   HGHT   TEMP   DWPT   RELH   MIXR   DRCT   SKNT   THTA   THTE   THTV
    hPa     m      C      C      %    g/kg    deg   knot     K      K      K 
-----------------------------------------------------------------------------
 1008.0     12   29.2   23.2     70  18.13    320     19  301.7  355.4  304.9
 1000.0     85   28.8   21.8     66  16.75    320     10  301.9  351.6  305.0
  943.0    606   24.5   19.3     73  15.16    325     23  302.6  347.7  305.4
  937.0    663   24.0   19.0     74  14.99    323     23  302.7  347.3  305.4
  925.0    776   24.0   18.0     69  14.24    320     22  303.8  346.4  306.4
  885.0   1160   22.2   16.2     69  13.26    297     14  305.8  345.9  308.3
  881.0   1199   21.9   16.1     70  13.24    295     13  305.9  345.8  308.3
  851.0   1498   19.3   15.3     78  13.03    260      8  306.2  345.6  308.6
  850.0   1508   19.2   15.3     78  13.03    260      8  306.2  345.6  308.6
  822.0   1796   16.5   14.7     89  12.97    270     11  306.3  345.5  308.7
  817.0   1849   16.0   14.6     91  12.95    269     11  306.3  345.5  308.7
  765.0   2408   12.6   11.5     93  11.26    255     16  308.5  342.9  310.6
  763.0   2430   12.2   10.4     89  10.48    254     16  308.3  340.4  310.2
  755.0   2520   13.4   10.4     82  10.60    252     16  310.5  343.2  312.5
  725.0   2863   12.6    8.0     74   9.37    244     19  313.2  342.6  315.0
  713.0   3003   11.9    7.3     73   9.07    240     20  314.0  342.5  315.7
  700.0   3158   11.2    6.5     73   8.75    245     20  314.9  342.5  316.5
  640.0   3892    6.8    3.5     79   7.73    255     22  318.1  342.9  319.6
  595.0   4490    3.3    1.0     85   6.96    240     19  320.6  343.3  322.0
  573.0   4798    1.5   -0.3     88   6.59    260     16  322.0  343.6  323.3
  556.0   5045    0.0   -1.3     91   6.30    242     15  323.0  343.8  324.2
  532.0   5396   -1.8   -2.9     92   5.86    215     14  325.0  344.5  326.2
  504.0   5827   -3.9   -4.8     93   5.35    211     15  327.5  345.5  328.5
  500.0   5890   -4.1   -5.1     93   5.27    210     15  328.0  345.8  329.0
  475.0   6293   -5.9   -8.5     82   4.27    210     13  330.6  345.4  331.5
  472.0   6342   -6.1   -8.9     81   4.16    212     13  330.9  345.3  331.8
  451.0   6697   -7.1  -17.1     45   2.23    230     10  334.0  342.1  334.5
  423.0   7190  -10.4  -20.4     44   1.79    255      7  336.0  342.6  336.3
  407.0   7487  -12.4  -22.4     43   1.57    325      2  337.1  342.9  337.4
  400.0   7620  -13.3  -23.3     43   1.47    280      5  337.6  343.1  337.9
  394.0   7735  -14.3  -25.3     39   1.25    277      7  337.8  342.5  338.0
  391.0   7793  -14.8  -25.2     41   1.27    275      8  337.8  342.6  338.1
  379.0   8029  -16.9  -24.9     50   1.35    263      7  338.1  343.2  338.4
  376.0   8088  -17.0  -26.7     43   1.15    260      7  338.7  343.1  339.0
  367.0   8271  -17.3  -32.3     26   0.70    302      6  340.7  343.4  340.8
  361.0   8394  -18.0  -34.5     22   0.57    330      6  341.3  343.6  341.4
  351.0   8604  -19.3  -38.3     17   0.40    351      9  342.4  344.0  342.4
  347.0   8688  -20.1  -38.3     18   0.41      0     10  342.5  344.1  342.6
  333.0   8988  -22.8  -38.1     23   0.43     15     11  342.8  344.5  342.9
  320.0   9279  -25.4  -38.0     30   0.46    345     10  343.1  344.9  343.1
  306.0   9605  -28.4  -37.8     40   0.49    330     10  343.3  345.3  343.4
  300.0   9750  -29.7  -37.7     46   0.50    325      9  343.4  345.4  343.5
  294.0   9893  -30.9  -37.6     52   0.52    300      7  343.7  345.8  343.8
  291.0   9966  -31.5  -37.5     55   0.53    279      6  343.8  346.0  343.9
  282.0  10185  -33.0  -39.4     53   0.44    215      3  344.8  346.6  344.9
  270.0  10490  -35.1  -42.1     49   0.35    184      5  346.1  347.5  346.1
  250.0  11020  -38.7  -43.1     63   0.34    130      9  348.4  349.8  348.5
  247.0  11103  -39.4  -43.6     64   0.33    120     11  348.5  349.9  348.6
  245.0  11158  -39.9  -44.0     65   0.32    119     11  348.6  349.9  348.7
  216.0  11997  -47.4                         100     17  349.9         349.9
  200.0  12510  -51.9                         105     20  350.4         350.4
  163.0  13783  -64.0                         130     18  351.2         351.2
  150.0  14300  -68.9                         125     19  351.2         351.2
  148.0  14380  -69.7                         125     19  351.2         351.2
  144.0  14544  -71.3                         112     23  351.1         351.1
  133.0  15017  -69.8                          75     36  362.0         362.0
  130.0  15153  -69.3                          75     26  365.1         365.1
  127.0  15289  -70.3                          75     16  365.7         365.7
  121.0  15571  -72.5                         125      9  366.9         366.9
  109.0  16179  -77.1                         170     18  369.3         369.3
  103.0  16508  -79.6                         175     11  370.6         370.6
  100.0  16680  -80.9                         190      9  371.2         371.2
   98.0  16793  -81.8                         205      8  371.6         371.6
   93.7  17044  -83.7                         166      6  372.6         372.6
   93.0  17085  -83.2                         160      6  374.4         374.4
   90.0  17268  -81.1                         180      5  382.1         382.1
   83.0  17721  -83.1                         230      3  387.0         387.0
   80.9  17864  -83.7                                     388.6         388.6
