-----------------------------------------------------------------------------
   PRES   HGHT   TEMP   DWPT   RELH   MIXR   DRCT   SKNT   THTA   THTE   THTV
    hPa     m      C      C      %    g/kg    deg   knot     K      K      K 
-----------------------------------------------------------------------------
 1009.0     12   25.8   23.0     85  17.89     50      8  298.2  350.4  301.4
 1000.0     90   26.2   22.7     81  17.72     50      3  299.4  351.3  302.5
  977.0    296   25.4   21.1     77  16.43    345      7  300.5  348.9  303.5
  925.0    779   23.4   17.4     69  13.70    310     17  303.2  344.1  305.7
  906.0    960   22.8   16.8     69  13.46    295     17  304.4  344.8  306.9
  882.0   1192   20.9   16.1     74  13.21    275     16  304.8  344.4  307.2
  850.0   1512   18.2   15.1     82  12.86    270     19  305.2  343.9  307.6
  824.0   1778   16.4   14.1     86  12.42    266     18  306.0  343.6  308.3
  784.0   2203   16.2   11.2     72  10.77    258     17  310.2  343.4  312.2
  766.0   2400   14.8   10.6     76  10.59    255     16  310.7  343.5  312.7
  739.0   2704   12.6    9.7     83  10.33    265     10  311.5  343.6  313.5
  725.0   2865   13.4    6.4     63   8.38    240      9  314.1  340.6  315.7
  714.0   2994   12.4    5.4     62   7.96    220      8  314.4  339.6  316.0
  700.0   3160   11.2    4.2     62   7.44    195      9  314.9  338.5  316.3
  667.0   3563    9.2    2.2     62   6.77    168      9  317.0  338.8  318.3
  664.0   3601    9.5    2.0     59   6.70    165      9  317.7  339.4  319.0
  661.0   3639    9.8    1.8     57   6.64    166      9  318.5  340.0  319.8
  628.0   4064    7.6   -2.4     49   5.13    182     15  320.7  337.6  321.7
  574.0   4797    1.0   -3.9     70   5.03    210     24  321.3  338.0  322.3
  566.0   4911    0.0   -4.1     74   5.02    212     24  321.4  338.0  322.4
  553.0   5098   -0.6   -3.8     79   5.24    215     23  322.8  340.2  323.8
  536.0   5348   -1.5   -3.5     86   5.54    234     21  324.6  343.1  325.7
  505.0   5822   -5.1   -5.7     96   4.98    269     18  325.8  342.6  326.8
  500.0   5900   -5.3   -6.0     95   4.92    275     17  326.5  343.1  327.5
  493.0   6010   -5.8   -6.5     95   4.81    285     16  327.2  343.5  328.1
  475.0   6302   -7.2   -7.7     96   4.53    325     14  329.0  344.5  329.9
  453.0   6673   -8.9   -9.3     97   4.20    344     12  331.3  345.9  332.2
  440.0   6897  -10.2  -10.8     95   3.83    355     11  332.4  345.8  333.2
  407.0   7497  -13.7  -14.9     91   2.97    345      3  335.4  346.0  336.0
  400.0   7630  -14.5  -15.8     90   2.81     25      1  336.1  346.1  336.6
  391.0   7801  -15.4  -16.9     88   2.62    165      2  337.1  346.6  337.6
  375.0   8116  -17.1  -18.9     86   2.31    125      4  338.9  347.4  339.4
  371.0   8197  -17.5  -19.4     85   2.23    104      4  339.4  347.6  339.8
  361.0   8396  -19.0  -20.9     84   2.01     50      4  340.1  347.5  340.5
  346.0   8707  -21.2  -23.3     83   1.70     10      6  341.1  347.5  341.5
  300.0   9750  -28.9  -31.4     79   0.93      5      5  344.5  348.2  344.7
  294.0   9891  -30.1  -32.6     78   0.84     10      5  344.9  348.2  345.1
  281.0  10206  -32.6  -35.4     76   0.67     30      6  345.7  348.4  345.8
  270.0  10484  -34.9  -37.8     75   0.55     15      5  346.3  348.6  346.4
  258.0  10801  -37.5  -40.6     73   0.43      0      4  347.0  348.8  347.1
  250.0  11020  -39.3  -42.5     72   0.36     20      4  347.5  349.0  347.6
  247.0  11103  -40.1  -43.2     72   0.34     20      5  347.5  348.9  347.6
  236.0  11407  -42.7                          20      4  348.1         348.1
  226.0  11695  -45.1                          55      5  348.7         348.7
  216.0  11997  -47.7                          40      2  349.3         349.3
  206.0  12313  -50.4                         130      8  349.8         349.8
  200.0  12510  -52.1                         125     11  350.1         350.1
  188.0  12896  -55.6                         105     16  350.7         350.7
  171.0  13487  -61.0                         125     18  351.4         351.4
  153.0  14181  -67.3                         100     26  352.0         352.0
  150.0  14300  -68.5                          95     27  351.9         351.9
  132.0  15054  -74.5                          86     37  354.3         354.3
  120.0  15602  -75.9                          80     44  361.4         361.4
  100.0  16650  -78.7                          65     10  375.4         375.4
   98.0  16764  -79.5                          50      5  376.0         376.0
   92.0  17120  -82.0                         295      4  377.9         377.9
   89.5  17276  -83.1                         267      8  378.8         378.8
   88.0  17371  -82.5                         250     11  381.8         381.8
   83.0  17701  -80.4                         235      4  392.5         392.5
   79.6  17937  -78.9                         299     20  400.3         400.3
   79.0  17980  -78.9                         310     23  401.1         401.1
   72.5  18469  -79.1                         266     17  410.7         410.7
   71.0  18589  -77.8                         255     15  416.0         416.0
   70.0  18670  -76.9                         250     13  419.6         419.6
   67.3  18897  -75.1                                     428.2         428.2
