-----------------------------------------------------------------------------
   PRES   HGHT   TEMP   DWPT   RELH   MIXR   DRCT   SKNT   THTA   THTE   THTV
    hPa     m      C      C      %    g/kg    deg   knot     K      K      K 
-----------------------------------------------------------------------------
 1009.0     12   28.6   25.1     81  20.37    290      1  301.0  361.2  304.6
 1008.0     21   27.6   23.2     77  18.13    287      1  300.1  353.4  303.3
 1006.0     40   28.2   23.2     74  18.17    280      2  300.8  354.5  304.1
 1000.0     95   28.2   22.2     70  17.17    260      3  301.4  352.1  304.4
  944.0    606   23.9   19.6     77  15.44    340     12  302.0  347.8  304.8
  932.0    719   23.0   19.0     78  15.07    337     14  302.2  346.9  304.9
  925.0    785   22.8   19.0     79  15.19    335     15  302.6  347.8  305.4
  871.0   1306   20.8   16.0     74  13.30    285     12  305.8  345.9  308.2
  851.0   1506   19.3   14.8     75  12.56    265     11  306.2  344.2  308.5
  850.0   1516   19.2   14.7     75  12.52    265     11  306.2  344.1  308.6
  821.0   1815   16.6   14.1     85  12.47    263     14  306.6  344.3  308.8
  740.0   2698   12.7    8.5     76   9.51    255     23  311.6  341.1  313.3
  722.0   2907   11.8    7.2     73   8.90    255     23  312.7  340.6  314.4
  700.0   3167   10.2    5.6     73   8.21    255     24  313.8  339.6  315.3
  617.0   4200    3.7    2.2     90   7.31    245     15  317.8  341.3  319.2
  595.0   4497    1.8    1.2     96   7.07    265     15  318.9  341.8  320.3
  569.0   4858    2.2   -0.4     83   6.58    253     15  323.5  345.2  324.8
  538.0   5308    0.0   -4.1     74   5.28    238     16  326.1  343.8  327.1
  532.0   5397   -0.5   -4.6     74   5.16    235     16  326.5  343.9  327.5
  500.0   5890   -3.3   -7.1     75   4.52    250     15  328.9  344.4  329.9
  493.0   6001   -4.1   -7.6     77   4.41    250     13  329.3  344.5  330.2
  475.0   6295   -6.1   -8.8     81   4.16    230      9  330.3  344.7  331.1
  460.0   6548   -7.9   -9.9     86   3.94    247     10  331.1  344.8  331.9
  457.0   6599   -8.1  -10.4     83   3.81    250     10  331.6  344.9  332.3
  440.0   6894   -8.9  -13.4     70   3.11    225     11  334.1  345.2  334.7
  436.0   6966   -9.1  -14.1     67   2.96    227     11  334.7  345.3  335.3
  407.0   7496  -12.8  -20.2     54   1.90    240      7  336.6  343.6  337.0
  400.0   7630  -13.7  -21.7     51   1.70    275      5  337.1  343.4  337.4
  391.0   7803  -14.1  -23.1     46   1.53    310      6  338.8  344.5  339.1
  376.0   8093  -16.4  -23.9     52   1.49    305      8  339.6  345.2  339.9
  347.0   8689  -21.0  -25.4     67   1.40    225      5  341.2  346.5  341.5
  329.0   9085  -24.1  -26.5     81   1.34    202      4  342.2  347.3  342.4
  320.0   9285  -25.7  -28.1     80   1.19    190      4  342.7  347.3  343.0
  306.0   9607  -28.2  -30.7     79   0.98    165      6  343.6  347.4  343.8
  300.0   9750  -29.3  -31.8     79   0.89    155      6  344.0  347.5  344.1
  250.0  11030  -39.3  -43.1     67   0.34    160      6  347.5  348.9  347.6
  247.0  11113  -40.1  -43.8     68   0.32    160      6  347.5  348.9  347.6
  237.0  11388  -42.3                         180      3  348.3         348.3
  226.0  11705  -44.9                         125      7  349.1         349.1
  200.0  12520  -51.5                         120     29  351.1         351.1
  197.0  12614  -52.4                         120     30  351.1         351.1
  154.0  14152  -67.3                         129     25  351.3         351.3
  150.0  14310  -68.5                         130     24  351.9         351.9
  148.0  14389  -68.9                         130     24  352.5         352.5
  127.0  15293  -73.8                          80     53  359.5         359.5
  125.0  15387  -74.3                                     360.2         360.2
