-----------------------------------------------------------------------------
   PRES   HGHT   TEMP   DWPT   RELH   MIXR   DRCT   SKNT   THTA   THTE   THTV
    hPa     m      C      C      %    g/kg    deg   knot     K      K      K 
-----------------------------------------------------------------------------
 1009.0     12   28.4   24.1     78  19.15    280      6  300.8  357.3  304.2
 1008.0     21   29.6   22.6     66  17.47    288      6  302.1  353.9  305.2
 1000.0     92   28.8   20.8     62  15.73    355     10  301.9  348.6  304.8
  977.0    297   27.1   20.2     66  15.47    335     19  302.3  348.2  305.1
  957.0    479   25.6   19.6     69  15.24    327     19  302.5  347.8  305.3
  947.0    571   24.4   19.4     74  15.21    324     18  302.2  347.4  305.0
  942.0    618   24.2   19.3     74  15.20    322     18  302.5  347.6  305.2
  938.0    655   25.4   19.4     69  15.36    320     18  304.1  350.0  306.9
  925.0    777   25.2   17.2     61  13.53    315     18  305.1  345.8  307.6
  921.0    815   25.4   16.4     57  12.90    312     17  305.6  344.6  308.0
  913.0    892   24.0   16.0     61  12.68    306     16  305.0  343.1  307.3
  912.0    902   24.0   15.9     61  12.65    305     16  305.1  343.2  307.4
  898.0   1037   24.2   15.2     57  12.24    287     14  306.6  343.8  308.9
  881.0   1204   22.7   14.7     61  12.09    265     12  306.7  343.4  308.9
  852.0   1496   20.0   13.9     68  11.82    260     14  306.9  342.8  309.0
  850.0   1516   19.8   13.8     68  11.80    265     14  306.9  342.7  309.1
  840.0   1618   18.8   12.8     68  11.18    270     14  306.9  340.8  308.9
  822.0   1803   18.0   11.3     65  10.33    280     13  307.9  339.6  309.9
  794.0   2100   16.8    8.9     60   9.09    270     14  309.7  337.8  311.4
  768.0   2385   15.6    6.6     55   8.02    280     12  311.4  336.4  312.9
  767.0   2396   15.5    6.6     55   8.03    280     12  311.4  336.5  312.9
  740.0   2698   13.3    6.5     64   8.30    255      9  312.2  338.2  313.8
  714.0   2999   11.1    6.5     73   8.58    255     10  313.0  339.9  314.6
  708.0   3070   10.6    6.5     76   8.65    259     10  313.2  340.3  314.8
  700.0   3165   10.0    5.8     75   8.33    265     10  313.5  339.7  315.1
  664.0   3602    8.7    2.7     66   7.05    295     11  316.8  339.5  318.2
  645.0   3842    8.0    1.0     61   6.42    283     11  318.7  339.5  319.9
  617.0   4203    5.3   -0.4     67   6.08    265     11  319.6  339.4  320.8
  566.0   4904    0.0   -3.0     80   5.45    274     10  321.4  339.4  322.4
  531.0   5413   -1.3   -5.6     73   4.77    281      9  325.7  341.8  326.7
  512.0   5702   -2.9   -7.0     73   4.45    285      8  327.2  342.4  328.1
  500.0   5890   -3.9   -7.9     74   4.24    350      4  328.2  342.8  329.1
  493.0   6000   -4.5   -8.5     73   4.09      0      2  328.8  342.9  329.6
  474.0   6306   -6.2  -10.3     73   3.70    255      8  330.4  343.3  331.2
  457.0   6591   -7.8  -12.0     72   3.36    255      6  331.9  343.7  332.6
  439.0   6904   -9.5  -13.8     71   3.01    175      1  333.6  344.2  334.2
  425.0   7157  -10.9  -15.3     70   2.75    140      2  334.9  344.8  335.4
  412.0   7395  -12.3  -20.3     51   1.86    107      3  336.1  342.9  336.4
  402.0   7582  -13.5  -22.5     47   1.57     80      4  336.9  342.7  337.2
  400.0   7620  -13.9  -22.9     47   1.52     75      4  336.8  342.5  337.1
  396.0   7696  -14.5  -19.2     67   2.13     64      5  337.0  344.8  337.5
  391.0   7792  -15.1  -20.0     66   2.01     50      6  337.5  344.9  337.9
  375.0   8105  -17.1  -22.6     62   1.67     50      8  338.9  345.1  339.2
  340.0   8839  -21.7  -28.7     53   1.06     91      8  342.2  346.3  342.4
  333.0   8990  -22.9  -29.5     55   1.00    100      8  342.6  346.5  342.8
  306.0   9606  -27.8  -32.7     63   0.81     30      6  344.2  347.4  344.4
  300.0   9750  -28.9  -33.4     65   0.77     20      7  344.5  347.6  344.7
  294.0   9892  -30.0  -34.5     65   0.70     25      8  344.9  347.7  345.1
  282.0  10184  -32.4  -36.7     65   0.59     65      9  345.7  348.1  345.8
  250.0  11030  -39.1  -43.1     66   0.34     70     21  347.8  349.2  347.9
  247.0  11113  -39.9  -43.7     67   0.32     70     21  347.8  349.2  347.9
  237.0  11388  -42.3                          70     20  348.3         348.3
  216.0  12007  -47.8                          65     23  349.2         349.2
  200.0  12520  -52.3                          90     27  349.8         349.8
  156.0  14075  -63.4                         135     47  356.7         356.7
  150.0  14320  -65.1                         140     47  357.7         357.7
  127.0  15293  -72.2                         125     46  362.3         362.3
  103.0  16517  -81.2                          65     23  367.4         367.4
  100.0  16690  -82.5                          65     21  368.1         368.1
   93.0  17087  -85.2                          85     19  370.4         370.4
   83.5  17677  -89.3                          75     32  373.7         373.7
   83.0  17710  -89.0                          75     32  375.0         375.0
   81.3  17822  -87.9                          58     26  379.5         379.5
   79.0  17979  -84.1                          35     17  390.4         390.4
   77.6  18079  -77.7                          21     15  405.7         405.7
   75.0  18274  -77.3                         355     12  410.5         410.5
   71.0  18589  -76.7                          20      4  418.4         418.4
   70.0  18670  -76.5                          45      6  420.4         420.4
   67.0  18922  -75.7                          40      7  427.4         427.4
   66.1  19000  -75.5                          40      8  429.5         429.5
   64.0  19189  -73.3                          40      9  438.2         438.2
   61.0  19471  -70.2                         200      8  451.4         451.4
   60.4  19529  -69.5                         196      9  454.1         454.1
   56.0  19976  -71.9                         163     18  458.6         458.6
   55.0  20083  -71.0                         155     20  462.9         462.9
   52.0  20416  -68.4                         130      5  476.5         476.5
   51.9  20427  -68.3                         126      5  477.0         477.0
   50.0  20650  -68.7                          45      5  481.2         481.2
   47.0  21023  -68.2                         340      3  490.9         490.9
   45.0  21284  -67.9                          20      4  497.8         497.8
   43.0  21558  -67.6                          90     17  505.1         505.1
   41.3  21801  -67.3                          90     18  511.7         511.7
   37.0  22475  -62.9                          90     21  539.3         539.3
   35.2  22781  -60.9                          77     18  552.2         552.2
   33.0  23185  -60.4                          60     14  563.8         563.8
   32.0  23377  -60.2                          25      6  569.4         569.4
   30.0  23780  -59.7                         335      8  581.3         581.3
   29.0  23992  -58.6                         260      5  589.8         589.8
   28.3  24144  -57.9                         222      8  596.1         596.1
   28.0  24211  -58.1                         205      9  597.3         597.3
   24.8  24967  -60.5                         147     24  611.5         611.5
   22.4  25604  -56.5                          99     36  641.4         641.4
   22.0  25718  -56.4                          90     38  644.9         644.9
   20.0  26320  -56.1                          70     43  663.7         663.7
   19.2  26578  -56.7                          74     49  669.6         669.6
   19.0  26645  -56.0                          75     50  673.7         673.7
   17.8  27062  -51.9                          77     53  699.5         699.5
   11.7  29810  -45.9                          90     71  809.9         809.9
   10.3  30654  -46.7                          94     77  837.0         837.0
   10.0  30850  -46.3                          95     78  845.6         845.6
    8.0  32354  -40.8                          80     98  923.2         923.2
    7.6  32700  -39.5                                     942.0         942.0
