-----------------------------------------------------------------------------
   PRES   HGHT   TEMP   DWPT   RELH   MIXR   DRCT   SKNT   THTA   THTE   THTV
    hPa     m      C      C      %    g/kg    deg   knot     K      K      K 
-----------------------------------------------------------------------------
 1008.0     12   26.8   24.0     85  19.06      0      0  299.3  355.1  302.7
 1007.0     22   29.0   22.0     66  16.84      4      0  301.6  351.4  304.6
 1000.0     92   28.2   22.2     70  17.17     30      2  301.4  352.1  304.4
  983.0    244   26.4   20.4     70  15.60    346      2  301.0  347.1  303.8
  977.0    298   26.0   20.2     70  15.49    330      2  301.2  347.0  304.0
  925.0    780   22.8   18.3     76  14.52    330      7  302.6  345.8  305.2
  917.0    856   22.4   18.2     77  14.56    327      8  303.0  346.3  305.6
  912.0    903   22.2   17.8     76  14.29    325      8  303.2  345.9  305.9
  851.0   1504   20.0   13.1     64  11.24    250      5  307.0  341.2  309.1
  850.0   1514   20.0   13.0     64  11.19    255      5  307.1  341.1  309.1
  822.0   1802   18.6   10.6     59   9.83    250      7  308.6  338.8  310.4
  798.0   2056   17.4    8.4     55   8.74    267     10  309.9  337.0  311.5
  794.0   2099   17.1    8.4     57   8.81    270     11  310.1  337.4  311.7
  748.0   2606   14.0    9.0     72   9.72    270     12  312.0  342.3  313.8
  714.0   2997   12.0    7.0     71   8.90    270     13  314.0  342.0  315.7
  700.0   3163   11.2    6.2     71   8.57    270     12  314.9  341.9  316.5
  595.0   4503    4.0   -3.7     57   4.93    300     12  321.5  337.8  322.4
  584.0   4656    3.2   -4.8     56   4.61    293     12  322.2  337.6  323.1
  560.0   4996    1.4  -10.6     40   3.06    278     11  324.0  334.5  324.6
  543.0   5243    0.0   -9.0     51   3.58    267     10  325.2  337.5  325.9
  532.0   5406   -1.0   -9.1     54   3.62    260     10  325.9  338.3  326.7
  513.0   5696   -2.7   -9.4     60   3.68    240     10  327.2  339.9  327.9
  505.0   5821   -3.5   -9.5     63   3.70    255      9  327.8  340.5  328.5
  500.0   5900   -3.9  -11.9     54   3.09    265      8  328.2  339.0  328.8
  497.0   5948   -4.1  -14.1     46   2.60    270      8  328.5  337.7  329.1
  494.0   5995   -4.4  -14.6     45   2.52    275      8  328.7  337.6  329.2
  472.0   6353   -6.9  -17.9     41   1.99    260      9  329.9  337.1  330.4
  469.0   6403   -7.1  -21.1     32   1.52    258      9  330.3  335.9  330.6
  466.0   6453   -7.5  -16.5     49   2.27    256      9  330.4  338.5  330.9
  464.0   6487   -7.7  -17.7     45   2.06    255      9  330.6  338.0  331.0
  462.0   6520   -7.7  -20.7     34   1.60    253      9  331.0  336.8  331.3
  457.0   6605   -8.1  -14.1     62   2.83    250      9  331.5  341.5  332.1
  428.0   7113  -10.7  -18.7     52   2.05    292      9  334.5  341.9  334.9
  423.0   7203  -11.5  -18.7     55   2.08    300      9  334.5  342.1  334.9
  416.0   7331  -12.7  -18.7     61   2.11    296      8  334.6  342.3  335.1
  407.0   7498  -13.8  -19.8     61   1.96    290      6  335.3  342.5  335.7
  400.0   7630  -14.7  -20.7     60   1.85    305      6  335.8  342.6  336.2
  391.0   7802  -15.8  -22.5     56   1.61    325      8  336.5  342.5  336.9
  376.0   8097  -17.7  -25.7     50   1.26    320      6  337.8  342.6  338.1
  361.0   8401  -20.1  -24.1     71   1.52      0      5  338.5  344.2  338.8
  353.0   8568  -21.5  -23.2     86   1.68     23      5  338.9  345.1  339.2
  347.0   8693  -22.4  -24.2     86   1.57     40      5  339.3  345.2  339.6
  319.0   9307  -26.9  -28.9     84   1.11    180      3  341.3  345.6  341.5
  312.0   9469  -28.1  -30.1     83   1.01    180      5  341.8  345.7  342.0
  306.0   9608  -29.0  -32.2     74   0.85    180      6  342.5  345.8  342.6
  300.0   9750  -29.9  -34.3     65   0.70    200      9  343.1  345.9  343.3
  295.0   9869  -30.7  -35.7     61   0.62    200     10  343.6  346.1  343.8
  294.0   9893  -30.9  -35.9     61   0.61    200     10  343.7  346.2  343.9
  270.0  10485  -35.3  -41.4     54   0.38    175      8  345.8  347.3  345.8
  258.0  10801  -37.7  -44.3     50   0.29    110     11  346.8  348.0  346.9
  250.0  11020  -39.3  -46.3     47   0.24     95     13  347.5  348.5  347.6
  247.0  11102  -39.9  -45.9     53   0.25     93     14  347.8  348.9  347.9
  216.0  11993  -48.2                          65     21  348.5         348.5
  205.0  12341  -51.5                          75     26  348.6         348.6
  200.0  12500  -52.7                          80     29  349.1         349.1
  163.0  13787  -61.7                         115     48  355.1         355.1
  150.0  14310  -65.3                         110     56  357.4         357.4
  134.0  14964  -69.8                          95     48  361.1         361.1
  121.0  15555  -73.9                          75     28  364.3         364.3
  109.0  16161  -78.1                          10     21  367.5         367.5
  100.0  16660  -81.5                          50     14  370.0         370.0
   98.0  16773  -82.1                          50     15  371.0         371.0
   93.0  17065  -83.7                          10     19  373.5         373.5
   87.5  17406  -85.5                           5     16  376.4         376.4
   83.0  17698  -85.0                          15     15  383.1         383.1
   79.0  17972  -84.5                          45      5  389.6         389.6
   77.2  18100  -84.3                         109      6  392.6         392.6
   75.7  18209  -82.5                         164      7  398.6         398.6
   75.0  18262  -79.7                         190      8  405.5         405.5
   74.6  18292  -78.1                         192      8  409.5         409.5
   72.7  18441  -76.3                         204     10  416.3         416.3
   71.0  18578  -76.9                         215     12  417.8         417.8
   70.0  18660  -77.3                         210     13  418.7         418.7
   65.1  19074  -78.9                         173     15  424.0         424.0
   58.9  19644  -77.5                         123     18  439.4         439.4
   53.8  20169  -72.5                          77     21  462.5         462.5
   52.0  20369  -71.9                          60     22  468.3         468.3
   50.0  20600  -71.3                          50     20  475.1         475.1
   49.0  20720  -71.2                          50     16  478.1         478.1
   45.0  21225  -70.7                          95     15  491.0         491.0
   44.9  21238  -70.7                          95     15  491.4         491.4
   40.8  21813  -66.3                          98     24  516.0         516.0
   39.7  21979  -64.5                          98     26  524.5         524.5
   39.1  22073  -60.7                          99     27  536.4         536.4
   37.0  22416  -61.0                         100     32  544.0         544.0
   33.0  23127  -61.8                          70     18  560.2         560.2
   32.3  23261  -61.9                          73     14  563.3         563.3
   32.0  23319  -61.7                          75     12  565.3         565.3
   30.0  23720  -60.5                         165     12  579.1         579.1
   26.3  24539  -59.7                         115     24  603.6         603.6
   24.0  25118  -56.2                          80     33  629.8         629.8
   22.5  25526  -53.7                          82     37  648.8         648.8
   21.0  25968  -53.9                          85     41  661.0         661.0
   20.0  26280  -54.1                          75     42  669.8         669.8
   18.8  26677  -54.3                          73     46  681.1         681.1
   17.0  27322  -54.3                          69     53  701.0         701.0
   16.2  27632  -51.9                          68     56  718.5         718.5
   15.0  28131  -51.9                          65     61  734.5         734.5
   14.4  28395  -51.9                          71     61  743.1         743.1
   13.0  29069  -45.1                          85     60  788.6         788.6
   12.8  29172  -44.1                          85     60  795.7         795.7
   10.0  30830  -43.3                          90     64  856.8         856.8
    9.9  30898  -43.3                          90     65  859.2         859.2
    9.7  31035  -43.3                                     864.3         864.3
