-----------------------------------------------------------------------------
   PRES   HGHT   TEMP   DWPT   RELH   MIXR   DRCT   SKNT   THTA   THTE   THTV
    hPa     m      C      C      %    g/kg    deg   knot     K      K      K 
-----------------------------------------------------------------------------
 1005.0     52   23.4   23.1     98  18.07     90      2  296.1  348.4  299.3
 1000.0     93   23.4   20.8     85  15.73     55      8  296.6  342.1  299.3
  977.0    296   22.2   19.7     86  15.02     43      6  297.3  341.0  300.0
  944.0    597   23.6   15.6     61  11.94     25      4  301.7  337.2  303.8
  925.0    775   24.8   13.8     50  10.83     15      2  304.7  337.3  306.6
  912.0    899   23.8   13.8     53  10.99    343      4  304.9  338.0  306.9
  879.0   1221   22.6   12.6     53  10.56    260      9  306.9  339.0  308.8
  878.0   1231   22.6   12.6     53  10.54    259      9  306.9  339.1  308.9
  850.0   1512   20.4   11.4     56  10.05    240     11  307.5  338.2  309.4
  829.0   1727   18.4   11.4     64  10.31    311      4  307.6  339.1  309.5
  815.0   1873   18.3   10.3     59   9.72      0      0  309.0  338.9  310.8
  806.0   1969   18.2    9.5     57   9.35     95      7  309.9  338.8  311.6
  802.0   2011   18.2    9.2     56   9.19     98      7  310.3  338.8  312.0
  794.0   2097   17.6    9.6     59   9.54    103      8  310.6  340.1  312.3
  766.0   2403   15.0    9.0     67   9.49    122     12  310.9  340.4  312.7
  721.0   2912   10.4    7.5     82   9.10    154     18  311.3  339.6  313.0
  700.0   3158    9.4    6.7     83   8.87    170     21  312.9  340.6  314.5
  699.0   3170    9.3    6.7     84   8.88    170     22  312.9  340.7  314.6
  664.0   3595    6.4    6.4    100   9.16    172     20  314.2  343.1  316.0
  617.0   4196    3.2    3.2    100   7.87    175     18  317.2  342.4  318.7
  567.0   4879   -0.7   -0.7    100   6.46    179     15  320.4  341.4  321.6
  549.0   5135   -3.5   -4.5     93   5.03    180     14  320.1  336.6  321.0
  540.0   5266   -4.9   -6.4     89   4.41    174     17  319.9  334.5  320.7
  520.0   5563   -5.9  -11.9     63   2.97    160     24  322.1  332.3  322.7
  500.0   5870   -7.5  -14.5     57   2.50    145     31  323.8  332.5  324.3
  492.0   5996   -8.1  -15.1     57   2.42    142     33  324.6  333.0  325.1
  474.0   6284   -9.9  -19.9     44   1.67    134     36  325.8  331.8  326.2
  444.0   6786  -13.0  -19.6     58   1.84    120     42  328.1  334.7  328.5
  439.0   6873  -13.5  -19.5     61   1.87    118     39  328.5  335.2  328.9
  418.0   7246  -13.9  -14.0     99   3.12    110     26  332.6  343.6  333.2
  417.0   7264  -13.9  -14.0     99   3.11    110     25  332.9  343.9  333.5
  413.0   7337  -13.9  -14.2     98   3.10    115     24  333.8  344.8  334.4
  400.0   7580  -15.3  -15.3    100   2.93    130     20  335.0  345.5  335.6
  373.0   8105  -19.1  -19.1    100   2.28    166     15  336.7  345.0  337.2
  338.0   8835  -22.1  -24.4     82   1.58    218      9  342.3  348.2  342.6
  325.0   9122  -24.1  -26.4     81   1.37    238      6  343.4  348.6  343.6
  313.0   9395  -27.1  -45.1     16   0.22    258      4  342.9  343.8  342.9
  300.0   9700  -28.5  -30.4     84   1.02    280      1  345.1  349.1  345.3
  282.0  10137  -32.3  -42.3     36   0.33    290      9  345.8  347.2  345.9
  266.0  10542  -35.6  -41.8     53   0.37    300     16  346.9  348.4  346.9
  256.0  10808  -37.7  -41.5     67   0.39    297     12  347.5  349.2  347.6
  250.0  10970  -39.3  -41.4     80   0.41    295      9  347.5  349.2  347.6
  239.0  11276  -41.9  -42.6     93   0.38    290     10  348.1  349.7  348.2
  216.0  11949  -46.9  -49.1     78   0.20    280     12  350.6  351.4  350.6
  200.0  12460  -50.7  -54.0     68   0.12    290     27  352.3  352.9  352.4
  193.0  12686  -52.6  -57.2     57   0.09    295     30  352.9  353.3  352.9
  166.0  13644  -60.7  -70.7     26   0.02    280     28  354.9  355.0  354.9
  161.0  13834  -60.5  -69.5     30   0.02    277     28  358.3  358.4  358.3
  150.0  14270  -64.3  -70.3     44   0.02    270     27  359.1  359.2  359.1
  146.0  14435  -65.5  -69.9     54   0.02    282     27  359.8  359.9  359.8
  125.0  15376  -68.5  -78.5     23   0.01    354     24  370.7  370.8  370.7
  122.0  15521  -70.0  -80.6     20   0.00      5     24  370.5  370.5  370.5
  120.0  15620  -71.1  -82.1     18   0.00      6     23  370.3  370.3  370.3
  111.0  16079  -74.1  -82.1     28   0.00     12     20  373.0  373.0  373.0
  100.0  16690  -73.7  -81.7     29   0.01     20     16  385.1  385.1  385.1
   99.7  16708  -73.7  -81.7     29   0.01     20     16  385.4  385.4  385.4
   89.0  17362  -76.5  -85.0     25   0.00     15     13  392.6  392.6  392.6
   79.9  17983  -79.1  -88.1     22   0.00     50     26  399.5  399.5  399.5
   79.6  18005  -78.9  -87.9     22   0.00     51     26  400.3  400.3  400.3
   70.0  18740  -76.7  -85.7     23   0.00     85     23  420.0  420.0  420.0
   69.0  18823  -76.5  -85.4     24   0.00     90     27  422.0  422.1  422.0
   64.0  19258  -75.8  -84.0     27   0.01     65     45  432.9  433.0  432.9
   62.4  19404  -75.5  -83.5     28   0.01     67     42  436.6  436.7  436.6
   56.0  20042  -72.1  -81.1     25   0.01     75     27  458.1  458.2  458.1
   50.0  20710  -68.5  -78.5     23   0.02     75     33  481.6  481.8  481.7
   47.7  20995  -65.7  -76.7     20   0.02     72     35  494.9  495.0  494.9
   46.0  21217  -64.4  -76.5     18   0.03     70     36  503.1  503.3  503.1
   43.1  21617  -62.1  -76.1     14   0.03     76     32  518.2  518.5  518.2
   37.0  22564  -61.3  -86.3      2   0.01     90     21  543.4  543.4  543.4
   35.5  22821  -61.1  -89.1      1   0.00     92     27  550.4  550.4  550.4
   30.0  23870  -60.3  -89.3      1   0.00    100     50  579.7  579.7  579.7
   29.4  23996  -59.3  -87.3      2   0.01     97     51  585.8  585.8  585.8
   26.0  24779  -57.3  -86.2      1   0.01     80     57  612.5  612.6  612.5
   20.0  26450  -52.9  -83.9      1   0.02    100     29  673.5  673.7  673.5
   18.4  26988  -52.5  -83.5      1   0.02     99     35  691.0  691.2  691.0
   13.0  29257  -48.7  -81.2      1   0.04     95     61  776.1  776.6  776.1
   12.9  29308  -48.6  -81.2      1   0.04     95     61  778.1  778.6  778.1
   11.6  30002  -47.5  -80.5      1   0.05     85     59  806.2  806.9  806.2
   11.0                                        80     58                     
Station information and sounding indices
