-----------------------------------------------------------------------------
   PRES   HGHT   TEMP   DWPT   RELH   MIXR   DRCT   SKNT   THTA   THTE   THTV
    hPa     m      C      C      %    g/kg    deg   knot     K      K      K 
-----------------------------------------------------------------------------
 1006.0     52   25.0   24.0     94  19.09     90      4  297.6  353.2  301.0
 1000.0    109   25.0   20.5     76  15.43     40      6  298.1  343.2  300.9
  987.0    224   24.4   19.8     76  14.96     43      6  298.7  342.4  301.3
  979.0    296   27.0   20.0     66  15.28     45      7  302.0  347.3  304.7
  967.0    405   27.2   19.2     62  14.70     49      7  303.2  347.1  305.9
  946.0    599   26.0   18.0     61  13.92     54      7  303.9  345.6  306.5
  925.0    797   24.4   16.4     61  12.84     60      8  304.2  342.8  306.6
  914.0    902   23.4   15.4     61  12.18     73      7  304.3  340.8  306.5
  850.0   1531   17.8   12.8     73  11.04    155      1  304.8  338.1  306.8
  832.0   1714   17.0    8.0     55   8.15    212      7  305.8  330.7  307.3
  825.0   1786   17.7   -1.9     26   4.04    235     10  307.3  320.1  308.1
  817.0   1869   18.6  -13.4     10   1.67    228     10  309.1  314.7  309.4
  795.0   2102   17.8  -31.2      2   0.36    208      9  310.7  312.0  310.7
  768.0   2396   16.4  -23.6      5   0.75    183      8  312.2  314.9  312.4
  711.0   3044   10.6  -12.4     19   2.09    126      6  312.8  319.8  313.2
  700.0   3173   10.0  -16.0     14   1.58    115      6  313.5  318.9  313.8
  665.0   3597    7.4  -18.6     14   1.33    127      9  315.2  319.9  315.5
  618.0   4196    3.4  -14.6     25   2.01    143     12  317.3  324.2  317.7
  611.0   4288    2.8  -15.2     25   1.93    146     13  317.7  324.3  318.0
  599.0   4448    2.0  -17.8     22   1.59    150     14  318.5  324.0  318.8
  577.0   4750    0.4  -22.6     16   1.09    174     14  320.1  324.0  320.3
  545.0   5200   -3.1  -26.5     15   0.81    210     13  321.2  324.2  321.4
  500.0   5880   -8.3  -32.3     13   0.51    170     12  322.9  324.8  323.0
  492.0   6005   -9.1  -33.1     12   0.48    170     12  323.4  325.2  323.5
  431.0   7013  -17.3  -43.3      8   0.19    166     16  325.4  326.2  325.4
  423.0   7153  -17.8  -43.8      8   0.19    165     17  326.6  327.3  326.6
  400.0   7570  -19.1  -45.1      8   0.17    185     20  330.1  330.8  330.1
  389.0   7777  -20.1  -46.1      8   0.16    192     23  331.4  332.1  331.4
  380.0   7950  -21.3  -48.3      7   0.13    197     25  332.1  332.6  332.1
  372.0   8106  -22.5  -48.5      7   0.13    203     27  332.5  333.0  332.5
  317.0   9259  -30.7  -50.7     12   0.12    242     43  336.6  337.1  336.7
  300.0   9650  -30.7  -56.7      6   0.06    255     48  342.0  342.3  342.0
  281.0  10107  -33.8  -59.8      5   0.04    265     52  344.0  344.2  344.0
  261.0  10623  -37.3  -63.3      5   0.03    259     43  346.2  346.3  346.2
  254.0  10810  -36.7  -61.7      6   0.04    256     40  349.8  349.9  349.8
  250.0  10920  -36.7  -62.7      5   0.03    255     38  351.4  351.5  351.4
  222.0  11732  -41.9  -66.9      5   0.02    242     38  355.5  355.6  355.5
  208.0  12168  -45.3  -69.0      5   0.02    235     38  356.9  357.0  356.9
  200.0  12430  -47.3  -70.3      5   0.01    240     34  357.7  357.8  357.7
  155.0  14060  -60.6  -78.3      8   0.01    265     19  362.1  362.1  362.1
  150.0  14270  -62.3  -79.3      9   0.00    265     22  362.6  362.6  362.6
  136.0  14868  -66.9  -81.9     10   0.00    231     22  364.7  364.7  364.7
  112.0  16016  -73.0  -86.5     11   0.00    165     21  374.0  374.0  374.0
  105.0  16397  -75.1  -88.1     12   0.00    156     20  377.1  377.1  377.1
  100.0  16680  -75.1  -88.1     12   0.00    150     19  382.4  382.4  382.4
   87.0  17482  -78.6  -90.6     13   0.00    150     22  390.9  390.9  390.9
   86.6  17509  -78.7  -90.7     13   0.00    135     22  391.2  391.2  391.2
   79.5  17997  -78.1  -88.1     19   0.00     95     13  402.1  402.1  402.1
   77.0  18181  -77.5  -87.8     18   0.00     80     10  406.9  406.9  406.9
   70.0  18730  -75.9  -86.9     16   0.00    130     22  421.7  421.7  421.7
   69.0  18814  -74.0  -85.0     17   0.00    125     23  427.5  427.5  427.5
   67.8  18917  -71.7  -82.7     18   0.01    109     25  434.6  434.6  434.6
   66.0  19075  -72.3  -83.8     16   0.01     85     29  436.6  436.6  436.6
   60.7  19566  -74.3  -87.3     12   0.00     82     25  442.8  442.8  442.8
   53.9  20273  -66.5  -82.5      9   0.01     77     20  476.0  476.1  476.0
   51.0  20610  -65.6  -85.3      5   0.01     75     18  485.7  485.7  485.7
   50.0  20730  -65.3  -86.3      4   0.00     80     21  489.2  489.2  489.2
   47.8  21004  -65.9  -87.9      3   0.00     74     28  494.1  494.1  494.1
   45.0  21374  -65.2  -88.4      3   0.00     65     38  504.3  504.4  504.3
   40.0  22096  -63.9  -89.2      2   0.00    100     15  525.0  525.0  525.0
   38.0  22410  -63.3  -89.6      2   0.00     95     33  534.2  534.2  534.2
   33.0  23276  -61.7  -90.7      1   0.00     98     35  560.4  560.4  560.4
   30.0  23870  -58.7  -88.7      1   0.01    100     37  584.0  584.1  584.0
   29.4  23997  -57.1  -87.1      1   0.01     99     38  591.8  591.9  591.8
   27.0  24542  -53.9  -85.2      1   0.01     95     44  615.2  615.4  615.3
   25.7  24858  -52.1  -84.1      1   0.01     93     43  629.2  629.3  629.2
   20.0  26490  -49.5  -82.5      1   0.02     80     40  683.9  684.1  683.9
   18.5  27001  -49.3  -82.3      1   0.02     82     39  699.9  700.2  699.9
   16.0  27963  -47.6  -81.3      1   0.03     85     36  734.9  735.3  735.0
   11.7  30038  -44.1  -79.1      1   0.07    106     49  816.4  817.1  816.4
   11.0                                       110     52                     
Station information and sounding indices
