-----------------------------------------------------------------------------
   PRES   HGHT   TEMP   DWPT   RELH   MIXR   DRCT   SKNT   THTA   THTE   THTV
    hPa     m      C      C      %    g/kg    deg   knot     K      K      K 
-----------------------------------------------------------------------------
 1008.0     52   22.0   20.1     89  14.92     70      2  294.5  337.3  297.1
 1000.0    119   23.0   16.0     65  11.56     80      7  296.1  329.7  298.2
  991.0    198   24.6   14.6     54  10.65     73      7  298.5  329.8  300.4
  980.0    296   24.4   13.4     50   9.95     64      8  299.3  328.7  301.1
  970.0    386   24.0   13.0     50   9.79     57      8  299.8  328.7  301.5
  946.0    604   22.6   11.6     50   9.14     37      9  300.5  327.7  302.1
  925.0    799   20.8   10.8     53   8.86     20     10  300.6  327.0  302.2
  914.0    902   19.8   10.8     56   8.97      9     10  300.6  327.3  302.2
  867.0   1355   16.2   10.2     68   9.09    319     10  301.4  328.5  303.0
  850.0   1523   16.2    3.2     42   5.70    300     10  303.1  320.6  304.1
  843.0   1593   16.2   -0.8     31   4.30    288     10  303.8  317.2  304.6
  837.0   1654   18.2  -17.8      7   1.13    277     10  306.5  310.4  306.8
  836.0   1664   18.2  -18.0      7   1.11    275     10  306.6  310.4  306.8
  794.0   2103   17.0  -28.0      3   0.48    282      9  309.9  311.7  310.0
  767.0   2397   16.0  -31.0      3   0.38    287      9  311.9  313.3  312.0
  700.0   3164   11.0  -34.0      3   0.31    300      8  314.6  315.8  314.7
  675.0   3466    9.6  -33.4      3   0.34    299      9  316.4  317.6  316.4
  664.0   3602    8.6  -19.4     12   1.25    298     10  316.7  321.1  317.0
  641.0   3892    7.0   -8.0     33   3.28    297     11  318.1  329.1  318.7
  617.0   4204    4.0   -8.0     41   3.41    296     13  318.1  329.5  318.8
  568.0   4870   -2.3   -5.9     76   4.36    294     15  318.4  332.7  319.2
  545.0   5197   -4.5  -14.5     46   2.29    293     17  319.5  327.4  320.0
  528.0   5446   -6.7  -12.7     62   2.74    292     18  319.8  329.1  320.3
  514.0   5655   -7.3  -28.3     17   0.73    291     19  321.5  324.2  321.7
  500.0   5870   -8.7  -19.7     41   1.61    290     20  322.4  328.1  322.7
  492.0   5995   -9.3  -17.3     52   2.01    288     21  323.1  330.1  323.5
  480.0   6186  -10.5  -18.5     52   1.86    286     22  323.9  330.5  324.3
  436.0   6914  -16.4  -20.6     70   1.71    275     25  325.4  331.5  325.8
  419.0   7216  -18.9  -21.5     80   1.65    273     31  326.0  331.9  326.3
  400.0   7560  -21.5  -29.5     48   0.83    270     38  327.0  330.1  327.1
  392.0   7708  -22.1  -37.1     24   0.41    270     41  328.1  329.6  328.1
  377.0   7993  -23.9  -26.8     77   1.14    270     46  329.4  333.6  329.6
  371.0   8109  -24.9  -28.4     73   1.00    270     48  329.6  333.3  329.8
  363.0   8267  -26.3  -31.1     64   0.79    270     51  329.7  332.7  329.9
  354.0   8448  -26.7  -46.7     13   0.16    270     55  331.6  332.2  331.6
  332.0   8906  -29.7  -51.7     10   0.10    270     64  333.6  334.0  333.6
  326.0   9036  -28.1  -53.1      7   0.08    270     66  337.6  337.9  337.6
  319.0   9192  -26.5  -50.5      9   0.12    270     69  341.9  342.4  341.9
  300.0   9630  -30.5  -52.5     10   0.10    270     78  342.3  342.7  342.3
  283.0  10044  -32.3  -53.3     11   0.10    270     90  345.4  345.9  345.5
  279.0  10144  -33.1  -53.9     11   0.09    270     93  345.8  346.1  345.8
  254.0  10801  -38.1  -58.1     10   0.06    274     93  347.7  348.0  347.7
  250.0  10910  -39.1  -58.1     12   0.06    275     93  347.8  348.1  347.8
  227.0  11550  -44.7  -61.6     13   0.04    285     96  348.9  349.1  348.9
  200.0  12390  -52.1  -66.1     17   0.03    285     92  350.1  350.2  350.1
  174.0  13277  -59.4  -69.5     26   0.02    275     95  352.4  352.4  352.4
  167.0  13538  -61.5  -70.5     29   0.02    276     88  352.9  353.0  352.9
  156.0  13959  -64.3  -75.3     21   0.01    279     77  355.1  355.2  355.1
  150.0  14200  -65.1  -78.1     15   0.01    280     71  357.7  357.8  357.7
  130.0  15067  -66.7  -81.7     10   0.00    280     46  369.8  369.8  369.8
  117.0  15696  -70.8  -83.9     13   0.00    280     56  373.6  373.6  373.6
  116.0  15747  -71.1  -84.1     13   0.00    279     54  373.9  373.9  373.9
  106.0  16283  -68.8  -83.4     11   0.00    270     32  388.1  388.1  388.1
  104.0  16396  -68.3  -83.3     10   0.00    265     30  391.1  391.1  391.1
  100.0  16630  -69.9  -84.9     10   0.00    255     27  392.4  392.4  392.4
   87.8  17395  -74.7  -90.7      7   0.00    255     23  397.7  397.7  397.7
   84.0  17655  -72.6  -88.2      8   0.00    225     28  406.9  406.9  406.9
   79.2  18001  -69.9  -84.9     10   0.00    160     22  419.4  419.5  419.4
   73.0  18482  -71.8  -87.4      8   0.00     70     13  425.4  425.4  425.4
   70.0  18730  -72.7  -88.7      7   0.00     55      7  428.5  428.5  428.5
   65.0  19167  -72.6  -89.2      7   0.00      0      0  437.8  437.8  437.8
   54.2  20237  -72.5  -90.5      5   0.00     20     14  461.5  461.5  461.5
   54.0  20259  -72.2  -90.3      5   0.00     20     14  462.7  462.7  462.7
   51.0  20601  -67.5  -87.8      4   0.00    205      1  481.2  481.3  481.2
   50.0  20720  -65.9  -86.9      4   0.00    170      4  487.8  487.8  487.8
   47.8  20995  -62.5  -87.5      2   0.00    140     15  502.2  502.2  502.2
   46.0  21234  -62.1  -87.5      2   0.00    115     24  508.8  508.8  508.8
   33.0  23306  -58.4  -87.3      1   0.01     90     42  569.2  569.3  569.2
   30.0  23900  -57.3  -87.3      1   0.01     80     39  587.8  587.9  587.8
   29.5  24006  -56.5  -87.5      1   0.01     80     39  592.9  592.9  592.9
   20.0  26510  -48.7  -81.7      1   0.03     80     33  686.3  686.6  686.4
   18.6  26988  -47.9  -80.9      1   0.03     83     30  703.2  703.5  703.2
   18.0                                        85     28                     
   12.0                                       105     45                     
Station information and sounding indices
