-----------------------------------------------------------------------------
   PRES   HGHT   TEMP   DWPT   RELH   MIXR   DRCT   SKNT   THTA   THTE   THTV
    hPa     m      C      C      %    g/kg    deg   knot     K      K      K 
-----------------------------------------------------------------------------
 1018.0     52   15.6   12.4     81   8.96    160      7  287.3  312.5  288.8
 1000.0    201   15.0   10.0     72   7.76    135     16  288.1  310.2  289.5
  988.0    303   14.8    7.8     63   6.76    137     17  288.9  308.3  290.1
  975.0    415   15.4    5.4     51   5.80    138     18  290.6  307.5  291.7
  967.0    485   15.0    5.0     51   5.69    139     19  290.9  307.5  291.9
  954.0    600   14.0    5.0     55   5.76    141     20  291.0  307.8  292.1
  925.0    859   11.6    4.6     62   5.78    145     22  291.2  308.0  292.2
  920.0    904   11.2    4.2     62   5.65    145     22  291.2  307.7  292.2
  890.0   1180    8.4    3.9     73   5.72    145     21  291.1  307.7  292.1
  878.0   1293   14.6  -19.4      8   0.94    145     20  298.6  301.8  298.8
  850.0   1566   14.8  -23.2      6   0.70    145     19  301.6  304.0  301.8
  830.0   1767   14.6  -31.4      3   0.34    147     18  303.5  304.7  303.6
  824.0   1828   14.6  -29.4      3   0.41    148     18  304.1  305.6  304.2
  798.0   2097   12.8  -31.2      3   0.36    152     17  305.0  306.3  305.1
  775.0   2341   11.0  -15.0     15   1.55    155     17  305.6  310.8  305.9
  770.0   2395   10.8  -16.2     13   1.41    155     16  306.0  310.7  306.2
  745.0   2670   11.0  -27.0      5   0.57    159     16  309.1  311.1  309.2
  700.0   3186    8.8  -29.2      5   0.49    165     14  312.2  314.0  312.3
  500.0   5890   -5.7  -35.7      7   0.37    215     19  326.0  327.4  326.1
  400.0   7600  -16.9  -36.9     16   0.41    220     38  332.9  334.6  333.0
  300.0   9700  -30.9  -42.9     30   0.29    250     60  341.7  342.9  341.8
  250.0  10970  -39.7  -52.7     24   0.12    250     67  346.9  347.4  346.9
  200.0  12450  -52.7  -59.7     42   0.06    240     77  349.1  349.4  349.2
  182.0  13040  -57.2  -64.2     41   0.04    240     79  351.3  351.5  351.3
  150.0  14250  -66.5  -73.5     37   0.01    235     74  355.3  355.4  355.3
  100.0  16660  -74.1  -85.1     17   0.00    245     37  384.3  384.3  384.3
   99.7  16678  -74.3  -85.3     17   0.00    243     37  384.2  384.3  384.2
   94.0  17019  -75.3  -86.8     15   0.00    210     29  388.8  388.8  388.8
   87.7  17421  -76.5  -88.5     14   0.00    230     25  394.2  394.2  394.2
   87.0  17467  -76.5  -88.4     14   0.00    230     26  395.1  395.2  395.1
   79.3  18001  -76.1  -87.1     16   0.00    207     26  406.5  406.5  406.5
   70.0  18730  -71.5  -82.5     18   0.01    175     25  431.1  431.1  431.1
   66.0  19079  -68.7  -81.3     15   0.01    145     28  444.5  444.5  444.5
   64.9  19179  -67.9  -80.9     14   0.01    133     25  448.4  448.4  448.4
   61.0  19549  -68.4  -82.5     12   0.01     90     13  455.2  455.2  455.2
   59.0  19748  -68.7  -83.4     10   0.01    145      3  458.9  458.9  458.9
   57.9  19861  -68.9  -83.9     10   0.01    139      3  461.0  461.0  461.0
   50.0  20750  -61.9  -81.9      5   0.01     90      6  497.2  497.3  497.2
   48.1  20990  -59.1  -82.1      4   0.01     84     14  509.4  509.5  509.4
   47.0  21137  -58.8  -82.4      3   0.01     80     19  513.5  513.6  513.5
   35.0  22997  -54.8  -85.6      1   0.01     85     15  569.1  569.1  569.1
   34.8  23034  -54.7  -85.7      1   0.01     87     17  570.2  570.3  570.2
   33.0  23372  -54.7  -85.7      1   0.01    105     35  578.9  579.0  578.9
   30.0  23980  -54.7  -85.7      1   0.01     90     30  594.9  595.0  594.9
   29.9  24001  -54.9  -85.9      1   0.01     90     30  595.0  595.0  595.0
   27.7  24489  -55.3  -86.3      1   0.01     90     27  607.0  607.0  607.0
   26.0  24901  -53.5  -85.1      1   0.01     90     25  623.2  623.3  623.2
   21.0  26292  -47.3  -80.9      1   0.03     90     47  681.0  681.3  681.0
   20.0  26610  -45.9  -79.9      1   0.03     85     45  694.9  695.3  694.9
   18.9  26987  -45.1  -79.1      1   0.04     86     44  708.7  709.1  708.7
   14.0  29013  -39.9  -75.9      1   0.09     94     39  789.8  790.8  789.8
   12.1  30009  -39.9  -75.9      1   0.11     98     37  823.4  824.6  823.4
   11.0                                       100     35                     
Station information and sounding indices
