-----------------------------------------------------------------------------
   PRES   HGHT   TEMP   DWPT   RELH   MIXR   DRCT   SKNT   THTA   THTE   THTV
    hPa     m      C      C      %    g/kg    deg   knot     K      K      K 
-----------------------------------------------------------------------------
 1006.0     52   24.8   22.7     88  17.61     90      3  297.4  348.6  300.6
 1000.0    106   24.8   18.8     69  13.85     50     10  297.9  338.4  300.4
  986.0    230   27.0   16.0     51  11.73     37     11  301.4  336.2  303.5
  978.0    302   26.6   15.6     51  11.52     30     11  301.7  335.9  303.8
  945.0    604   24.8   17.8     65  13.76    359     12  302.8  343.8  305.3
  925.0    792   23.4   18.4     74  14.62    340     13  303.2  346.8  305.9
  914.0    897   22.6   17.7     74  14.14    338     13  303.4  345.7  306.0
  907.0    964   22.0   17.4     75  13.98    336     12  303.5  345.2  306.0
  903.0   1002   21.8   17.1     75  13.75    335     12  303.6  344.7  306.1
  850.0   1526   18.6   12.6     68  10.90    275     10  305.6  338.6  307.6
  827.0   1761   16.6   10.6     68   9.79    246     15  305.9  335.7  307.7
  807.0   1969   16.7    3.3     41   6.04    220     19  308.2  327.0  309.3
  795.0   2097   16.8   -1.2     29   4.43    214     15  309.6  323.7  310.4
  777.0   2292   16.6   -8.4     17   2.62    206      9  311.4  320.1  311.9
  767.0   2401   16.2   -8.8     17   2.57    201      6  312.1  320.7  312.6
  755.0   2535   15.5   -8.1     19   2.77    195      2  312.7  321.9  313.3
  735.0   2762   14.2   -6.8     23   3.14    200      3  313.8  324.1  314.4
  700.0   3170   10.2   -0.8     46   5.18    210      4  313.8  330.4  314.7
  692.0   3265    9.4    0.4     53   5.73    210      4  313.9  332.2  315.0
  665.0   3594    7.4   -3.6     46   4.43    211      5  315.2  329.6  316.1
  638.0   3933    4.4   -5.6     48   3.97    211      5  315.6  328.6  316.3
  633.0   3997    4.0   -7.0     45   3.59    212      5  315.8  327.7  316.5
  617.0   4204    3.4  -17.6     20   1.56    212      6  317.5  322.9  317.8
  604.0   4376    2.8  -20.2     17   1.28    212      6  318.7  323.2  318.9
  513.0   5671   -7.1  -30.1     14   0.62    215      9  321.9  324.2  322.1
  500.0   5870   -8.1  -33.1     11   0.47    215      9  323.1  324.9  323.2
  492.0   5995   -8.5  -34.5     10   0.42    215     10  324.1  325.7  324.2
  486.0   6090   -8.5  -37.5      8   0.31    215     11  325.2  326.5  325.3
  433.0   6968  -14.9  -40.4      9   0.26    215     20  328.0  329.1  328.1
  413.0   7327  -17.5  -41.5     10   0.24    235      9  329.1  330.1  329.1
  400.0   7570  -19.3  -42.3     11   0.23    245     19  329.8  330.8  329.9
  372.0   8106  -23.5  -39.5     22   0.33    248     30  331.2  332.5  331.2
  300.0   9650  -33.1  -54.1     10   0.08    255     63  338.6  339.0  338.6
  295.0   9766  -33.7  -55.0     10   0.07    255     68  339.4  339.7  339.4
  254.0  10802  -39.3  -63.3      6   0.03    260     65  345.9  346.1  345.9
  250.0  10910  -39.9  -63.9      6   0.03    260     65  346.6  346.7  346.6
  237.0  11275  -41.9  -64.9      6   0.03    257     67  348.9  349.1  348.9
  229.0  11504  -43.4  -66.2      6   0.02    255     69  350.0  350.1  350.0
  200.0  12410  -49.5  -71.5      6   0.01    250     63  354.2  354.3  354.2
  160.0  13836  -58.6  -79.7      5   0.00    245     33  362.1  362.1  362.1
  159.0  13876  -58.9  -79.9      5   0.00    243     33  362.3  362.3  362.3
  150.0  14240  -59.7  -79.7      6   0.00    225     37  367.0  367.1  367.0
  113.0  15956  -71.9  -89.9      5   0.00    190     31  375.2  375.2  375.2
  104.0  16441  -73.7  -90.3      6   0.00    180     29  380.9  380.9  380.9
  100.0  16670  -74.5  -90.5      7   0.00    190     29  383.5  383.5  383.5
   98.3  16770  -75.3  -91.3      7   0.00    195     30  383.9  383.9  383.9
   83.0  17749  -75.5  -89.9      9   0.00    205     23  402.6  402.6  402.6
   79.5  17998  -75.5  -89.5     10   0.00    191     24  407.4  407.5  407.4
   70.0  18740  -72.5  -87.5      9   0.00    150     25  428.9  429.0  429.0
   64.6  19216  -68.7  -85.7      7   0.00     96     22  447.2  447.2  447.2
   64.0  19271  -68.9  -86.1      7   0.00     90     22  448.1  448.1  448.1
   54.6  20215  -71.5  -92.5      3   0.00     94     13  462.8  462.8  462.8
   52.0  20506  -68.8  -92.6      2   0.00     95     10  475.5  475.5  475.5
   50.0  20740  -66.7  -92.7      2   0.00    135     18  485.9  485.9  485.9
   47.9  21000  -65.5  -93.5      1   0.00    129     21  494.7  494.8  494.7
   36.0  22755  -61.2  -90.7      1   0.00     90     40  547.9  547.9  547.9
   33.0  23290  -59.9  -89.9      1   0.00     85     36  565.2  565.2  565.2
   30.0  23890  -55.5  -86.5      1   0.01     80     31  592.7  592.8  592.8
   29.5  23997  -54.5  -85.5      1   0.01     80     31  598.3  598.4  598.3
   28.2  24286  -52.7  -84.7      1   0.01     80     32  611.1  611.2  611.1
   20.0  26510  -50.1  -83.1      1   0.02     80     35  682.1  682.3  682.1
   18.6  26984  -50.1  -83.1      1   0.02     83     36  696.4  696.6  696.4
   13.0                                       100     43                     
Station information and sounding indices
