-----------------------------------------------------------------------------
   PRES   HGHT   TEMP   DWPT   RELH   MIXR   DRCT   SKNT   THTA   THTE   THTV
    hPa     m      C      C      %    g/kg    deg   knot     K      K      K 
-----------------------------------------------------------------------------
 1007.0     52   22.4   17.5     74  12.65    140      4  295.0  331.4  297.2
 1000.0    115   22.0   15.0     64  10.83    110     11  295.1  326.5  297.1
  979.0    299   22.0   15.0     64  11.07    107     10  296.9  329.2  298.9
  972.0    362   24.8   14.8     54  11.00    106     10  300.4  332.9  302.4
  962.0    453   24.4   12.4     47   9.49    105     10  300.9  329.1  302.6
  946.0    599   23.6   11.6     47   9.14    103      9  301.5  328.8  303.1
  925.0    795   22.4    9.4     44   8.06    100      8  302.2  326.5  303.7
  914.0    899   21.4   10.4     49   8.73     88      8  302.2  328.4  303.8
  894.0   1090   19.6   10.2     55   8.83     65      7  302.3  328.9  303.9
  889.0   1139   19.2   10.2     56   8.86     67      7  302.3  328.9  304.0
  850.0   1524   19.2  -19.8      6   0.94     85      3  306.2  309.5  306.4
  842.0   1605   19.0  -25.0      4   0.60    100      4  306.9  309.0  307.0
  804.0   1999   17.2   -9.8     15   2.27    174      7  309.0  316.5  309.4
  794.0   2105   16.4   -8.6     17   2.53    194      8  309.3  317.6  309.8
  776.0   2299   15.1   -4.6     25   3.51    230     10  309.9  321.2  310.5
  767.0   2398   14.4   -2.6     31   4.14    228     10  310.2  323.4  311.0
  757.0   2509   13.6    0.6     41   5.31    226     10  310.5  327.3  311.5
  700.0   3163    9.4   -3.6     40   4.21    215     10  312.9  326.5  313.7
  691.0   3270    8.8   -4.2     40   4.07    215     10  313.4  326.6  314.1
  664.0   3598    6.0    2.6     79   7.00    215      9  313.8  336.0  315.1
  641.0   3886    3.8    3.1     95   7.52    215      8  314.5  338.3  315.9
  625.0   4090    2.2    1.1     92   6.65    215      7  314.9  336.1  316.2
  617.0   4195    1.4    0.0     90   6.24    222      8  315.2  335.1  316.4
  575.0   4759   -2.5   -2.6     99   5.53    259     16  317.0  334.9  318.1
  547.0   5153   -4.2   -4.6     97   4.99    285     21  319.6  335.9  320.5
  542.0   5226   -4.5   -5.0     96   4.89    276     22  320.0  336.1  321.0
  530.0   5402   -3.7  -14.7     42   2.32    256     24  323.0  331.1  323.5
  510.0   5705   -5.1  -31.7     10   0.53    220     27  324.9  326.9  325.0
  507.0   5751   -5.3  -34.3      8   0.42    220     27  325.2  326.8  325.3
  500.0   5860   -5.5  -32.5     10   0.50    220     27  326.3  328.2  326.4
  491.0   6002   -6.7  -33.7     10   0.45    220     30  326.5  328.2  326.6
  430.0   7030  -11.9  -41.9      6   0.23    220     54  332.5  333.4  332.5
  424.0   7137  -12.8  -41.6      7   0.24    220     57  332.7  333.7  332.8
  400.0   7580  -16.3  -40.3     11   0.29    225     58  333.7  334.9  333.8
  391.0   7751  -17.1  -43.1      9   0.22    225     59  334.9  335.8  334.9
  385.0   7866  -17.7  -38.7     14   0.35    226     59  335.5  337.0  335.6
  373.0   8102  -19.9  -38.9     17   0.36    226     60  335.7  337.1  335.8
  300.0   9670  -33.7  -40.7     49   0.37    230     66  337.8  339.2  337.8
  295.0   9788  -34.7  -41.7     49   0.34    230     65  338.0  339.3  338.0
  293.0   9835  -35.0  -42.0     49   0.33    230     64  338.1  339.5  338.2
  272.0  10353  -38.7  -45.7     48   0.24    230     69  340.1  341.1  340.1
  255.0  10795  -41.3  -51.3     33   0.13    230     73  342.6  343.2  342.6
  250.0  10930  -42.5  -52.5     33   0.12    230     74  342.7  343.3  342.8
  218.0  11841  -48.7  -60.7     23   0.05    227     86  346.8  347.1  346.9
  200.0  12400  -53.3  -63.3     29   0.04    225     93  348.2  348.4  348.2
  173.0  13314  -60.5  -69.5     30   0.02    236     82  351.1  351.1  351.1
  152.0  14109  -64.5  -74.5     24   0.01    245     72  357.4  357.5  357.4
  150.0  14190  -63.9  -73.9     24   0.01    245     73  359.8  359.9  359.8
  141.0  14572  -61.3  -73.3     19   0.01    223     64  370.8  370.8  370.8
  136.0  14793  -62.8  -75.6     16   0.01    210     59  372.0  372.1  372.0
  124.0  15360  -66.5  -81.5     11   0.00    205     51  375.2  375.2  375.2
  119.0  15610  -65.9  -80.9     11   0.00    203     47  380.7  380.8  380.7
  111.0  16030  -68.5  -84.5      8   0.00    200     41  383.5  383.5  383.5
  100.0  16650  -72.3  -88.3      7   0.00    195     31  387.8  387.8  387.8
   96.8  16841  -72.7  -87.7      9   0.00    200     32  390.6  390.6  390.6
   96.0  16890  -72.7  -87.7      9   0.00    200     33  391.5  391.5  391.5
   86.0  17534  -72.8  -87.8      9   0.00    165     28  403.8  403.8  403.8
   79.4  18003  -72.9  -87.9      9   0.00    181     14  413.0  413.0  413.0
   78.0  18107  -73.2  -88.2      9   0.00    185     11  414.6  414.6  414.6
   73.9  18422  -73.9  -88.9      9   0.00    163     17  419.4  419.4  419.4
   70.0  18740  -71.7  -85.7     11   0.00    140     23  430.7  430.7  430.7
   66.3  19062  -69.9  -84.9     10   0.00    136     22  441.3  441.3  441.3
   53.8  20308  -69.7  -89.7      4   0.00    122     17  468.9  468.9  468.9
   52.0  20513  -67.6  -89.0      3   0.00    120     16  478.5  478.5  478.5
   50.0  20750  -65.1  -88.1      3   0.00    105     22  489.7  489.7  489.7
   48.0  21000  -62.9  -89.9      2   0.00    100     23  500.6  500.7  500.6
   43.0  21690  -60.4  -88.5      1   0.00     85     26  522.8  522.9  522.8
   37.0  22633  -56.9  -86.7      1   0.01     95     29  554.6  554.7  554.6
   33.0  23350  -54.3  -85.3      1   0.01     95     24  580.0  580.1  580.0
   31.0  23750  -54.4  -85.4      1   0.01     95     22  590.1  590.2  590.1
   30.0  23960  -54.5  -85.5      1   0.01     95     26  595.5  595.5  595.5
   29.8  24003  -54.1  -85.1      1   0.01     95     26  597.7  597.8  597.7
   20.0  26590  -51.1  -83.1      1   0.02     80     41  679.0  679.2  679.0
   18.8  26994  -49.5  -82.5      1   0.02     77     37  696.1  696.3  696.1
   18.0                                        75     35                     
   14.0                                        85     59                     
   12.0                                        80     40                     
Station information and sounding indices
