-----------------------------------------------------------------------------
   PRES   HGHT   TEMP   DWPT   RELH   MIXR   DRCT   SKNT   THTA   THTE   THTV
    hPa     m      C      C      %    g/kg    deg   knot     K      K      K 
-----------------------------------------------------------------------------
 1002.0     52   24.4   19.7     75  14.64    140      2  297.4  339.9  300.0
 1000.0     69   25.8   16.8     58  12.18     65      7  298.9  334.7  301.1
  984.0    211   25.2   16.2     57  11.91     43      7  299.7  334.8  301.9
  974.0    301   27.4   16.4     51  12.19     30      7  302.8  339.2  305.0
  956.0    466   27.8   13.8     42  10.48      4      6  304.8  336.5  306.8
  942.0    597   26.4   16.4     54  12.61    345      6  304.7  342.6  307.0
  925.0    757   25.4   15.4     54  12.03    320      6  305.3  341.6  307.5
  910.0    901   24.0   15.0     57  11.92    323      8  305.3  341.2  307.4
  850.0   1493   18.4   16.1     86  13.73    335     14  305.4  346.7  307.9
  834.0   1656   17.0   16.3     96  14.18    315     13  305.6  348.3  308.2
  826.0   1738   16.5   15.8     96  13.89    305     13  305.9  347.8  308.5
  792.0   2097   14.4   13.8     96  12.68    316     13  307.4  345.9  309.7
  764.0   2400   12.0   11.8     99  11.51    326     13  307.9  343.0  310.1
  719.0   2908    9.4    5.6     77   7.99    343     13  310.5  335.4  312.0
  700.0   3130    8.6    5.2     79   7.98    350     13  312.0  337.0  313.5
  661.0   3602    5.6    3.2     85   7.34    354     17  313.8  337.0  315.1
  646.0   3789    4.0    2.5     90   7.17    355     19  314.1  336.8  315.4
  623.0   4083    1.6    1.5     99   6.89    345     20  314.5  336.4  315.8
  614.0   4201    1.8  -10.2     41   2.88    341     20  316.1  325.7  316.6
  601.0   4374    5.2  -22.8     11   1.02    335     21  321.9  325.6  322.1
  587.0   4565    3.6  -25.4     10   0.83    329     21  322.2  325.3  322.4
  500.0   5840   -6.9  -21.9     29   1.33    285     25  324.6  329.4  324.8
  492.0   5966   -8.0  -21.4     33   1.41    280     22  324.7  329.8  325.0
  490.0   5997   -8.3  -21.3     34   1.43    281     22  324.7  329.9  325.0
  468.0   6352  -11.3  -20.3     47   1.64    293     28  325.3  331.1  325.6
  446.0   6720  -13.5  -27.9     29   0.87    305     33  327.0  330.3  327.2
  440.0   6823  -14.1  -30.1     25   0.72    303     35  327.5  330.2  327.7
  400.0   7540  -19.3  -21.8     81   1.68    285     48  329.8  335.9  330.1
  382.0   7881  -21.3  -34.3     30   0.55    282     53  331.6  333.7  331.7
  371.0   8097  -22.9  -37.9     24   0.40    280     56  332.2  333.8  332.3
  362.0   8277  -23.3  -42.3     16   0.26    278     58  334.0  335.1  334.1
  343.0   8669  -26.3  -31.0     65   0.84    274     64  335.1  338.4  335.3
  310.0   9396  -29.7  -42.7     27   0.29    267     74  340.2  341.4  340.3
  300.0   9630  -30.5  -45.5     22   0.22    265     77  342.3  343.2  342.3
  294.0   9772  -31.4  -46.7     21   0.20    265     82  342.9  343.8  342.9
  279.0  10142  -33.9  -49.9     18   0.14    265     82  344.6  345.2  344.6
  264.0  10526  -37.1  -55.1     14   0.08    265     83  345.4  345.7  345.4
  254.0  10792  -39.5  -56.5     15   0.07    265     83  345.6  346.0  345.6
  250.0  10900  -40.1  -57.1     15   0.07    265     83  346.3  346.6  346.3
  205.0  12216  -50.6  -66.7     13   0.02    275     88  350.0  350.1  350.0
  200.0  12380  -51.9  -67.9     13   0.02    275     88  350.4  350.5  350.4
  173.0  13303  -59.7  -72.7     17   0.01    270     78  352.4  352.4  352.4
  150.0  14190  -62.1  -77.1     12   0.01    265     68  362.9  362.9  362.9
  135.0  14833  -67.1  -82.1     10   0.00    266     62  365.1  365.1  365.1
  118.0  15646  -65.7  -81.7      9   0.00    268     55  382.0  382.1  382.0
  101.0  16581  -69.7  -87.7      6   0.00    270     47  391.7  391.7  391.7
  100.0  16640  -70.3  -88.3      6   0.00    270     46  391.6  391.6  391.6
   86.0  17519  -76.2  -93.3      5   0.00    260     45  397.1  397.1  397.1
   83.5  17691  -77.3  -94.3      5   0.00    250     39  398.1  398.1  398.1
   79.2  17995  -75.3  -92.3      6   0.00    283     14  408.3  408.3  408.3
   79.0  18010  -75.2  -92.2      6   0.00    285     13  408.9  408.9  408.9
   70.0  18720  -69.5  -85.5      8   0.00    315      8  435.4  435.4  435.4
   66.0  19079  -67.8  -85.6      6   0.00    330      3  446.4  446.4  446.4
   60.0  19661  -65.1  -85.9      4   0.00     55     17  464.8  464.8  464.8
   54.0  20304  -62.1  -86.1      3   0.00    120     12  485.9  485.9  485.9
   51.0  20658  -63.9  -88.6      2   0.00     70     16  489.7  489.8  489.7
   50.0  20780  -64.5  -89.5      2   0.00     65     14  491.1  491.1  491.1
   48.2  21004  -64.3  -90.3      2   0.00     80      9  496.7  496.7  496.7
   46.0  21296  -63.0  -89.7      2   0.00    100      3  506.6  506.6  506.6
   37.0  22660  -56.8  -87.0      1   0.01     75     29  555.0  555.1  555.0
   33.0  23377  -53.5  -85.5      1   0.01     78     25  582.1  582.2  582.1
   30.0  23990  -52.5  -84.5      1   0.01     80     22  600.9  601.0  600.9
   26.6  24767  -53.5  -85.5      1   0.01     84     28  619.1  619.2  619.1
   20.0  26630  -47.3  -80.3      1   0.03     95     43  690.6  691.0  690.6
   18.9  27003  -47.9  -80.9      1   0.03     95     43  700.0  700.3  700.0
   12.1  29982  -42.1  -77.1      1   0.09     95     41  815.6  816.7  815.6
   11.0                                        95     41                     
Station information and sounding indices
