-----------------------------------------------------------------------------
   PRES   HGHT   TEMP   DWPT   RELH   MIXR   DRCT   SKNT   THTA   THTE   THTV
    hPa     m      C      C      %    g/kg    deg   knot     K      K      K 
-----------------------------------------------------------------------------
 1007.0     24   27.8   24.9     84  20.17    270      4  300.4  359.8  304.0
 1000.0     83   27.4   23.3     78  18.39    275     16  300.6  354.8  303.9
  943.0    603   23.1   21.0     88  16.89    270     29  301.2  351.1  304.3
  927.0    755   21.8   20.3     91  16.46    266     29  301.4  350.1  304.4
  925.0    774   21.8   20.1     90  16.29    265     29  301.6  349.8  304.5
  868.0   1323   19.4   17.2     87  14.43    254     28  304.6  347.9  307.3
  850.0   1503   18.2   16.1     88  13.73    250     27  305.2  346.5  307.7
  825.0   1759   15.8   14.3     91  12.57    245     25  305.3  343.1  307.6
  814.0   1874   16.6   14.0     85  12.50    242     24  307.3  345.2  309.6
  739.0   2691   12.6    9.1     79   9.89    225     18  311.6  342.3  313.4
  700.0   3150   10.4    6.3     76   8.63    235     19  314.0  341.1  315.6
  698.0   3174   10.4    5.8     73   8.35    235     19  314.2  340.6  315.8
  685.0   3330    9.4    7.6     89   9.65    238     19  314.8  345.2  316.6
  649.0   3776    7.4    2.5     71   7.11    244     19  317.4  340.3  318.8
  572.0   4800    0.9   -1.0     87   6.25    260     19  321.5  342.0  322.7
  562.0   4943    0.0   -1.5     90   6.14    257     18  322.0  342.2  323.2
  500.0   5870   -4.7   -5.1     97   5.27    235     14  327.2  345.0  328.3
  474.0   6291   -6.5   -6.9     97   4.85    215     13  330.1  346.7  331.0
  468.0   6392   -6.9   -7.3     97   4.75    210     13  330.8  347.1  331.7
  456.0   6595   -7.9   -9.7     87   4.03    200     14  332.0  346.0  332.8
  444.0   6804   -8.9  -12.2     77   3.40    212     13  333.2  345.2  333.9
  433.0   6999  -10.1  -11.2     92   3.78    223     13  334.1  347.4  334.9
  422.0   7197  -11.1  -12.4     90   3.52    235     12  335.2  347.7  336.0
  400.0   7610  -13.3  -14.9     88   3.03    220     15  337.6  348.5  338.2
  386.0   7880  -15.5  -16.4     93   2.77    201     15  338.2  348.2  338.8
  375.0   8097  -16.6  -19.0     81   2.28    185     15  339.6  348.0  340.0
  362.0   8362  -17.9  -22.2     69   1.79    186     16  341.2  348.0  341.6
  300.0   9740  -27.5  -31.3     70   0.94    190     23  346.5  350.2  346.7
  281.0  10199  -31.2  -35.1     69   0.69    195     25  347.7  350.5  347.8
  250.0  11020  -37.9  -41.9     66   0.39    195     21  349.6  351.2  349.7
  240.0  11301  -39.9  -44.2     63   0.32    201     21  350.7  352.0  350.7
  226.0  11703  -43.5                         210     22  351.2         351.2
  200.0  12520  -50.9                         220     22  352.0         352.0
  197.0  12615  -51.8                         215     23  352.1         352.1
  163.0  13800  -63.3                         160     18  352.4         352.4
  150.0  14320  -68.3                         160     19  352.2         352.2
  148.0  14399  -68.9                         155     18  352.6         352.6
  127.0  15299  -75.6                          90     27  356.2         356.2
  125.0  15392  -76.3                                     356.6         356.6
