-----------------------------------------------------------------------------
   PRES   HGHT   TEMP   DWPT   RELH   MIXR   DRCT   SKNT   THTA   THTE   THTV
    hPa     m      C      C      %    g/kg    deg   knot     K      K      K 
-----------------------------------------------------------------------------
 1012.0     24   29.8   24.8     75  19.94    290      1  301.9  361.1  305.5
 1010.0     41   29.0   24.0     74  19.02    283      2  301.3  357.6  304.7
 1000.0    128   28.0   23.5     77  18.63    250      5  301.1  356.2  304.5
  981.0    297   26.4   22.9     81  18.27    270     11  301.2  355.2  304.4
  952.0    561   23.8   21.9     89  17.72    274     12  301.1  353.5  304.3
  948.0    598   23.6   21.8     89  17.67    275     12  301.3  353.6  304.5
  925.0    812   22.6   21.1     91  17.36    270     13  302.4  354.0  305.6
  899.0   1061   21.8   19.9     89  16.56    261     12  304.1  353.6  307.1
  891.0   1139   19.6   15.6     78  12.66    258     12  302.6  340.3  304.9
  855.0   1494   18.7   15.7     83  13.28    245     11  305.2  345.2  307.7
  850.0   1545   18.6   15.7     83  13.37    245     11  305.6  345.9  308.1
  849.0   1555   18.6   15.6     83  13.30    245     11  305.7  345.8  308.2
  831.0   1740   18.0   14.5     80  12.65    253     11  307.0  345.3  309.3
  828.0   1771   18.0   14.1     78  12.36    254     11  307.3  344.8  309.6
  825.0   1802   16.9   12.2     74  10.95    255     11  306.5  339.7  308.5
  824.0   1812   16.6   11.6     72  10.52    255     11  306.2  338.1  308.2
  818.0   1874   13.4    4.4     54   6.45    252     11  303.5  323.2  304.7
  815.0   1905   11.8    1.8     50   5.38    250     11  302.1  318.6  303.1
  764.0   2444    8.8   -7.2     32   2.93    226      8  304.5  313.8  305.0
  741.0   2697   10.0   -6.0     32   3.31    215      7  308.5  319.1  309.1
  737.0   2742   10.2   -5.8     32   3.38    217      7  309.2  320.1  309.8
  729.0   2833   10.4   -9.6     23   2.54    222      7  310.4  318.7  310.8
  725.0   2879   10.8  -12.2     19   2.08    224      7  311.3  318.2  311.7
  717.0   2972   14.4  -13.6     13   1.88    228      7  316.2  322.6  316.6
  714.0   3007   14.2  -14.2     13   1.79    230      7  316.4  322.5  316.7
  709.0   3067   13.8  -15.2     12   1.66    234      7  316.6  322.3  316.9
  703.0   3138   13.0  -12.0     16   2.18    238      8  316.5  323.9  316.9
  701.0   3162   12.8  -12.2     16   2.15    239      8  316.5  323.8  316.9
  700.0   3174   12.8  -11.2     18   2.33    240      8  316.6  324.5  317.1
  698.0   3198   12.4   -4.6     30   3.91    240      8  316.4  329.3  317.2
  697.0   3210   12.2    1.2     47   6.02    240      8  316.4  335.8  317.5
  665.0   3601    9.3    1.5     58   6.46    235     10  317.4  338.3  318.6
  657.0   3702    8.6    1.6     61   6.58    243     10  317.7  338.9  318.9
  625.0   4114    7.6   -6.4     36   3.81    275      9  321.1  333.9  321.8
  599.0   4463    5.2   -3.8     52   4.85    302      8  322.2  338.4  323.2
  596.0   4503    5.0   -6.7     43   3.90    305      8  322.4  335.6  323.2
  578.0   4753    3.6  -24.4     11   0.92    348     11  323.7  327.1  323.9
  575.0   4795    3.3  -24.5     11   0.92    355     11  323.9  327.2  324.0
  554.0   5094    1.5  -25.4     12   0.88     15     15  325.1  328.4  325.3
  538.0   5330    0.0  -26.0     12   0.86      3     13  326.1  329.3  326.2
  534.0   5389   -0.6  -23.9     15   1.04      0     13  326.1  329.9  326.2
  509.0   5770   -4.5  -10.5     63   3.40    327      9  325.8  337.5  326.5
  500.0   5910   -5.5  -11.5     63   3.19    315      7  326.3  337.3  326.9
  494.0   6005   -6.1  -11.5     66   3.23    305      6  326.6  337.8  327.2
  487.0   6117   -6.9  -11.5     70   3.28    309      7  327.0  338.3  327.7
  484.0   6165   -7.1  -15.1     53   2.46    311      7  327.4  336.0  327.8
  476.0   6295   -7.7  -16.8     48   2.17    315      8  328.1  335.8  328.6
  469.0   6411   -8.3  -18.3     44   1.94    307      9  328.8  335.8  329.2
  440.0   6904  -12.0  -16.0     72   2.51    275     12  330.2  339.1  330.7
  439.0   6922  -12.1  -15.9     73   2.54    275     12  330.3  339.2  330.8
  418.0   7296  -14.7  -18.1     75   2.21    270     11  331.6  339.5  332.0
  415.0   7351  -14.5  -21.5     55   1.66    269     11  332.5  338.6  332.9
  402.0   7592  -16.1  -19.8     73   1.99    266     11  333.5  340.7  333.9
  400.0   7630  -16.3  -19.9     74   1.98    265     11  333.7  340.9  334.1
  374.0   8134  -18.7  -26.7     49   1.16    268     12  337.0  341.4  337.2
  361.0   8394  -20.8  -28.4     50   1.02    270     13  337.7  341.6  337.9
  334.0   8967  -25.3  -32.3     52   0.77    244     13  339.1  342.0  339.2
  326.0   9143  -26.1  -39.1     28   0.40    236     12  340.3  341.9  340.4
  314.0   9413  -27.5  -44.5     18   0.23    224     12  342.0  343.0  342.1
  306.0   9598  -28.9  -41.9     27   0.32    215     12  342.6  344.0  342.7
  300.0   9740  -29.9  -39.9     37   0.40    205     13  343.1  344.8  343.2
  296.0   9835  -30.7  -39.7     41   0.41    208     12  343.3  345.0  343.4
  293.0   9906  -31.2  -40.5     40   0.38    210     11  343.5  345.1  343.6
  281.0  10197  -33.5  -43.7     35   0.28    250      8  344.5  345.7  344.5
  269.0  10501  -35.8  -47.1     30   0.21    270      7  345.4  346.3  345.4
  258.0  10791  -38.0  -50.3     27   0.15    240      6  346.3  346.9  346.3
  250.0  11010  -39.7  -52.7     24   0.12    195      5  346.9  347.4  346.9
  248.0  11065  -40.1  -53.1     24   0.11    187      5  347.1  347.6  347.1
  236.0  11396  -42.8                         135      8  348.0         348.0
  206.0  12303  -50.1                          85     13  350.3         350.3
  200.0  12500  -51.7                          85     14  350.7         350.7
  188.0  12887  -54.8                          65     18  352.0         352.0
  179.0  13194  -57.2                          50     17  352.9         352.9
  150.0  14300  -66.1                          70     30  356.0         356.0
  135.0  14929  -71.9                          70     43  356.6         356.6
  133.0  15016  -72.7                          70     45  356.8         356.8
  124.0  15424  -76.3                          70     39  357.4         357.4
  114.0  15903  -77.9                          70     31  363.2         363.2
  103.0  16482  -79.8                         130     22  370.3         370.3
  100.0  16650  -80.3                         130     25  372.3         372.3
   88.3  17349  -85.5                         100     33  375.4         375.4
   88.0  17368  -85.4                         100     33  376.0         376.0
   83.0  17696  -83.1                          85     23  387.0         387.0
   79.0  17973  -81.2                         135     11  396.4         396.4
   78.0  18045  -80.7                         122     10  398.9         398.9
   75.0  18267  -80.8                          80      6  403.2         403.2
   72.6  18452  -80.9                          92      7  406.7         406.7
   70.0  18660  -78.9                         105      9  415.3         415.3
   68.4  18791  -76.9                         116     16  422.3         422.3
   67.0  18910  -76.5                         125     23  425.7         425.7
   60.0  19544  -74.4                          90     32  444.1         444.1
   58.6  19679  -73.9                          80     28  448.1         448.1
   57.5  19790  -71.1                          72     25  456.9         456.9
   52.0  20379  -71.3                          30      8  469.8         469.8
   51.4  20448  -71.3                          54      9  471.3         471.3
   50.0  20610  -69.9                         110     10  478.4         478.4
   49.0  20732  -69.3                         125     12  482.6         482.6
   43.5  21449  -65.5                         113     14  508.6         508.6
   40.0  21961  -65.4                         105     15  521.2         521.2
   39.0  22115  -65.3                         125     22  525.1         525.1
   38.5  22194  -65.3                         122     23  527.1         527.1
   34.8  22818  -59.9                          99     27  556.6         556.6
   32.0  23345  -59.0                          80     31  572.5         572.5
   30.4  23667  -58.5                          80     32  582.4         582.4
   30.0  23750  -58.1                          80     32  585.7         585.7
   28.0  24188  -54.5                          65     27  607.2         607.2
   26.8  24466  -52.3                          80     27  621.2         621.2
   26.0  24660  -53.1                          90     27  624.1         624.1
   24.6  25014  -54.7                          85     31  629.6         629.6
   23.0  25442  -55.1                          80     35  640.7         640.7
   22.2  25667  -55.3                          81     37  646.6         646.6
   20.0  26330  -54.5                          85     43  668.6         668.6
   16.0  27782  -51.3                          80     49  723.2         723.2
   13.0  29134  -48.3                          95     66  777.8         777.8
   12.5  29389  -47.7                          95     66  788.5         788.5
   12.0  29655  -47.1                                     799.9         799.9
