-----------------------------------------------------------------------------
   PRES   HGHT   TEMP   DWPT   RELH   MIXR   DRCT   SKNT   THTA   THTE   THTV
    hPa     m      C      C      %    g/kg    deg   knot     K      K      K 
-----------------------------------------------------------------------------
 1007.0     24   28.8   25.7     83  21.18    300      8  301.4  364.2  305.1
 1000.0     85   28.2   23.9     78  19.09    305      9  301.4  357.9  304.8
  962.0    429   25.4   22.6     85  18.32    300     16  301.9  356.2  305.2
  925.0    774   23.6   19.2     76  15.38    295     24  303.4  349.3  306.2
  912.0    897   22.8   18.5     77  14.91    290     23  303.8  348.4  306.6
  850.0   1508   18.8   14.9     78  12.69    270     24  305.8  344.1  308.2
  822.0   1795   17.9   12.5     71  11.22    270     25  307.8  342.0  309.8
  809.0   1932   17.4   11.4     68  10.57    271     24  308.7  341.1  310.6
  775.0   2297   15.2   11.7     80  11.27    274     20  310.1  344.8  312.2
  766.0   2396   14.9   10.4     75  10.48    275     19  310.9  343.3  312.8
  743.0   2654   14.2    7.2     63   8.65    286     17  312.8  339.9  314.4
  713.0   3000   11.8    7.0     73   8.91    300     14  313.8  341.9  315.5
  706.0   3083   11.2    7.0     75   8.98    295     13  314.1  342.3  315.8
  700.0   3154   10.8    5.9     72   8.39    290     13  314.4  340.9  316.0
  696.0   3202   10.8    3.8     62   7.27    290     13  314.9  338.1  316.3
  655.0   3706    8.4    3.4     71   7.52    285     14  317.7  341.9  319.2
  621.0   4144    6.4   -1.6     57   5.51    281     15  320.3  338.4  321.4
  617.0   4197    6.4   -4.4     46   4.50    280     15  320.9  335.9  321.8
  611.0   4277    6.4   -8.6     33   3.28    281     14  321.8  332.9  322.4
  580.0   4701    4.2  -21.8     13   1.16    284     10  324.1  328.2  324.3
  573.0   4799    3.5  -21.5     14   1.20    285      9  324.4  328.8  324.6
  552.0   5100    1.5  -20.6     17   1.35    255      8  325.5  330.3  325.7
  537.0   5321    0.0  -20.0     21   1.46    259      8  326.2  331.5  326.5
  532.0   5396   -0.6  -17.2     27   1.87    260      8  326.4  333.1  326.8
  531.0   5411   -0.7  -16.7     29   1.96    262      8  326.5  333.4  326.9
  518.0   5609   -0.5  -31.5      8   0.53    282      7  329.0  331.1  329.1
  513.0   5686   -0.8  -32.3      7   0.50    290      6  329.6  331.5  329.7
  500.0   5890   -1.5  -34.5      6   0.41    340      4  331.1  332.8  331.2
  497.0   5938   -2.1  -35.1      6   0.39    349      4  331.0  332.5  331.1
  493.0   6002   -2.6  -28.6     11   0.74      0      4  331.2  334.0  331.3
  485.0   6133   -3.5  -15.5     39   2.37    351      4  331.6  340.1  332.1
  475.0   6298   -4.5  -19.0     31   1.81    340      4  332.3  338.9  332.7
  469.0   6398   -5.1  -21.1     27   1.52    352      5  332.8  338.4  333.1
  466.0   6449   -4.7  -37.7      6   0.32    357      5  333.9  335.2  334.0
  457.0   6602   -5.6  -35.2      8   0.42     15      7  334.6  336.3  334.7
  440.0   6899   -7.3  -30.5     14   0.69     35     11  336.1  338.8  336.2
  427.0   7134   -8.7  -26.7     22   1.01     29      9  337.2  341.1  337.4
  400.0   7640  -11.7  -32.7     16   0.61     15      6  339.7  342.1  339.8
  376.0   8109  -14.7  -37.3     13   0.41     20      8  341.8  343.5  341.9
  370.0   8231  -15.5  -38.5     12   0.37     33      6  342.3  343.8  342.4
  362.0   8394  -16.7  -40.0     11   0.33     50      3  342.8  344.2  342.9
  347.0   8709  -19.1  -42.9     10   0.25    185      3  343.8  344.8  343.8
  342.0   8817  -19.9  -43.9     10   0.23    187      4  344.1  345.1  344.1
  333.0   9013  -21.6  -42.0     14   0.29    190      5  344.4  345.6  344.5
  322.0   9259  -23.7  -39.7     22   0.38    333      1  344.8  346.4  344.9
  320.0   9305  -24.1  -38.7     25   0.42      0      0  344.8  346.6  344.9
  311.0   9511  -26.1  -34.1     47   0.69     20      3  344.9  347.7  345.1
  300.0   9770  -28.1  -36.1     46   0.59     45      6  345.7  348.0  345.8
  295.0   9890  -29.1  -36.3     50   0.59     50      9  345.9  348.3  346.0
  279.0  10290  -32.5  -36.9     65   0.58     20     10  346.6  348.9  346.7
  271.0  10496  -34.0  -40.0     55   0.44      5     11  347.3  349.1  347.4
  266.0  10627  -34.9  -41.9     49   0.36     17     11  347.8  349.3  347.9
  259.0  10813  -36.5  -42.5     54   0.35     35     12  348.1  349.6  348.1
  250.0  11060  -38.7  -43.2     62   0.34     40     15  348.4  349.8  348.5
  243.0  11254  -40.1  -44.4     63   0.30     43     17  349.1  350.4  349.2
  227.0  11707  -43.7                          50     22  350.5         350.5
  200.0  12550  -50.3                          80     42  352.9         352.9
  198.0  12614  -50.8                          85     43  353.2         353.2
  150.0  14370  -64.7                         130     34  358.4         358.4
  135.0  14990  -70.0                         135     33  360.0         360.0
  115.0  15932  -78.1                         106     37  361.8         361.8
  100.0  16720  -81.5                          80     40  370.0         370.0
   89.0  17356  -86.5                          60     35  372.5         372.5
   80.0  17938  -91.1                          75     33  374.6         374.6
   79.0  18006  -89.7                          70     31  378.9         378.9
   77.3  18123  -87.3                          68     22  386.2         386.2
   75.0  18290  -81.0                          65      9  402.7         402.7
   74.8  18305  -80.5                          68      9  404.1         404.1
   71.0  18600  -79.1                         125      7  413.2         413.2
   70.0  18680  -78.7                         140     12  415.7         415.7
   67.4  18896  -77.5                         136     19  422.8         422.8
   67.0  18931  -77.0                         135     20  424.6         424.6
   64.0  19197  -73.2                         100     19  438.6         438.6
   62.9  19298  -71.7                         100     19  444.0         444.0
   59.3  19647  -69.1                         100     19  457.4         457.4
   55.0  20094  -70.2                         100     19  464.9         464.9
   50.0  20660  -71.5                          65     21  474.6         474.6
   49.7  20696  -71.7                          66     21  474.9         474.9
   44.3  21382  -66.9                          77     29  502.5         502.5
   42.0  21708  -61.7                          83     33  523.1         523.1
   39.0  22166  -62.5                          90     38  532.3         532.3
   37.4  22424  -62.9                          83     35  537.6         537.6
   35.3  22784  -58.5                          72     30  558.0         558.0
   32.0  23403  -57.5                          55     23  576.5         576.5
   31.0  23603  -57.2                          75     20  582.6         582.6
   30.0  23810  -56.9                          75     18  588.9         588.9
   29.0  24025  -56.7                          70     11  595.1         595.1
   27.0  24478  -56.4                         110     20  608.4         608.4
   22.8  25551  -55.5                         106     33  641.1         641.1
   22.0  25780  -54.8                         105     36  649.8         649.8
   20.0  26390  -52.9                          95     50  673.5         673.5
   17.0  27455  -50.4                          80     68  713.6         713.6
   11.5  30017  -44.3                          95     82  819.7         819.7
   10.7  30502  -41.3                          97     85  847.7         847.7
   10.0  30960  -41.3                         100     87  864.2         864.2
    9.2  31524  -42.2                         100     86  881.6         881.6
    9.0  31673  -42.5                         100     86  886.2         886.2
    8.8  31825  -42.7                                     891.0         891.0
