-----------------------------------------------------------------------------
   PRES   HGHT   TEMP   DWPT   RELH   MIXR   DRCT   SKNT   THTA   THTE   THTV
    hPa     m      C      C      %    g/kg    deg   knot     K      K      K 
-----------------------------------------------------------------------------
 1007.0     24   27.8   25.9     89  21.45      0      0  300.4  363.7  304.2
 1000.0     81   27.4   24.2     83  19.45    300      9  300.6  357.9  304.0
  975.0    304   26.0   22.6     81  18.08    290     21  301.4  354.8  304.6
  925.0    767   23.2   19.3     79  15.48    265     26  303.0  349.1  305.8
  850.0   1505   20.0   14.0     68  11.96    250     17  307.1  343.4  309.3
  827.0   1741   19.2   11.2     60  10.20    238     14  308.6  340.0  310.6
  821.0   1803   18.8   10.7     59   9.90    235     13  308.9  339.3  310.7
  765.0   2401   15.0    5.4     53   7.39    195     12  311.0  334.1  312.4
  714.0   2985   11.2    0.2     47   5.47    205     11  313.1  330.6  314.1
  712.0   3009   11.0    0.6     49   5.64    205     11  313.1  331.2  314.2
  700.0   3150   10.0    3.0     62   6.83    215     12  313.5  335.2  314.8
  685.0   3330    8.8    3.8     71   7.39    219     12  314.1  337.6  315.5
  679.0   3403    9.0   -4.0     40   4.21    220     12  315.1  328.9  315.9
  669.0   3525    8.0    1.0     61   6.19    222     12  315.4  335.2  316.6
  668.0   3538    8.0    3.0     71   7.16    223     12  315.5  338.3  316.9
  666.0   3562    8.0    2.0     66   6.68    223     12  315.8  337.2  317.1
  662.0   3612    8.4   -1.6     49   5.17    224     12  316.8  333.6  317.8
  661.0   3625    8.4   -4.6     39   4.13    224     12  316.9  330.5  317.7
  655.0   3700    7.8   -0.2     57   5.79    226     12  317.1  335.8  318.2
  639.0   3903    7.0   -0.5     59   5.79    230     12  318.4  337.3  319.6
  618.0   4178    6.0   -1.0     61   5.79    219     12  320.3  339.3  321.4
  572.0   4806    1.7   -2.0     77   5.82    195     11  322.4  341.6  323.5
  571.0   4821    1.6   -2.0     77   5.82    196     11  322.5  341.7  323.6
  544.0   5210    0.0   -6.0     64   4.52    225     12  325.1  340.3  325.9
  531.0   5402   -1.3   -5.8     71   4.68    240     13  325.7  341.5  326.6
  510.0   5724   -3.5   -5.6     85   4.97    243     16  326.9  343.6  327.8
  500.0   5880   -4.3   -7.3     80   4.45    245     17  327.7  342.9  328.6
  483.0   6151   -6.1   -7.8     88   4.43    245     17  328.8  343.9  329.6
  474.0   6297   -7.3   -8.8     89   4.17    245     17  329.1  343.4  329.9
  463.0   6479   -8.3  -14.3     62   2.74    241     16  330.0  339.7  330.6
  422.0   7192  -11.1  -14.7     75   2.93    225     10  335.3  345.8  335.9
  416.0   7302  -11.5  -14.7     77   2.96    232      9  336.2  346.8  336.8
  406.0   7487  -12.7  -15.2     82   2.91    245      6  336.9  347.4  337.5
  400.0   7600  -13.5  -15.5     85   2.88    275      3  337.4  347.7  337.9
  390.0   7792  -14.8  -16.0     90   2.83    345      6  338.1  348.4  338.7
  383.0   7930  -15.7  -16.4     94   2.79    354      8  338.7  348.8  339.2
  375.0   8087  -16.8  -17.5     94   2.60      5     10  339.2  348.7  339.8
  360.0   8391  -19.0  -19.6     95   2.25      0      8  340.3  348.7  340.8
  333.0   8971  -23.1  -23.7     95   1.71    358      9  342.4  348.8  342.7
  330.0   9038  -22.7  -24.7     84   1.57    357     10  343.8  349.8  344.1
  306.0   9586  -27.1  -30.2     75   1.02    355     11  345.1  349.1  345.3
  300.0   9730  -28.3  -31.6     73   0.91     10     11  345.4  349.0  345.6
  293.0   9896  -29.6  -33.1     72   0.81     20      9  345.8  349.1  346.0
  269.0  10496  -34.4  -38.4     67   0.52     25      5  347.4  349.6  347.5
  258.0  10789  -36.7  -41.0     65   0.41    355      5  348.2  349.9  348.2
  250.0  11010  -38.5  -42.9     63   0.35     45      5  348.7  350.2  348.8
  247.0  11093  -39.1  -44.2     58   0.31     55      5  349.0  350.3  349.1
  243.0  11204  -39.9  -45.9     53   0.26     60      6  349.4  350.5  349.5
  226.0  11687  -44.0                          80     11  350.5         350.5
  200.0  12500  -50.9                          80     17  352.0         352.0
  197.0  12595  -51.8                          80     19  352.1         352.1
  155.0  14102  -66.1                         120     33  352.7         352.7
  150.0  14300  -67.7                         115     34  353.3         353.3
  134.0  14971  -72.1                          81     40  357.0         357.0
  127.0  15285  -72.8                          65     43  361.3         361.3
  124.0  15426  -73.1                          59     35  363.2         363.2
  120.0  15614  -74.3                          50     23  364.4         364.4
  114.0  15908  -76.2                          60     10  366.4         366.4
  109.0  16166  -77.8                          85     10  368.0         368.0
  103.0  16490  -79.8                         100     13  370.1         370.1
  100.0  16660  -80.9                          95     12  371.2         371.2
   93.0  17067  -82.3                          45      2  376.2         376.2
   88.0  17376  -83.3                         215     10  380.1         380.1
   83.0  17704  -84.5                         180     16  384.2         384.2
   81.1  17834  -84.9                         165     15  385.9         385.9
   79.0  17981  -84.1                         110     13  390.3         390.3
   75.0  18272  -82.6                          60     21  399.3         399.3
   72.1  18492  -81.5                          60     17  406.3         406.3
   71.0  18580  -80.5                          60     16  410.3         410.3
   70.0  18660  -79.5                          65     15  414.0         414.0
   68.0  18826  -75.5                          82     12  426.1         426.1
   67.0  18912  -75.3                          90     11  428.4         428.4
   64.0  19179  -74.6                         145     10  435.5         435.5
   61.0  19459  -73.9                          95     10  443.1         443.1
   58.0  19752  -73.1                          60      6  451.3         451.3
   56.5  19905  -72.7                          95      8  455.6         455.6
   55.0  20065  -71.7                         130     10  461.4         461.4
   52.0  20397  -69.6                          75     12  473.8         473.8
   50.0  20630  -68.1                          75     13  482.6         482.6
   49.0  20752  -67.5                          85     12  486.9         486.9
   48.4  20826  -67.1                                     489.5         489.5
