-----------------------------------------------------------------------------
   PRES   HGHT   TEMP   DWPT   RELH   MIXR   DRCT   SKNT   THTA   THTE   THTV
    hPa     m      C      C      %    g/kg    deg   knot     K      K      K 
-----------------------------------------------------------------------------
 1010.0     24   30.4   26.6     80  22.32      0      0  302.7  369.3  306.7
 1009.0     33   29.0   23.0     70  17.89    354      1  301.4  354.3  304.6
 1000.0    113   28.2   23.2     74  18.28    295      8  301.4  355.4  304.6
  979.0    302   26.3   22.3     79  17.68    290     11  301.3  353.6  304.5
  960.0    476   24.6   21.5     83  17.14    281     11  301.2  351.9  304.3
  925.0    804   23.0   19.6     81  15.78    265     12  302.8  349.8  305.7
  884.0   1199   21.5   16.3     72  13.36    235     10  305.2  345.4  307.6
  866.0   1378   20.8   14.8     69  12.37    217      7  306.3  343.7  308.6
  854.0   1499   20.4   12.8     62  11.03    205      5  307.0  340.6  309.1
  850.0   1540   20.2   12.2     60  10.61    210      4  307.3  339.6  309.2
  838.0   1662   19.8    7.8     46   7.98    215      4  308.1  332.8  309.6
  825.0   1796   18.9    7.6     48   8.02    220      3  308.6  333.4  310.1
  769.0   2394   15.1    6.9     58   8.17    110      8  310.7  336.1  312.2
  749.0   2618   13.6    6.6     63   8.23    118     11  311.4  337.1  313.0
  731.0   2823   14.0   -1.0     36   4.89    126     13  314.0  329.8  315.0
  721.0   2938   13.0    0.0     41   5.34    131     14  314.2  331.3  315.2
  706.0   3115   12.6   -4.4     30   3.93    137     16  315.6  328.5  316.4
  700.0   3186   12.2   -4.8     30   3.84    140     17  316.0  328.6  316.7
  642.0   3899    7.0  -11.4     26   2.51    170     13  318.0  326.5  318.4
  618.0   4212    4.7  -14.3     24   2.06    210     11  318.8  325.9  319.2
  617.0   4226    4.6  -14.4     24   2.04    210     11  318.8  325.9  319.2
  568.0   4893    0.0   -7.0     59   4.00    236     12  321.1  334.4  321.8
  533.0   5398   -2.7  -16.7     33   1.95    255     13  323.7  330.6  324.1
  505.0   5822   -6.3  -14.3     53   2.52    234     13  324.4  333.1  324.9
  500.0   5900   -6.5  -14.5     53   2.50    230     13  325.1  333.7  325.5
  494.0   5994   -6.9  -15.3     51   2.37    230     12  325.6  333.9  326.1
  457.0   6598   -9.8  -20.5     41   1.65    300     14  329.4  335.4  329.8
  438.0   6927  -11.3  -23.3     36   1.34    300     17  331.5  336.5  331.8
  429.0   7087  -11.7  -30.7     19   0.69    300     18  333.0  335.6  333.1
  406.0   7507  -14.5  -28.8     29   0.88    300     21  334.6  337.9  334.8
  400.0   7620  -15.3  -28.3     32   0.93    300     21  335.0  338.6  335.2
  382.0   7967  -17.9  -32.9     26   0.63    300     16  336.0  338.5  336.2
  374.0   8127  -16.9  -46.9      6   0.15    300     14  339.4  340.0  339.4
  360.0   8408  -18.9  -47.5      6   0.15    300     10  340.4  341.1  340.4
  346.0   8700  -21.0  -48.2      7   0.14    355      8  341.5  342.1  341.5
  332.0   9004  -23.2  -48.9      8   0.14     20     13  342.6  343.1  342.6
  300.0   9750  -28.5  -50.5     10   0.12      0      6  345.1  345.6  345.1
  293.0   9914  -29.9  -50.1     12   0.13      5      7  345.4  346.0  345.5
  270.0  10484  -34.7  -48.6     23   0.17     40     13  346.6  347.3  346.6
  258.0  10801  -37.4  -47.9     33   0.20     30     13  347.1  348.0  347.2
  250.0  11020  -39.3  -47.3     42   0.22     35     13  347.5  348.4  347.6
  247.0  11102  -39.9  -47.9     42   0.20     40     13  347.8  348.7  347.9
  226.0  11691  -45.0                          75     14  349.0         349.0
  206.0  12304  -50.2                          60     26  350.1         350.1
  200.0  12500  -51.9                          65     30  350.4         350.4
  171.0  13486  -60.0                         105     40  353.1         353.1
  150.0  14310  -66.7                          95     40  355.0         355.0
  115.0  15858  -80.3                          71     54  357.8         357.8
  114.0  15907  -80.5                          70     54  358.3         358.3
  104.0  16421  -82.5                          70     39  364.0         364.0
  100.0  16640  -81.5                          75     40  370.0         370.0
   97.0  16810  -81.8                          70     38  372.6         372.6
   87.0  17419  -83.1                          10     10  381.9         381.9
   83.9  17622  -83.5                         110      7  385.0         385.0
   83.0  17683  -82.8                         140      6  387.7         387.7
   79.0  17963  -79.4                          85      9  400.1         400.1
   75.9  18190  -76.7                          62      8  410.4         410.4
   75.0  18259  -76.3                          55      8  412.7         412.7
   71.0  18577  -74.3                           5     10  423.4         423.4
   70.0  18660  -74.5                         345      9  424.7         424.7
   67.0  18912  -75.1                         215      2  428.6         428.6
   64.0  19176  -75.8                         140     11  432.8         432.8
   61.0  19453  -76.5                         108     14  437.3         437.3
   59.2  19625  -75.5                          89     16  443.3         443.3
   58.0  19745  -71.8                          75     17  454.1         454.1
   57.7  19775  -70.9                          68     16  456.9         456.9
   55.0  20058  -70.9                           5     11  463.2         463.2
   52.0  20388  -70.9                          55      9  470.7         470.7
   51.9  20400  -70.9                          56      9  471.0         471.0
   50.0  20620  -70.5                          75     10  476.9         476.9
   49.0  20740  -70.2                          75     10  480.4         480.4
   48.6  20789  -70.1                          74     10  481.8         481.8
   47.8  20889  -66.7                          72      9  492.2         492.2
   47.0  20992  -66.6                          70      8  494.9         494.9
   45.0  21257  -66.2                         105     11  501.9         501.9
   41.0  21825  -65.5                          95     18  517.3         517.3
   35.0  22791  -64.2                          95     18  544.6         544.6
   33.0  23150  -63.7                          75     15  555.1         555.1
   32.0  23340  -62.7                         100     15  562.8         562.8
   30.0  23740  -60.5                         125     37  579.1         579.1
   29.8  23782  -59.7                         124     37  582.4         582.4
   25.0  24885  -57.7                          85     50  618.1         618.1
   23.3  25327  -56.9                          79     55  633.0         633.0
   20.0  26300  -53.7                          65     65  671.0         671.0
   19.2  26562  -53.5                          67     66  679.5         679.5
   14.8  28271  -44.3                          78     69  762.7         762.7
   11.4  30022  -43.5                          90     72  824.4         824.4
   11.2  30141  -43.5                          90     72  828.8         828.8
   11.0                                        90     72                     
