-----------------------------------------------------------------------------
   PRES   HGHT   TEMP   DWPT   RELH   MIXR   DRCT   SKNT   THTA   THTE   THTV
    hPa     m      C      C      %    g/kg    deg   knot     K      K      K 
-----------------------------------------------------------------------------
 1008.0     24   28.2   25.1     83  20.40      0      0  300.7  360.9  304.3
 1000.0     98   28.0   24.3     80  19.57    295      4  301.1  359.1  304.7
  977.0    302   26.4   22.8     81  18.30    275     16  301.5  355.7  304.8
  925.0    783   22.6   19.4     82  15.58    265     21  302.4  348.7  305.2
  918.0    849   22.2   19.2     83  15.50    263     21  302.7  348.8  305.5
  882.0   1196   20.6   16.0     75  13.12    255     20  304.5  343.8  306.9
  852.0   1497   19.2   13.2     68  11.31    265     15  306.0  340.3  308.1
  850.0   1517   19.2   14.2     73  12.12    265     15  306.2  342.9  308.5
  794.0   2098   15.4   12.2     81  11.38    240      9  308.3  343.0  310.4
  767.0   2394   13.5   11.2     86  11.01    205      6  309.3  343.1  311.3
  754.0   2539   12.6   10.7     88  10.83    205      5  309.8  343.1  311.8
  740.0   2697   12.1    8.9     81   9.75    205      4  310.9  341.1  312.7
  714.0   2997   11.1    5.4     68   7.94    110      2  313.0  338.0  314.5
  711.0   3033   11.0    5.0     66   7.75    100      2  313.2  337.7  314.7
  700.0   3163   10.2    5.5     73   8.16     65      1  313.8  339.4  315.3
  688.0   3307    9.7    5.1     73   8.06    320      1  314.7  340.2  316.3
  668.0   3552    8.8    4.4     74   7.91    298      3  316.4  341.6  317.9
  648.0   3804    9.0    2.0     62   6.87    274      5  319.4  341.7  320.7
  640.0   3906    8.3    1.6     63   6.76    265      6  319.8  341.7  321.1
  553.0   5098    0.5   -3.1     77   5.53    265     19  324.1  342.5  325.2
  548.0   5172    0.0   -3.4     78   5.46    267     19  324.4  342.6  325.4
  521.0   5575   -2.9   -5.2     84   5.01    277     20  325.6  342.4  326.6
  514.0   5682   -3.7   -6.1     83   4.74    280     20  325.9  341.9  326.8
  505.0   5822   -4.5  -11.5     58   3.16    283     21  326.6  337.5  327.2
  500.0   5900   -5.1  -12.1     58   3.04    285     21  326.8  337.3  327.4
  489.0   6074   -6.1   -8.1     86   4.27    291     21  327.6  342.2  328.5
  469.0   6400   -6.9  -12.9     62   3.04    303     20  330.6  341.2  331.2
  457.0   6601   -8.1  -15.8     54   2.45    310     20  331.4  340.2  331.9
  448.0   6755   -9.1  -18.1     48   2.06    305     18  332.1  339.6  332.6
  440.0   6894  -10.2  -15.9     63   2.52    300     16  332.4  341.4  332.9
  438.0   6929  -10.5  -15.4     67   2.65    297     17  332.5  342.0  333.1
  423.0   7194  -12.3  -16.9     68   2.42    270     21  333.6  342.3  334.1
  400.0   7620  -15.1  -19.3     70   2.09    265     17  335.3  342.9  335.7
  391.0   7791  -16.0  -21.1     65   1.82    275     15  336.2  342.9  336.6
  372.0   8167  -18.1  -25.1     54   1.35    287     17  338.3  343.4  338.6
  364.0   8329  -19.3  -23.7     68   1.56    293     19  338.8  344.7  339.1
  362.0   8370  -19.5  -26.5     54   1.22    294     19  339.1  343.7  339.3
  361.0   8390  -19.7  -26.4     55   1.23    295     19  339.1  343.8  339.4
  351.0   8599  -21.5  -25.5     70   1.38    287     17  339.4  344.6  339.7
  336.0   8920  -23.3  -32.3     43   0.76    274     15  341.2  344.2  341.4
  332.0   9007  -24.0  -33.0     43   0.72    270     14  341.4  344.3  341.6
  306.0   9597  -28.6  -37.6     42   0.50    265     10  343.0  345.0  343.1
  300.0   9740  -29.7  -38.7     41   0.45    260      9  343.4  345.2  343.5
  294.0   9883  -30.7  -39.7     41   0.41    249     11  344.0  345.7  344.1
  274.0  10377  -35.1  -42.1     49   0.35    209     17  344.6  346.0  344.7
  269.0  10505  -35.7  -39.6     67   0.46    199     18  345.5  347.4  345.6
  260.0  10741  -36.9  -39.7     75   0.47    179     21  347.1  349.1  347.2
  258.0  10794  -37.2  -40.5     72   0.44    175     22  347.4  349.2  347.5
  250.0  11010  -38.7  -43.6     60   0.32    175     19  348.4  349.8  348.5
  244.0  11176  -39.9  -49.9     34   0.16    173     17  349.0  349.7  349.1
  216.0  11988  -47.4                         160      9  349.8         349.8
  200.0  12500  -52.1                          65      8  350.1         350.1
  197.0  12595  -52.9                          60     10  350.4         350.4
  171.0  13480  -60.2                         115     18  352.8         352.8
  150.0  14300  -66.9                         105     26  354.6         354.6
  120.0  15591  -77.7                          95     44  358.2         358.2
  110.0  16094  -81.9                          70     57  359.3         359.3
  108.0  16197  -81.2                          70     62  362.6         362.6
  100.0  16630  -78.1                          60     35  376.6         376.6
   92.0  17103  -78.8                          55     15  384.2         384.2
   88.0  17356  -79.2                          25      5  388.4         388.4
   83.0  17688  -79.7                          85      2  393.9         393.9
   79.0  17968  -80.1                         115     20  398.7         398.7
   77.3  18092  -80.3                         102     17  400.8         400.8
   74.1  18333  -76.7                          76     11  413.2         413.2
   71.0  18579  -76.4                          50      5  419.0         419.0
   68.4  18794  -76.1                         121      3  424.1         424.1
   67.0  18914  -73.9                         160      2  431.3         431.3
   66.5  18957  -73.1                         160      3  434.0         434.0
   61.2  19443  -73.9                         155     12  442.6         442.6
   61.0  19462  -73.8                         155     12  443.3         443.3
   58.0  19761  -71.8                         115     16  454.1         454.1
   52.1  20396  -67.7                          90     17  477.9         477.9
   50.0  20644  -67.8                          80     18  483.4         483.4
   45.0  21277  -67.9                         100     19  497.9         497.9
   44.6  21330  -67.9                          98     19  499.1         499.1
   41.2  21811  -64.5                          82     15  519.0         519.0
   39.0  22145  -64.7                          70     12  526.6         526.6
   37.0  22466  -65.0                          40     12  534.0         534.0
   35.0  22805  -65.2                           0      5  541.9         541.9
   33.0  23163  -65.5                          25      5  550.4         550.4
   32.7  23219  -65.5                          28      6  551.8         551.8
   32.0  23350  -65.8                          35      9  554.4         554.4
   31.7  23407  -65.9                          46     10  555.6         555.6
   30.8  23583  -62.7                          79     15  568.8         568.8
   30.0  23745  -62.9                         110     19  572.5         572.5
   28.8  23996  -63.3                         108     23  578.2         578.2
   25.8  24679  -59.1                         103     33  608.6         608.6
   24.0  25138  -53.6                         100     39  637.2         637.2
   23.9  25165  -53.3                          98     38  638.9         638.9
   23.0  25413  -51.5                          80     29  651.2         651.2
   21.0  25997  -53.9                         105     36  661.2         661.2
   19.6  26441  -55.7                         103     41  668.8         668.8
   17.9  27023  -51.7                         101     47  699.0         699.0
   16.4  27589  -52.7                          98     53  713.4         713.4
   12.0  29634  -48.4                          90     74  795.2         795.2
   10.3  30635  -46.3                          86     80  838.5         838.5
   10.0                                        85     81                     
