-----------------------------------------------------------------------------
   PRES   HGHT   TEMP   DWPT   RELH   MIXR   DRCT   SKNT   THTA   THTE   THTV
    hPa     m      C      C      %    g/kg    deg   knot     K      K      K 
-----------------------------------------------------------------------------
 1006.0     24   29.8   25.2     76  20.56    280      8  302.4  363.7  306.1
 1000.0     73   28.6   21.6     66  16.54    315     11  301.8  350.8  304.7
  975.0    298   26.1   21.2     74  16.51    305     16  301.4  350.3  304.4
  966.0    381   25.2   21.0     78  16.50    300     17  301.3  350.1  304.3
  925.0    762   22.6   18.4     77  14.62    275     19  302.4  345.8  305.1
  911.0    894   21.8   17.7     78  14.19    271     20  302.9  345.2  305.5
  879.0   1203   20.6   14.4     68  11.91    260     23  304.7  340.6  306.9
  850.0   1492   19.4   11.4     60  10.05    265     19  306.4  337.1  308.3
  820.0   1801   18.2    8.7     54   8.65    255     12  308.3  334.9  309.9
  811.0   1896   17.8    7.8     52   8.25    265     11  308.9  334.4  310.4
  793.0   2088   17.8   -1.2     27   4.44    284      9  310.9  325.1  311.7
  792.0   2099   17.7   -1.2     28   4.43    285      9  310.9  325.1  311.8
  738.0   2697   13.8   -3.5     30   4.00    245     11  312.9  325.9  313.7
  728.0   2813   13.0   -4.0     30   3.93    242     13  313.3  326.1  314.1
  724.0   2859   12.6    0.6     44   5.55    241     14  313.4  331.1  314.4
  700.0   3142   11.8   -3.2     35   4.34    235     18  315.5  329.7  316.4
  694.0   3214   11.2   -3.8     35   4.18    236     18  315.6  329.3  316.4
  682.0   3359   10.0    4.0     66   7.53    238     19  315.9  339.9  317.3
  641.0   3872    7.8    0.8     61   6.37    245     23  319.0  339.7  320.2
  639.0   3897    7.6    0.6     61   6.30    245     23  319.1  339.6  320.3
  597.0   4453    3.4   -3.6     60   4.94    245     19  320.5  336.8  321.4
  580.0   4686    2.2  -15.8     25   1.93    245     18  321.7  328.5  322.1
  568.0   4854    1.2  -19.8     19   1.41    245     17  322.5  327.5  322.8
  559.0   4982    0.6  -13.4     34   2.45    245     16  323.2  331.7  323.7
  554.0   5054    1.0  -29.0      9   0.63    245     15  324.5  326.9  324.7
  551.0   5097    0.6  -18.2     23   1.66    245     15  324.5  330.4  324.8
  550.0   5112    0.4  -14.6     31   2.25    245     15  324.5  332.4  324.9
  546.0   5170    0.8  -30.2      8   0.57    244     14  325.7  327.8  325.8
  532.0   5378    0.0  -29.0      9   0.66    241     13  327.1  329.6  327.2
  505.0   5791   -2.9  -28.9     11   0.70    236     10  328.5  331.1  328.6
  500.0   5870   -3.1  -31.1      9   0.57    235      9  329.2  331.4  329.3
  474.0   6291   -4.5  -31.8     10   0.57    215      5  332.6  334.8  332.7
  462.0   6494   -5.1  -32.1     10   0.56    222      5  334.2  336.4  334.3
  439.0   6891   -8.0  -28.7     17   0.82    235      6  335.4  338.6  335.6
  422.0   7198  -10.3  -26.1     26   1.09    240      9  336.4  340.5  336.6
  416.0   7309  -11.1  -25.1     31   1.20    229      8  336.7  341.2  336.9
  400.0   7610  -12.9  -30.9     21   0.73    200      7  338.1  341.0  338.3
  390.0   7802  -14.4  -31.7     22   0.69    175      5  338.6  341.3  338.7
  375.0   8100  -16.8  -32.9     23   0.64    180      3  339.3  341.8  339.4
  373.0   8141  -17.1  -33.1     24   0.63    159      4  339.4  341.9  339.5
  360.0   8407  -18.2  -36.5     19   0.47     20      7  341.4  343.3  341.5
  356.0   8491  -18.5  -37.5     17   0.43     26      8  342.1  343.8  342.1
  346.0   8701  -20.0  -39.0     17   0.38     40     10  342.8  344.4  342.9
  332.0   9006  -22.2  -41.2     16   0.32     75     10  343.9  345.2  344.0
  319.0   9301  -24.3  -43.3     16   0.26     85     10  345.0  346.1  345.0
  308.0   9559  -26.1  -45.1     15   0.22     56      9  345.9  346.8  345.9
  300.0   9750  -27.7  -46.7     15   0.19     35      8  346.2  347.1  346.3
  293.0   9914  -29.2  -47.3     16   0.18     35     10  346.4  347.2  346.4
  250.0  11020  -39.5  -51.5     27   0.13     35     25  347.2  347.8  347.2
  248.0  11075  -40.1  -52.1     27   0.13     35     26  347.1  347.7  347.1
  247.0  11102  -40.3                          35     26  347.2         347.2
  200.0  12510  -50.1                          90     38  353.3         353.3
  171.0  13496  -58.5                         115     38  355.6         355.6
  150.0  14320  -65.5                         100     47  357.1         357.1
  121.0  15565  -75.1                          65     40  362.0         362.0
  100.0  16670  -83.7                          70     15  365.8         365.8
   98.0  16781  -84.1                          75      8  367.1         367.1
   93.0  17070  -85.1                           0      0  370.7         370.7
   88.0  17375  -86.1                         300      4  374.5         374.5
   83.0  17698  -87.3                         170      6  378.5         378.5
   78.6  17998  -88.3                         150     20  382.3         382.3
   71.7  18499  -88.1                         106     26  392.9         392.9
   70.0  18630  -86.9                          95     28  398.2         398.2
   69.7  18653  -86.7                          94     29  399.1         399.1
   68.4  18757  -84.7                          87     32  405.5         405.5
   67.5  18831  -79.9                          83     35  417.4         417.4
   67.0  18874  -79.4                          80     36  419.5         419.5
   63.0  19228  -74.9                          65     34  436.7         436.7
   61.6  19357  -73.3                          71     31  443.1         443.1
   59.7  19543  -68.3                          79     27  458.3         458.3
   55.2  20013  -68.7                          99     17  467.8         467.8
   54.0  20146  -68.0                         105     14  472.4         472.4
   52.0  20373  -66.8                         130     21  480.3         480.3
   50.0  20610  -65.5                         120     23  488.7         488.7
   47.6  20910  -63.7                         107     24  499.9         499.9
   43.0  21528  -66.5                          80     25  507.8         507.8
   42.7  21571  -66.7                          80     25  508.3         508.3
   39.6  22026  -66.9                          77     25  518.9         518.9
   37.0  22440  -63.7                          75     25  537.3         537.3
   36.1  22590  -62.5                          83     25  544.1         544.1
   32.0  23339  -60.3                         120     26  569.1         569.1
   30.0  23740  -59.1                         115     39  582.9         582.9
   29.7  23803  -58.3                         113     39  586.8         586.8
   28.3  24106  -58.9                         104     40  593.3         593.3
   27.7  24240  -59.3                         100     41  595.8         595.8
   27.3  24332  -57.5                          97     41  603.3         603.3
   27.0  24402  -56.9                          95     41  607.0         607.0
   26.1  24617  -54.9                          93     40  618.5         618.5
   23.0  25424  -55.1                          85     34  640.8         640.8
   22.5  25564  -55.1                          85     35  644.7         644.7
   20.2  26256  -52.7                          85     40  672.2         672.2
   20.0  26320  -52.3                          85     40  675.3         675.3
   17.6  27141  -54.1                          91     51  694.7         694.7
   16.0  27753  -53.5                          95     60  715.8         715.8
   13.9  28655  -52.7                          94     69  748.0         748.0
   10.9  30232  -49.3                          91     85  814.1         814.1
   10.0  30800  -45.9                          90     90  847.1         847.1
    9.3  31288  -41.3                          90     94  882.4         882.4
    9.0                                        90     94                     
