-----------------------------------------------------------------------------
   PRES   HGHT   TEMP   DWPT   RELH   MIXR   DRCT   SKNT   THTA   THTE   THTV
    hPa     m      C      C      %    g/kg    deg   knot     K      K      K 
-----------------------------------------------------------------------------
 1009.0     24   28.6   24.9     80  20.13    270      7  301.0  360.5  304.6
 1000.0    101   27.4   22.9     76  17.94    305     11  300.6  353.4  303.8
  978.0    298   25.5   22.0     81  17.31    295     19  300.6  351.6  303.7
  972.0    352   25.0   21.7     82  17.13    294     19  300.6  351.1  303.7
  925.0    786   22.4   18.7     80  14.90    285     22  302.2  346.4  304.9
  867.0   1345   18.8   15.3     80  12.77    270     19  304.1  342.4  306.4
  850.0   1515   18.2   13.8     75  11.80    265     18  305.2  340.8  307.4
  820.0   1823   18.0    9.0     56   8.86    252     15  308.1  335.4  309.8
  794.0   2098   16.6    6.0     50   7.44    240     13  309.5  332.6  310.9
  772.0   2338   15.4    3.4     45   6.37    228      9  310.7  330.7  311.9
  766.0   2404   14.9    3.8     47   6.62    225      8  310.9  331.7  312.1
  740.0   2695   12.8    5.8     62   7.87    255      3  311.6  336.3  313.1
  714.0   2994   10.7    1.8     54   6.15    260      8  312.6  332.1  313.7
  700.0   3160    9.6   -0.4     50   5.34    260     10  313.1  330.2  314.1
  685.0   3339    9.4   -3.6     40   4.30    246     10  314.8  328.8  315.6
  652.0   3747    7.4    0.4     61   6.08    212     10  317.0  336.6  318.2
  645.0   3835    7.8   -4.2     42   4.37    205     10  318.4  332.9  319.3
  640.0   3899    7.5   -5.2     40   4.08    200     10  318.8  332.3  319.6
  616.0   4213    6.0  -10.0     31   2.92    234      9  320.6  330.5  321.2
  595.0   4493    3.7   -8.5     41   3.41    265      9  321.1  332.6  321.8
  563.0   4940    0.0   -6.0     64   4.36    272     13  321.9  336.4  322.7
  552.0   5097   -1.1   -5.5     72   4.62    275     14  322.4  337.8  323.2
  539.0   5287   -2.5   -4.9     84   4.96    271     13  322.9  339.4  323.9
  500.0   5880   -4.3  -10.3     63   3.51    260      9  327.7  339.9  328.4
  494.0   5976   -4.3  -13.3     50   2.79    259      9  328.9  338.6  329.4
  487.0   6089   -5.1  -12.1     58   3.12    259     10  329.2  340.1  329.9
  473.0   6319   -5.7  -17.7     38   2.02    257     11  331.2  338.5  331.6
  457.0   6588   -7.3  -20.9     33   1.60    255     12  332.5  338.4  332.9
  443.0   6832   -8.7  -23.7     29   1.28    236     10  333.7  338.5  334.0
  439.0   6903   -9.1  -22.7     32   1.42    230      9  334.0  339.3  334.3
  432.0   7028   -9.9  -20.9     40   1.68    233      9  334.6  340.8  334.9
  429.0   7082  -10.3  -18.3     52   2.12    234      9  334.8  342.5  335.2
  423.0   7191  -10.9  -23.9     33   1.32    236      8  335.3  340.3  335.6
  400.0   7620  -13.7  -25.7     36   1.19    245      7  337.1  341.6  337.3
  393.0   7754  -14.7  -25.7     39   1.21    245      8  337.5  342.1  337.7
  391.0   7793  -15.0  -24.8     43   1.32    245      8  337.6  342.6  337.9
  383.0   7950  -16.1  -21.1     65   1.87    249      9  338.1  345.1  338.5
  371.0   8190  -17.9  -21.1     76   1.93    256     10  338.9  346.0  339.2
  346.0   8702  -21.6  -25.4     71   1.41    270     13  340.7  346.1  341.0
  300.0   9750  -29.1  -34.1     62   0.72    285      8  344.2  347.1  344.4
  293.0   9916  -30.2  -35.5     60   0.64    300      7  345.0  347.5  345.1
  281.0  10211  -32.2  -38.0     56   0.52    355      7  346.2  348.3  346.3
  276.0  10337  -33.1  -39.1     55   0.47      5      9  346.8  348.7  346.9
  269.0  10515  -34.7  -41.4     50   0.38     20     11  347.1  348.6  347.1
  250.0  11020  -39.1  -48.1     38   0.20     40     15  347.8  348.6  347.8
  245.0  11158  -40.1  -51.1     30   0.14     45     16  348.3  348.9  348.4
  200.0  12510  -51.1                          95     21  351.7         351.7
  179.0  13205  -57.3                         115     29  352.8         352.8
  152.0  14230  -66.5                          92     36  354.0         354.0
  150.0  14310  -67.3                          90     37  354.0         354.0
  141.0  14670  -69.2                          85     46  356.9         356.9
  115.0  15857  -75.7                          30      9  366.3         366.3
  109.0  16168  -77.4                         135      3  368.8         368.8
  100.0  16670  -80.1                         125     11  372.7         372.7
   98.0  16783  -80.8                         125     12  373.5         373.5
   93.0  17075  -82.7                         170     12  375.4         375.4
   86.9  17454  -85.1                         155     22  377.9         377.9
   83.0  17711  -83.1                         130     17  387.1         387.1
   79.0  17987  -80.9                          85      5  397.1         397.1
   75.9  18211  -79.1                         116      7  405.4         405.4
   75.0  18279  -79.3                         125      7  406.4         406.4
   71.0  18590  -80.0                         115     10  411.3         411.3
   70.3  18646  -80.1                         108     11  412.2         412.2
   70.0  18670  -80.1                         105     11  412.7         412.7
   66.5  18963  -76.5                          88     16  426.6         426.6
   64.0  19183  -76.9                          75     20  430.5         430.5
   61.4  19422  -77.3                          75     19  434.7         434.7
   59.0  19652  -76.3                          75     18  441.9         441.9
   55.4  20022  -68.1                          75     16  468.7         468.7
   55.0  20066  -68.0                          75     16  469.8         469.8
   50.0  20640  -67.3                         105     19  484.5         484.5
   33.7  23029  -65.9                         101     38  546.0         546.0
   30.4  23659  -63.9                         100     43  567.7         567.7
   30.0  23740  -63.5                         100     44  571.0         571.0
   28.2  24119  -60.7                          91     49  588.9         588.9
   27.1  24367  -55.9                          86     52  609.1         609.1
   26.0  24631  -53.8                          80     55  622.2         622.2
   24.7  24958  -51.3                          81     53  638.7         638.7
   20.0  26330  -47.3                          85     46  690.6         690.6
   19.1  26635  -46.7                          87     43  701.6         701.6
   18.0  27027  -47.3                          90     40  711.7         711.7
   16.3  27682  -48.3                          92     44  729.0         729.0
   13.0  29173  -47.6                          95     54  780.0         780.0
   12.6  29379  -47.5                                     787.4         787.4
