-----------------------------------------------------------------------------
   PRES   HGHT   TEMP   DWPT   RELH   MIXR   DRCT   SKNT   THTA   THTE   THTV
    hPa     m      C      C      %    g/kg    deg   knot     K      K      K 
-----------------------------------------------------------------------------
 1006.0     24   28.0   24.9     83  20.19    280     10  300.6  360.2  304.2
 1000.0     74   27.8   23.9     79  19.09    290      9  300.9  357.4  304.4
  948.0    544   23.6   21.6     89  17.47    273     17  301.3  352.9  304.5
  925.0    758   22.6   20.7     89  16.92    265     21  302.4  352.7  305.5
  883.0   1166   20.8   17.0     79  14.00    262     23  304.6  346.6  307.1
  850.0   1498   20.2   13.2     64  11.34    260     25  307.3  341.8  309.4
  841.0   1590   19.8   11.8     60  10.44    258     23  307.8  339.7  309.7
  820.0   1808   20.2    6.2     40   7.30    255     19  310.5  333.3  311.8
  765.0   2400   16.3    4.4     45   6.91    245      7  312.5  334.3  313.8
  738.0   2706   14.3    3.5     48   6.71    290      9  313.6  334.9  314.8
  718.0   2940   12.8    2.8     51   6.56    282     15  314.3  335.2  315.6
  705.0   3093   12.6   -2.4     35   4.57    277     19  315.8  330.6  316.6
  702.0   3129   12.6   -6.4     26   3.39    276     19  316.1  327.4  316.8
  700.0   3153   12.4   -5.6     28   3.62    275     20  316.2  328.1  316.9
  695.0   3213   11.6    2.6     54   6.68    274     20  315.9  337.4  317.2
  646.0   3819    8.2    2.2     66   6.99    267     19  318.8  341.4  320.1
  625.0   4091    6.8   -0.2     61   6.07    263     19  320.2  340.0  321.4
  619.0   4170    6.6   -0.4     61   6.04    262     19  320.8  340.6  322.0
  616.0   4210    6.4   -0.6     61   5.98    262     19  321.1  340.7  322.2
  611.0   4276    7.0   -7.0     36   3.72    261     19  322.5  335.1  323.2
  609.0   4303    7.0  -10.0     29   2.95    260     19  322.8  332.9  323.4
  552.0   5098    2.3  -16.0     24   1.99    250     18  326.4  333.5  326.8
  532.0   5396    0.5  -18.3     23   1.71    260     19  327.8  333.9  328.1
  526.0   5488    0.0  -19.0     22   1.63    254     17  328.2  334.1  328.5
  513.0   5686   -1.3  -23.3     17   1.15    240     13  328.9  333.2  329.2
  500.0   5890   -2.7  -27.7     13   0.79    200     11  329.7  332.7  329.8
  493.0   6001   -3.4  -28.3     13   0.76    185     11  330.2  333.1  330.3
  450.0   6721   -7.9  -31.9     13   0.59    195      8  333.2  335.5  333.3
  407.0   7496  -13.0  -31.9     19   0.65    205      5  336.3  338.9  336.4
  400.0   7630  -13.9  -31.9     20   0.66    195      3  336.8  339.4  337.0
  391.0   7801  -15.1  -33.1     20   0.61    195      3  337.5  339.9  337.6
  366.0   8297  -18.5  -36.5     19   0.46    125      4  339.4  341.2  339.5
  361.0   8399  -19.2  -34.9     24   0.55    110      4  339.8  342.0  339.9
  353.0   8565  -20.3  -32.3     33   0.72    212      3  340.5  343.3  340.6
  347.0   8690  -21.1  -33.6     32   0.65    290      2  341.1  343.7  341.2
  333.0   8990  -22.9  -36.7     27   0.50    195      5  342.7  344.7  342.8
  319.0   9303  -24.8  -39.9     23   0.37    170      7  344.3  345.8  344.4
  301.0   9726  -27.3  -44.3     18   0.25    170      8  346.5  347.5  346.5
  300.0   9750  -27.3  -45.3     16   0.22    170      8  346.8  347.8  346.8
  294.0   9893  -28.5  -45.5     18   0.22    160      7  347.1  348.1  347.2
  282.0  10188  -30.9  -45.8     22   0.22    105      7  347.8  348.8  347.9
  259.0  10790  -35.8  -46.6     32   0.22     70     22  349.1  350.1  349.1
  250.0  11040  -37.9  -46.9     38   0.22     65     22  349.6  350.6  349.6
  242.0  11262  -39.9  -48.9     38   0.19     68     20  349.8  350.7  349.9
  237.0  11401  -41.1                          70     19  350.1         350.1
  207.0  12301  -48.9                          90     30  351.7         351.7
  200.0  12530  -50.9                          90     35  352.0         352.0
  172.0  13484  -58.5                         110     35  354.9         354.9
  150.0  14350  -65.5                         120     35  357.1         357.1
  149.0  14390  -65.9                         120     35  357.1         357.1
  141.0  14721  -68.9                         116     40  357.5         357.5
  121.0  15602  -74.7                         105     55  362.9         362.9
  104.0  16474  -80.4                          85     27  368.0         368.0
  100.0  16700  -81.9                         100     27  369.2         369.2
   93.0  17104  -85.1                         110     32  370.7         370.7
   87.2  17459  -85.3                          85     25  377.2         377.2
   85.7  17555  -83.1                          78     23  383.5         383.5
   80.0  17937  -84.9                          51     16  387.4         387.4
   75.0  18300  -80.8                          25      9  403.2         403.2
   71.7  18553  -77.9                         336      7  414.6         414.6
   71.0  18609  -77.9                         325      7  415.7         415.7
   70.0  18690  -77.9                         310      8  417.4         417.4
   68.0  18855  -78.5                         290      8  419.6         419.6
   65.5  19068  -79.3                         204      5  422.4         422.4
   64.3  19173  -76.3                         161      3  431.2         431.2
   64.0  19200  -76.3                         150      3  431.7         431.7
   59.5  19619  -76.9                         139     14  439.5         439.5
   58.0  19766  -75.9                         135     18  445.0         445.0
   55.1  20062  -73.9                         114     22  456.1         456.1
   52.7  20325  -69.1                          96     25  473.1         473.1
   50.0  20640  -66.7                          75     29  485.9         485.9
   45.9  21158  -64.9                          75     30  502.3         502.3
   43.9  21428  -66.5                          75     30  504.8         504.8
   41.0  21846  -62.4                          75     31  525.1         525.1
   40.3  21951  -61.3                          78     31  530.3         530.3
   35.0  22831  -58.5                         105     27  559.4         559.4
   33.6  23086  -57.7                          97     25  568.1         568.1
   31.0  23593  -57.4                          80     20  582.0         582.0
   30.0  23800  -57.3                          85     25  587.8         587.8
   27.6  24324  -59.1                          94     29  597.0         597.0
   25.0  24954  -56.4                         105     33  621.8         621.8
   21.3  25973  -52.1                         101     41  663.9         663.9
   20.0  26380  -51.9                         100     44  676.6         676.6
   15.5  28034  -49.3                          98     57  736.2         736.2
   13.5  28933  -50.7                          97     64  761.1         761.1
   11.4  30041  -45.9                          95     72  816.0         816.0
   11.0  30278  -45.9                          95     74  824.5         824.5
   10.5  30587  -45.8                          95     74  835.8         835.8
   10.0  30910  -45.7                          90     74  847.8         847.8
    9.7  31113  -45.5                                     856.0         856.0
