-----------------------------------------------------------------------------
   PRES   HGHT   TEMP   DWPT   RELH   MIXR   DRCT   SKNT   THTA   THTE   THTV
    hPa     m      C      C      %    g/kg    deg   knot     K      K      K 
-----------------------------------------------------------------------------
 1009.0     24   28.8   24.3     77  19.39    300      3  301.2  358.6  304.7
 1000.0    103   27.8   24.4     82  19.69    295      8  300.9  359.2  304.5
  945.0    601   24.4   21.8     86  17.74    265     17  302.4  355.1  305.6
  933.0    714   23.6   21.2     86  17.31    265     16  302.7  354.2  305.8
  925.0    789   23.4   20.5     84  16.71    265     16  303.2  353.0  306.3
  882.0   1202   21.9   15.6     67  12.80    270     13  305.9  344.5  308.2
  852.0   1503   20.9   12.0     57  10.47    290      6  307.8  339.8  309.7
  850.0   1523   20.8   11.8     56  10.33    290      5  307.9  339.5  309.8
  823.0   1802   19.6    8.7     49   8.66      0      1  309.6  336.4  311.2
  822.0   1812   19.6    8.6     49   8.60      3      1  309.6  336.2  311.2
  795.0   2098   17.6    9.9     60   9.72     80      3  310.5  340.6  312.3
  789.0   2163   17.2   10.2     63  10.00     87      5  310.7  341.6  312.6
  784.0   2218   17.4    6.4     48   7.75     92      6  311.5  335.7  312.9
  768.0   2393   16.1    6.8     54   8.16    110     11  312.0  337.5  313.5
  756.0   2527   15.2    7.2     59   8.50    110     12  312.3  338.9  313.9
  700.0   3175   12.2   -8.8     22   2.82    110     14  316.0  325.4  316.5
  690.0   3295   11.5  -10.0     21   2.60    110     11  316.5  325.2  317.0
  665.0   3603    9.7  -13.2     18   2.08     85      7  317.9  325.0  318.2
  647.0   3832    8.4  -15.6     17   1.76    112      2  318.9  325.0  319.2
  642.0   3896    8.0  -12.9     21   2.21    120      1  319.1  326.7  319.6
  626.0   4105    6.8   -4.2     45   4.50    217      5  320.0  334.9  320.9
  619.0   4197    6.1   -4.9     45   4.30    260      7  320.2  334.5  321.1
  600.0   4453    4.0   -7.0     45   3.79    244     12  320.7  333.4  321.4
  596.0   4508    3.6   -7.8     43   3.59    240     13  320.9  332.9  321.6
  590.0   4590    3.0   -9.0     41   3.30    239     13  321.1  332.2  321.7
  582.0   4701    2.6  -18.4     20   1.55    239     13  321.9  327.3  322.2
  538.0   5336    0.0  -24.0     14   1.03    234     14  326.1  329.9  326.3
  526.0   5516   -1.1  -25.1     14   0.95    233     14  326.9  330.4  327.1
  513.0   5716   -2.7  -13.7     43   2.60    231     15  327.3  336.4  327.8
  500.0   5920   -4.3  -13.3     50   2.76    230     15  327.7  337.4  328.3
  494.0   6014   -4.9  -14.0     49   2.64    235     14  328.1  337.4  328.6
  458.0   6601   -8.7  -18.3     46   1.98    255      7  330.5  337.6  330.9
  432.0   7055  -11.7  -21.7     43   1.57    225      8  332.3  338.1  332.6
  424.0   7197  -12.5  -24.3     37   1.27    215      8  333.1  337.8  333.4
  407.0   7508  -14.2  -30.0     25   0.78    210      6  334.8  337.8  335.0
  402.0   7602  -14.7  -31.7     22   0.67    196      5  335.3  337.9  335.4
  400.0   7640  -14.7  -34.7     17   0.51    190      4  335.8  337.8  335.9
  391.0   7810  -15.7  -35.7     16   0.47    125      4  336.7  338.6  336.8
  376.0   8103  -17.3  -37.3     16   0.41    110      3  338.3  340.0  338.4
  361.0   8407  -19.1  -39.1     15   0.36     45      1  339.9  341.4  340.0
  349.0   8660  -20.5  -40.5     15   0.32    285      2  341.3  342.6  341.4
  347.0   8702  -20.9  -40.6     15   0.32    265      2  341.4  342.7  341.4
  333.0   9004  -23.5  -41.7     17   0.30     50      6  341.8  343.0  341.9
  331.0   9048  -23.9  -41.9     17   0.29     52      6  341.8  343.1  341.9
  320.0   9294  -25.1  -45.0     14   0.22     60      8  343.5  344.4  343.6
  309.0   9547  -26.3  -48.3     11   0.16     35      8  345.3  345.9  345.3
  307.0   9594  -26.7  -48.5     11   0.15     30      8  345.4  346.0  345.4
  300.0   9760  -28.1  -49.1     12   0.15     25      9  345.7  346.3  345.7
  282.0  10194  -31.8  -50.4     14   0.13     10     14  346.6  347.1  346.6
  250.0  11040  -38.9  -52.9     21   0.11     75     14  348.1  348.6  348.1
  248.0  11095  -39.4  -53.4     21   0.11     75     15  348.2  348.7  348.2
  245.0  11178  -40.1  -54.1     21   0.10     75     15  348.3  348.8  348.3
  217.0  11987  -47.2                          80     20  349.7         349.7
  200.0  12530  -51.9                          95     20  350.4         350.4
  180.0  13189  -57.4                         115     25  352.2         352.2
  150.0  14330  -66.9                         100     49  354.6         354.6
  141.0  14689  -69.8                         100     47  355.9         355.9
  109.0  16181  -81.9                         108     47  360.3         360.3
  103.0  16496  -82.6                         110     47  364.9         364.9
  100.0  16660  -82.9                         110     42  367.3         367.3
   98.0  16773  -82.3                         100     39  370.6         370.6
   94.0  17006  -81.1                                     377.4         377.4
