-----------------------------------------------------------------------------
   PRES   HGHT   TEMP   DWPT   RELH   MIXR   DRCT   SKNT   THTA   THTE   THTV
    hPa     m      C      C      %    g/kg    deg   knot     K      K      K 
-----------------------------------------------------------------------------
 1009.0     24   28.4   23.4     74  18.34    290      2  300.8  354.9  304.1
 1000.0    103   27.0   22.0     74  16.96    330      5  300.1  350.1  303.2
  982.0    264   25.6   21.5     78  16.74    318     12  300.3  349.6  303.3
  978.0    300   25.6   21.4     77  16.65    315     14  300.6  349.7  303.6
  964.0    428   25.6   20.8     75  16.33    314     16  301.9  350.3  304.8
  925.0    791   22.8   19.0     79  15.19    310     22  302.6  347.8  305.4
  850.0   1532   19.0   15.8     82  13.46    295     19  306.0  346.7  308.5
  806.0   1986   15.6   13.5     87  12.21    299     13  307.1  344.2  309.4
  795.0   2102   15.6   13.2     86  12.16    300     12  308.3  345.4  310.6
  790.0   2156   15.6   13.1     85  12.14    301     12  308.9  346.0  311.1
  733.0   2786   11.6    9.7     88  10.41    319     10  311.2  343.4  313.1
  715.0   2993   10.8    8.9     88  10.14    325      9  312.6  344.1  314.5
  700.0   3170   10.2    8.3     88   9.91    320     10  313.8  344.8  315.6
  648.0   3814    8.0    3.6     74   7.71    285      6  318.2  343.0  319.7
  641.0   3903    7.5    3.1     74   7.52    280      5  318.7  342.9  320.1
  575.0   4793    2.4   -1.8     74   5.86    310      8  322.7  342.1  323.9
  549.0   5172    0.2   -3.9     74   5.25    322      7  324.4  342.0  325.5
  544.0   5246    0.0   -7.0     59   4.18    324      7  325.1  339.2  325.9
  520.0   5608   -2.1   -8.1     63   4.02    335      6  326.7  340.4  327.5
  500.0   5920   -4.1   -9.1     68   3.86    345      5  328.0  341.2  328.7
  495.0   5999   -4.6   -9.8     67   3.70    355      4  328.3  341.0  329.0
  476.0   6305   -6.6  -12.4     63   3.11     10      5  329.5  340.3  330.1
  470.0   6404   -7.3  -13.3     62   2.93      2      5  329.9  340.1  330.4
  462.0   6537   -7.9  -14.9     57   2.62    351      6  330.7  340.0  331.2
  459.0   6587   -8.5  -11.9     76   3.37    346      6  330.6  342.4  331.3
  458.0   6604   -8.6  -12.0     76   3.34    345      6  330.7  342.4  331.4
  441.0   6896  -10.3  -14.3     72   2.88     20      3  332.1  342.3  332.7
  439.0   6931  -10.5  -14.6     72   2.82     25      3  332.3  342.3  332.9
  437.0   6966  -10.1  -18.1     52   2.12     30      3  333.2  340.9  333.7
  424.0   7197  -11.6  -20.4     48   1.80     65      5  334.3  340.8  334.6
  421.0   7251  -11.9  -20.9     47   1.73     64      5  334.5  340.9  334.9
  416.0   7342  -12.5  -18.5     61   2.15     62      4  334.9  342.7  335.3
  400.0   7640  -14.1  -23.1     46   1.50     55      3  336.6  342.2  336.9
  398.0   7678  -14.3  -24.3     42   1.35     55      3  336.8  341.9  337.1
  387.0   7890  -15.3  -25.3     42   1.27     55      4  338.2  343.0  338.4
  383.0   7969  -15.9  -22.9     55   1.59     55      5  338.4  344.4  338.7
  347.0   8703  -20.5  -29.4     45   0.97     55      8  341.8  345.6  342.0
  334.0   8987  -22.3  -31.9     41   0.80    105      6  343.1  346.3  343.3
  327.0   9144  -23.3  -33.3     39   0.71    108      6  343.9  346.7  344.0
  321.0   9280  -23.7  -37.7     26   0.47    110      6  345.1  347.0  345.2
  307.0   9603  -26.5  -39.1     29   0.42    115      7  345.7  347.4  345.8
  300.0   9770  -27.9  -39.9     31   0.40     90      7  345.9  347.6  346.0
  295.0   9890  -28.9  -38.4     39   0.47     80      9  346.2  348.1  346.3
  292.0   9963  -29.5  -37.5     46   0.52     75     11  346.4  348.5  346.5
  286.0  10111  -30.5  -41.5     33   0.35     65     14  347.0  348.5  347.1
  283.0  10185  -31.1  -41.3     36   0.37     60     16  347.2  348.7  347.3
  275.0  10388  -32.7  -40.7     45   0.40     62     19  347.7  349.4  347.8
  250.0  11050  -38.1  -46.1     43   0.25     70     28  349.3  350.3  349.3
  241.0  11302  -40.1  -52.1     27   0.13     81     29  350.0  350.5  350.0
  238.0  11386  -40.8                          85     29  350.1         350.1
  200.0  12550  -50.7                         135     29  352.3         352.3
  189.0  12904  -53.9                         145     29  353.0         353.0
  150.0  14350  -66.7                         120     35  355.0         355.0
  135.0  14979  -72.3                         108     32  355.9         355.9
  121.0  15607  -76.1                          95     28  360.3         360.3
  100.0  16700  -82.7                         130     40  367.7         367.7
   98.0  16812  -83.2                         130     40  368.9         368.9
   88.0  17407  -85.7                         120     30  375.4         375.4
   87.1  17463  -85.9                                     376.1         376.1
