-----------------------------------------------------------------------------
   PRES   HGHT   TEMP   DWPT   RELH   MIXR   DRCT   SKNT   THTA   THTE   THTV
    hPa     m      C      C      %    g/kg    deg   knot     K      K      K 
-----------------------------------------------------------------------------
 1009.0     24   28.6   25.5     83  20.88      0      0  301.0  362.8  304.7
 1000.0     99   28.0   24.2     80  19.45    285      5  301.1  358.7  304.6
  978.0    296   26.5   23.4     83  18.93    285     11  301.6  357.6  305.0
  926.0    781   22.8   21.4     92  17.67    256     12  302.5  355.0  305.7
  925.0    790   22.6   21.1     91  17.36    255     12  302.4  354.0  305.6
  882.0   1204   21.2   16.1     72  13.21    245      9  305.1  344.9  307.6
  852.0   1506   20.3   12.4     61  10.76    200      2  307.2  339.9  309.1
  850.0   1526   20.2   12.2     60  10.61    190      2  307.3  339.6  309.2
  844.0   1587   20.4   10.4     53   9.47    177      2  308.1  337.2  309.9
  823.0   1803   19.4    9.1     51   8.90    130      2  309.3  336.8  311.0
  777.0   2296   17.2    6.2     48   7.71    119      9  312.1  336.2  313.5
  765.0   2428   16.6    1.6     36   5.65    116     11  312.8  330.8  313.9
  760.0   2484   16.4   -1.6     29   4.50    115     12  313.2  327.7  314.0
  756.0   2528   15.8    0.8     36   5.39    114     13  313.0  330.2  314.0
  755.0   2540   15.6    5.6     51   7.61    114     13  312.9  336.9  314.3
  741.0   2697   14.9    1.9     41   5.95    110     15  313.8  332.8  314.9
  715.0   2998   13.4   -5.2     27   3.65    115      8  315.4  327.4  316.1
  700.0   3176   12.6   -9.4     21   2.69    160      4  316.4  325.4  316.9
  696.0   3224   12.4  -12.6     16   2.10    176      4  316.7  323.9  317.1
  693.0   3260   12.4  -21.6      8   0.99    188      5  317.1  320.6  317.3
  690.0   3296   12.1  -18.0     11   1.35    200      5  317.2  321.9  317.4
  676.0   3468   10.8   -1.2     43   5.21    228      8  317.6  334.6  318.6
  671.0   3530   10.2    2.2     58   6.73    238      9  317.6  339.3  318.9
  665.0   3604    9.8    1.5     56   6.46    250     10  317.9  338.8  319.2
  642.0   3895    8.2   -1.2     51   5.49    265     11  319.4  337.3  320.4
  619.0   4196    6.6   -4.0     47   4.62    260     11  320.8  336.1  321.7
  611.0   4304    6.0   -5.0     45   4.34    274     10  321.3  335.8  322.2
  596.0   4507    4.8  -15.3     22   1.96    300      7  322.3  329.1  322.7
  593.0   4548    4.6  -17.4     19   1.65    300      7  322.5  328.3  322.8
  576.0   4785    4.6  -25.4      9   0.85    298      7  325.2  328.3  325.3
  534.0   5396    0.1  -15.2     30   2.20    295      8  326.9  334.7  327.3
  533.0   5411    0.0  -15.0     31   2.25    294      8  326.9  334.9  327.4
  500.0   5920   -3.1  -13.1     46   2.80    275      8  329.2  339.0  329.8
  474.0   6339   -6.3  -15.3     49   2.47    251      9  330.3  339.1  330.8
  458.0   6602   -8.1  -17.1     48   2.19    235     10  331.3  339.1  331.7
  441.0   6892  -10.1  -19.1     48   1.92    190     10  332.3  339.3  332.7
  424.0   7193  -12.2  -21.2     47   1.67    175      9  333.4  339.6  333.8
  400.0   7640  -15.3  -24.3     46   1.35    210      7  335.0  340.0  335.3
  384.0   7947  -17.3  -27.3     41   1.07    226      9  336.3  340.4  336.5
  370.0   8225  -19.3  -26.3     54   1.21    240     12  337.2  341.8  337.5
  364.0   8346  -20.3  -27.3     54   1.13    247     13  337.5  341.8  337.7
  361.0   8407  -20.7  -29.7     44   0.91    250     13  337.8  341.2  337.9
  347.0   8699  -23.1  -29.5     56   0.96    255     13  338.3  342.0  338.5
  345.0   8741  -23.5  -29.5     58   0.97    251     13  338.4  342.1  338.6
  324.0   9198  -26.7  -37.7     35   0.46    204      9  340.1  341.9  340.2
  320.0   9287  -26.9  -39.1     31   0.41    195      8  341.0  342.6  341.1
  317.0   9355  -27.1  -40.1     28   0.37    196      8  341.6  343.2  341.7
  307.0   9585  -28.9  -37.8     42   0.48    200      9  342.2  344.2  342.3
  305.0   9632  -29.3  -37.3     46   0.51    194      9  342.4  344.4  342.4
  300.0   9750  -30.1  -38.1     46   0.48    180      8  342.8  344.8  342.9
  294.0   9894  -30.7  -42.5     31   0.31    160      8  344.0  345.3  344.1
  286.0  10090  -31.5  -48.5     17   0.16    154      9  345.6  346.3  345.6
  270.0  10494  -34.9  -50.7     18   0.14    140     11  346.4  347.0  346.4
  259.0  10786  -37.3  -52.3     19   0.12    108     13  346.9  347.5  347.0
  250.0  11030  -39.3  -50.3     30   0.15     80     15  347.5  348.2  347.5
  248.0  11085  -39.8  -48.8     38   0.18     75     15  347.5  348.3  347.5
  247.0  11113  -40.1  -48.1     42   0.20     75     15  347.5  348.4  347.6
  227.0  11676  -44.3                          65     15  349.5         349.5
  207.0  12291  -49.0                          55     17  351.6         351.6
  200.0  12520  -50.7                          65     24  352.3         352.3
  156.0  14083  -64.5                          85     33  354.7         354.7
  150.0  14330  -66.7                          85     32  355.0         355.0
  127.0  15310  -75.3                          80     37  356.8         356.8
  124.0  15451  -76.5                          75     32  357.0         357.0
  121.0  15593  -74.0                          70     26  364.1         364.1
  119.0  15690  -72.3                          78     24  369.0         369.0
  109.0  16195  -76.5                         120     14  370.4         370.4
  103.0  16520  -79.3                         135     18  371.2         371.2
  100.0  16690  -80.7                         125     23  371.6         371.6
   89.6  17303  -84.9                          95     39  375.0         375.0
   88.0  17403  -83.2                          95     34  380.4         380.4
   85.9  17538  -80.9                          85     24  387.6         387.6
   83.0  17731  -81.0                          70     10  391.3         391.3
   79.0  18009  -81.1                         150     10  396.6         396.6
   75.0  18301  -81.3                         130     13  402.2         402.2
   74.5  18339  -81.3                         131     13  402.9         402.9
   71.0  18610  -80.7                         140     15  409.8         409.8
   70.0  18690  -80.5                         140     16  411.9         411.9
   68.7  18795  -80.1                         132     18  414.9         414.9
   64.0  19201  -76.0                         100     27  432.3         432.3
   61.0  19476  -73.3                          65     23  444.4         444.4
   58.0  19771  -72.7                         325     10  452.1         452.1
   55.0  20082  -72.2                           0      4  460.3         460.3
   52.0  20410  -71.5                         115      8  469.2         469.2
   50.0  20640  -71.1                         120     13  475.5         475.5
   42.9  21548  -70.3                         102     22  498.8         498.8
   37.0  22454  -61.3                          85     30  543.5         543.5
   34.9  22812  -57.7                          75     29  561.9         561.9
   33.0  23166  -57.0                          65     29  572.8         572.8
   30.0  23770  -55.9                          80     28  591.6         591.6
   28.0  24206  -56.6                          10     13  601.4         601.4
   26.0  24675  -57.4                         325      1  612.0         612.0
   25.0  24923  -57.8                         105     11  617.7         617.7
   24.4  25076  -58.1                         101     15  621.3         621.3
   23.0  25452  -56.8                          90     26  635.8         635.8
   20.1  26308  -53.7                          95     42  670.1         670.1
   20.0  26340  -53.5                          95     43  671.7         671.7
   15.0  28190  -52.3                          95     68  733.1         733.1
   14.9  28233  -52.3                          95     68  734.6         734.6
   11.0  30224  -46.2                          85     84  823.2         823.2
   10.0  30850  -44.3                          90     87  853.1         853.1
    9.7  31054  -44.0                          90     88  861.6         861.6
    9.6  31124  -43.9                                     864.6         864.6
