-----------------------------------------------------------------------------
   PRES   HGHT   TEMP   DWPT   RELH   MIXR   DRCT   SKNT   THTA   THTE   THTV
    hPa     m      C      C      %    g/kg    deg   knot     K      K      K 
-----------------------------------------------------------------------------
 1005.0     24   29.2   26.1     83  21.75      0      0  301.9  366.6  305.8
 1000.0     68   28.6   24.1     77  19.33    265      5  301.8  359.1  305.2
  974.0    302   26.5   23.3     82  18.87    285     17  301.9  357.9  305.3
  953.0    495   24.8   22.6     88  18.50    281     19  302.1  357.0  305.4
  925.0    757   23.2   20.4     84  16.61    275     21  303.0  352.5  306.0
  903.0    967   21.6   19.7     89  16.28    266     20  303.5  352.0  306.4
  850.0   1492   20.0   15.0     73  12.77    245     18  307.1  345.8  309.4
  849.0   1502   20.0   15.0     73  12.79    245     18  307.2  346.0  309.5
  846.0   1533   20.0   15.0     73  12.84    245     17  307.5  346.5  309.9
  792.0   2094   15.9   11.7     76  11.05    250      6  309.0  342.9  311.1
  764.0   2400   13.7   10.0     78  10.16    295      5  309.8  341.1  311.7
  760.0   2444   13.4    9.7     78  10.04    272      4  309.9  340.9  311.8
  737.0   2701   12.3    7.3     72   8.81    140      1  311.4  338.9  313.1
  700.0   3131   10.4    3.4     62   7.03    195      2  314.0  336.3  315.3
  686.0   3299    9.5    0.4     53   5.77    205      4  314.8  333.3  315.9
  668.0   3519    8.4   -3.6     43   4.41    198      6  315.9  330.4  316.8
  662.0   3594    8.0   -4.7     40   4.10    195      6  316.3  329.7  317.1
  641.0   3859    6.4   -8.6     33   3.13    217      4  317.4  327.9  318.0
  638.0   3897    6.2   -7.2     38   3.52    220      4  317.6  329.3  318.2
  627.0   4040    5.2   -1.8     61   5.38    189      4  318.1  335.6  319.1
  623.0   4092    5.4   -7.6     39   3.48    178      5  318.9  330.5  319.6
  621.0   4118    5.2   -4.8     48   4.33    172      5  318.9  333.3  319.8
  617.0   4171    5.8  -27.2      7   0.67    161      5  320.2  322.7  320.4
  615.0   4198    5.6  -24.1     10   0.89    155      5  320.3  323.6  320.5
  608.0   4291    5.0  -13.0     26   2.32    161      5  320.6  328.6  321.1
  604.0   4345    4.8  -10.2     33   2.93    165      5  321.0  331.0  321.6
  593.0   4494    4.0  -13.2     27   2.35    175      5  321.8  329.9  322.3
  579.0   4688    3.0  -17.0     21   1.75    159      5  322.8  329.0  323.2
  571.0   4801    2.0  -13.2     31   2.44    150      5  323.0  331.4  323.5
  564.0   4900    1.2   -9.8     44   3.24    166      5  323.1  334.2  323.8
  553.0   5059    0.8  -10.2     44   3.20    193      5  324.5  335.4  325.1
  551.0   5088    0.6  -11.4     40   2.92    198      5  324.6  334.6  325.1
  550.0   5102    0.6  -11.4     40   2.92    200      5  324.7  334.8  325.3
  549.0   5117    0.6  -11.4     40   2.93    201      5  324.9  335.0  325.5
  547.0   5146    0.0   -6.0     64   4.49    203      6  324.5  339.7  325.4
  541.0   5235   -0.7   -6.7     64   4.30    209      7  324.7  339.3  325.6
  540.0   5249   -0.7   -8.7     55   3.69    210      7  324.9  337.5  325.6
  537.0   5294   -0.9   -8.9     55   3.65    213      8  325.2  337.6  325.9
  535.0   5324   -1.3   -4.9     76   5.00    215      8  325.0  341.8  326.0
  534.0   5339   -1.5   -3.9     84   5.40    216      8  325.0  343.0  326.0
  530.0   5398   -1.9   -3.7     88   5.52    220      9  325.2  343.6  326.2
  523.0   5504   -2.7   -3.4     95   5.73    221      8  325.5  344.6  326.6
  514.0   5642   -3.3   -3.7     97   5.70    223      7  326.4  345.5  327.5
  505.0   5782   -5.3   -9.3     73   3.76    224      7  325.6  338.4  326.3
  503.0   5813   -4.5   -7.1     82   4.49    224      6  326.9  342.2  327.8
  500.0   5860   -3.9   -9.9     63   3.63    225      6  328.2  340.7  328.9
  488.0   6051   -3.7  -18.7     30   1.80    232      5  330.8  337.3  331.1
  487.0   6067   -3.7  -23.7     20   1.17    232      5  330.9  335.3  331.2
  479.0   6197   -4.7  -15.7     42   2.36    237      4  331.3  339.7  331.8
  478.0   6214   -4.9  -12.9     53   2.98    237      4  331.2  341.7  331.8
  473.0   6296   -5.1  -23.1     23   1.27    240      4  332.0  336.7  332.2
  459.0   6531   -6.7  -15.7     49   2.47    225      3  332.8  341.7  333.3
  458.0   6548   -6.3  -22.3     27   1.40    223      3  333.6  338.8  333.8
  455.0   6599   -6.6  -25.6     21   1.05    220      3  333.8  337.8  334.0
  454.0   6616   -6.7  -26.7     19   0.95    220      3  333.9  337.5  334.1
  450.0   6685   -6.9  -26.9     19   0.94    219      3  334.5  338.1  334.7
  445.0   6771   -7.3  -20.3     35   1.72    219      3  335.1  341.4  335.4
  426.0   7109   -9.5  -20.5     40   1.77    216      2  336.4  343.0  336.8
  421.0   7199  -10.2  -22.0     37   1.56    215      2  336.7  342.5  337.0
  408.0   7439  -12.1  -26.1     30   1.12    199      4  337.3  341.5  337.5
  407.0   7458  -12.3  -23.3     39   1.45    198      4  337.2  342.7  337.5
  406.0   7477  -12.3  -32.3     17   0.63    196      4  337.5  339.9  337.6
  405.0   7496  -12.3  -28.3     25   0.92    195      4  337.7  341.3  337.9
  404.0   7514  -12.7  -21.7     47   1.68    198      4  337.4  343.7  337.8
  400.0   7590  -13.3  -21.3     51   1.76    210      4  337.6  344.1  338.0
  393.0   7724  -14.3  -20.3     60   1.95    216      5  338.0  345.2  338.4
  378.0   8017  -16.5  -21.5     65   1.83    228      6  338.9  345.7  339.3
  372.0   8137  -16.9  -25.9     46   1.25    233      7  339.9  344.7  340.2
  359.0   8399  -18.9  -27.2     48   1.15    245      8  340.7  345.1  340.9
  331.0   8997  -23.6  -30.2     54   0.94    240      4  342.3  346.0  342.5
  320.0   9246  -25.5  -31.5     57   0.86    291      3  342.9  346.3  343.1
  318.0   9291  -25.9  -33.8     47   0.69    300      3  343.1  345.8  343.2
  312.0   9429  -26.9  -40.9     25   0.34    357      3  343.5  344.9  343.6
  305.0   9592  -27.9  -44.3     20   0.25     65      3  344.2  345.3  344.3
  300.0   9710  -28.7  -46.7     16   0.19     85      5  344.8  345.6  344.9
  282.0  10150  -32.1  -50.1     15   0.14    107      9  346.1  346.7  346.1
  280.0  10200  -32.4  -49.9     16   0.14    110     10  346.3  346.9  346.3
  275.0  10327  -33.3  -49.3     19   0.16    112      9  346.8  347.5  346.9
  271.0  10430  -33.9  -43.9     36   0.29    114      8  347.4  348.6  347.5
  257.0  10798  -37.1  -43.5     51   0.32    120      4  348.1  349.4  348.1
  250.0  10990  -38.7  -43.3     62   0.33     80      4  348.4  349.8  348.5
  246.0  11100  -39.8  -43.9     65   0.32     75      4  348.3  349.7  348.4
  245.0  11128  -40.1  -44.0     66   0.32     74      4  348.3  349.6  348.4
  235.0  11406  -42.4                          60      2  349.0         349.0
  225.0  11696  -44.8                         240      1  349.7         349.7
  215.0  11998  -47.3                         110      8  350.4         350.4
  200.0  12480  -51.3                          85     19  351.4         351.4
  196.0  12606  -52.4                          85     23  351.7         351.7
  155.0  14075  -64.8                          90     34  355.0         355.0
  150.0  14280  -66.5                          95     34  355.3         355.3
  129.0  15173  -74.7                          99     40  356.3         356.3
  126.0  15307  -75.5                         100     41  357.3         357.3
  114.0  15876  -78.7                          75     42  361.7         361.7
  102.0  16507  -82.3                          90     33  366.5         366.5
  100.0  16620  -82.9                          85     33  367.3         367.3
   97.6  16756  -83.7                          75     30  368.3         368.3
   92.0  17087  -83.5                          55     11  375.1         375.1
   87.0  17400  -83.2                         145     13  381.6         381.6
   80.8  17814  -82.9                          98     16  390.4         390.4
   78.0  18014  -81.6                          75     18  397.1         397.1
   70.0  18630  -77.5                          70     17  418.3         418.3
   69.6  18663  -77.5                          69     17  418.9         418.9
   67.7  18823  -74.1                          66     18  429.6         429.6
   64.0  19153  -73.2                          60     21  438.6         438.6
   60.0  19533  -72.1                           0      1  449.2         449.2
   57.0  19835  -71.2                         210     13  457.7         457.7
   54.0  20153  -70.4                         170      6  466.9         466.9
   52.0  20376  -69.7                         175      8  473.4         473.4
   51.9  20387  -69.7                         173      8  473.8         473.8
   50.0  20610  -67.5                         140     12  484.0         484.0
   49.0  20733  -66.8                         130     13  488.4         488.4
   47.0  20986  -65.4                         115     15  497.6         497.6
   43.0  21527  -62.4                          55     24  517.8         517.8
   42.6  21584  -62.1                          53     24  520.0         520.0
   40.0  21971  -62.2                          40     24  529.2         529.2
   35.7  22671  -62.3                          70     29  546.4         546.4
   33.0  23162  -58.8                          90     32  568.0         568.0
   31.3  23491  -56.5                          79     23  582.9         582.9
   30.0  23760  -55.9                          70     16  591.6         591.6
   28.0  24198  -56.5                         100     28  601.9         601.9
   26.5  24547  -56.9                          95     30  610.2         610.2
   24.0  25182  -55.0                          85     33  633.2         633.2
   21.0  26037  -52.4                          95     44  665.6         665.6
   20.0  26350  -51.5                          95     40  677.8         677.8
   18.0  27037  -49.5                         105     46  704.8         704.8
   17.0  27410  -50.0                         110     49  714.9         714.9
   16.3  27685  -50.3                                     722.5         722.5
