-----------------------------------------------------------------------------
   PRES   HGHT   TEMP   DWPT   RELH   MIXR   DRCT   SKNT   THTA   THTE   THTV
    hPa     m      C      C      %    g/kg    deg   knot     K      K      K 
-----------------------------------------------------------------------------
 1005.0     24   28.6   23.7     75  18.76    310      1  301.3  356.8  304.7
 1000.0     71   28.2   23.3     75  18.39    295      7  301.4  355.8  304.7
  936.0    654   23.6   20.7     84  16.72    287     15  302.4  352.1  305.4
  925.0    757   23.4   19.8     80  15.98    285     17  303.2  350.9  306.1
  879.0   1202   21.5   17.1     76  14.14    270     16  305.7  348.3  308.3
  850.0   1495   20.2   15.3     73  13.03    280     16  307.3  346.9  309.7
  849.0   1505   20.2   15.1     73  12.91    280     16  307.4  346.6  309.8
  842.0   1577   20.0   14.0     68  12.07    279     16  307.9  344.7  310.1
  792.0   2096   16.7   12.1     74  11.29    270     14  309.9  344.6  312.0
  706.0   3070   10.6    8.4     86   9.89    279     12  313.4  344.4  315.3
  700.0   3141   10.2    7.7     84   9.51    280     12  313.8  343.6  315.5
  663.0   3592    9.1    4.4     72   7.96    290     11  317.4  342.8  318.9
  642.0   3860    8.4    2.4     66   7.14    303      8  319.6  342.7  320.9
  616.0   4198    5.8    1.2     73   6.84    320      5  320.3  342.6  321.6
  594.0   4496    3.5    0.2     79   6.58     45      3  321.0  342.5  322.3
  588.0   4579    2.8   -0.1     81   6.50     36      4  321.2  342.4  322.4
  572.0   4802    2.0   -1.8     76   5.92     10      5  322.8  342.3  323.9
  551.0   5103    0.9   -4.0     70   5.19      0      7  325.0  342.4  326.0
  533.0   5371    0.0   -6.0     64   4.61      0      5  326.9  342.6  327.9
  531.0   5401   -0.2   -6.0     65   4.64      0      5  327.0  342.8  327.9
  516.0   5630   -2.1   -5.8     76   4.84     31      7  327.4  343.9  328.4
  512.0   5692   -2.3   -7.3     68   4.35     40      8  328.0  342.9  328.9
  506.0   5785   -2.5   -9.5     59   3.70     33      8  328.8  341.6  329.5
  500.0   5880   -3.3   -7.8     71   4.28     25      8  328.9  343.6  329.8
  493.0   5991   -4.0   -8.2     73   4.22     20      8  329.5  344.0  330.3
  461.0   6521   -7.1   -9.9     80   3.93     29      5  331.9  345.6  332.7
  439.0   6901   -9.3  -11.9     81   3.51     35      3  333.8  346.2  334.6
  414.0   7356  -11.9  -14.4     82   3.05     61      5  336.1  347.0  336.7
  406.0   7506  -12.6  -15.8     77   2.77     70      6  337.1  347.1  337.7
  400.0   7620  -13.1  -16.8     74   2.58     75      6  337.9  347.3  338.4
  390.0   7812  -14.7  -19.7     66   2.07     65      8  338.2  345.9  338.7
  375.0   8106  -16.3  -23.0     56   1.61     50     10  339.9  346.0  340.3
  373.0   8147  -16.5  -23.5     55   1.55     51     10  340.2  346.0  340.5
  357.0   8473  -19.3  -21.6     82   1.92     62     10  340.7  347.9  341.1
  346.0   8703  -20.9  -23.1     82   1.73     70     10  341.6  348.2  342.0
  331.0   9029  -23.1  -25.2     83   1.50     64     11  342.9  348.7  343.2
  316.0   9366  -25.3  -27.8     80   1.24     57     12  344.5  349.2  344.7
  309.0   9528  -26.1  -33.1     52   0.77     54     12  345.6  348.6  345.7
  302.0   9692  -27.3  -38.3     34   0.47     51     13  346.1  348.1  346.2
  300.0   9740  -27.5  -38.5     34   0.46     50     13  346.5  348.4  346.6
  282.0  10184  -31.3  -36.1     63   0.62     55     17  347.2  349.8  347.4
  275.0  10363  -32.7  -37.0     65   0.58     60     20  347.7  350.1  347.8
  271.0  10466  -33.5  -40.5     49   0.41     63     21  348.0  349.7  348.1
  250.0  11030  -37.9  -45.9     43   0.25     80     29  349.6  350.7  349.6
  242.0  11253  -40.1  -46.1     53   0.25     88     29  349.5  350.6  349.6
  200.0  12530  -49.7                         135     30  353.9         353.9
  189.0  12888  -53.0                         145     31  354.4         354.4
  157.0  14062  -63.7                         137     32  355.5         355.5
  150.0  14340  -65.7                         135     32  356.7         356.7
  149.0  14379  -66.0                         135     31  356.9         356.9
  134.0  14999  -70.1                         115     25  360.6         360.6
  115.0  15893  -76.0                         125     33  365.6         365.6
  100.0  16710  -81.5                          90     28  370.0         370.0
   88.0  17417  -85.0                          60      8  376.8         376.8
   84.0  17674  -86.3                         130     12  379.2         379.2
   80.9  17882  -87.3                         140     20  381.2         381.2
   79.0  18013  -86.6                         130     22  385.2         385.2
   75.0  18299  -85.1                          65     11  394.2         394.2
   71.5  18562  -83.7                         113      4  402.6         402.6
   71.0  18601  -83.1                         120      3  404.6         404.6
   70.0  18680  -81.9                         145      9  408.9         408.9
   67.0  18930  -78.6                         130     18  421.1         421.1
   62.7  19309  -73.7                         105     14  440.0         440.0
   59.3  19635  -71.5                          83     11  452.0         452.0
   58.0  19765  -72.3                          75     10  453.1         453.1
   55.2  20055  -74.1                          75     13  455.4         455.4
   55.0  20076  -73.8                          75     13  456.6         456.6
   52.6  20338  -69.7                          95     11  471.9         471.9
   52.0  20407  -69.6                         100     11  473.7         473.7
   50.0  20640  -69.3                         110     13  479.8         479.8
   43.6  21461  -65.5                          56     25  508.2         508.2
   43.0  21545  -65.6                          50     26  510.0         510.0
   39.4  22073  -66.1                          54     29  521.6         521.6
   39.0  22135  -66.1                          55     29  523.1         523.1
   38.7  22182  -66.1                          60     28  524.3         524.3
   37.5  22374  -60.5                          82     24  543.4         543.4
   36.1  22612  -57.7                         109     20  556.5         556.5
   35.0  22805  -57.9                         130     16  560.9         560.9
   30.0  23770  -59.1                         120     23  582.9         582.9
   29.1  23961  -59.7                         112     25  586.4         586.4
   25.0  24920  -55.8                          75     34  623.5         623.5
   24.3  25099  -55.1                          85     30  630.7         630.7
   23.0  25449  -55.5                         105     23  639.6         639.6
   21.6  25849  -55.9                         105     31  649.9         649.9
   20.0  26340  -54.7                         105     40  668.0         668.0
   17.0  27384  -52.7                         100     57  706.1         706.1
   14.5  28424  -46.9                          96     73  758.4         758.4
   14.0  28658  -46.4                          95     77  767.8         767.8
   13.7  28803  -46.0                          95     77  773.7         773.7
   11.4  30031  -43.3                          95     77  825.3         825.3
   11.1  30209  -42.9                          95     77  833.1         833.1
   11.0                                        95     77                     

