-----------------------------------------------------------------------------
   PRES   HGHT   TEMP   DWPT   RELH   MIXR   DRCT   SKNT   THTA   THTE   THTV
    hPa     m      C      C      %    g/kg    deg   knot     K      K      K 
-----------------------------------------------------------------------------
 1012.0     24   24.4   23.1     92  17.95    210      9  296.5  348.5  299.7
 1000.0    126   24.4   22.5     89  17.50    255     11  297.6  348.4  300.7
  980.0    303   23.9   21.4     86  16.63    250     20  298.8  347.4  301.8
  960.0    484   23.4   20.2     82  15.79    243     22  300.0  346.4  302.9
  925.0    808   20.8   18.5     87  14.71    230     26  300.6  343.9  303.2
  915.0    902   19.9   17.8     88  14.22    230     27  300.5  342.4  303.1
  908.0    969   19.2   17.3     89  13.88    231     26  300.5  341.4  303.0
  884.0   1199   18.7   17.1     90  14.10    235     22  302.4  344.2  304.9
  867.0   1367   18.4   17.0     92  14.26    228     23  303.7  346.3  306.3
  850.0   1537   17.4   15.8     90  13.46    220     25  304.4  344.7  306.8
  768.0   2392   13.1   11.7     91  11.35    200     28  308.7  343.4  310.8
  700.0   3174    9.2    7.9     92   9.64    225     24  312.6  342.7  314.5
  665.0   3594    6.9    5.9     93   8.82    245     21  314.6  342.5  316.3
  596.0   4491    1.9    1.6     98   7.25    260      8  318.9  342.3  320.3
  574.0   4798    0.2    0.1     99   6.77    280      9  320.4  342.4  321.7
  571.0   4841    0.0   -0.1     99   6.70    288      9  320.6  342.4  321.9
  553.0   5097   -1.1   -1.2     99   6.39    340     10  322.2  343.2  323.5
  532.0   5405   -2.4   -2.5     99   6.02    320     12  324.2  344.2  325.4
  500.0   5900   -4.5   -4.6     99   5.47    335     13  327.5  345.9  328.6
  494.0   5995   -5.1   -5.1    100   5.33    337     13  327.9  345.9  328.9
  457.0   6599   -8.3   -8.5     98   4.43    350     10  331.2  346.5  332.1
  423.0   7199  -11.5  -11.9     97   3.65    355     10  334.6  347.4  335.3
  407.0   7498  -13.1  -13.6     96   3.31    341     10  336.2  348.0  336.9
  400.0   7630  -13.7  -14.2     96   3.20    335     10  337.1  348.6  337.8
  376.0   8090  -16.8  -17.4     95   2.62    330     12  339.0  348.6  339.5
  329.0   9084  -23.5  -24.2     94   1.65    354     10  343.0  349.2  343.3
  319.0   9307  -25.2  -26.0     93   1.45      0     10  343.6  349.1  343.9
  306.0   9607  -27.6  -28.4     92   1.20     15     11  344.4  349.1  344.7
  300.0   9750  -28.7  -29.6     92   1.10     20     10  344.8  349.1  345.0
  282.0  10184  -32.2  -33.4     89   0.81     25     12  345.9  349.1  346.1
  250.0  11030  -39.1  -40.8     84   0.43      5      8  347.8  349.6  347.9
  248.0  11085  -39.6  -41.0     86   0.43      0      8  347.9  349.6  347.9
  246.0  11141  -40.1  -41.3     88   0.42      3      7  347.9  349.6  348.0
  237.0  11389  -42.2                          15      5  348.4         348.4
  227.0  11676  -44.7                         115      2  349.0         349.0
  217.0  11976  -47.2                         130      4  349.5         349.5
  200.0  12520  -51.9                          75      6  350.4         350.4
  198.0  12583  -52.5                          65      7  350.5         350.5
  180.0  13176  -57.8                         125     15  351.4         351.4
  150.0  14310  -68.1                         150     26  352.6         352.6
  148.0  14389  -68.9                         145     26  352.6         352.6
  135.0  14934  -74.1                         127     30  352.7         352.7
  127.0  15281  -76.1                         115     33  355.3         355.3
  108.0  16202  -81.5                          80     57  361.9         361.9
  100.0  16640  -84.1                          80     60  365.0         365.0
   98.2  16740  -84.9                          80     60  365.3         365.3
   94.1  16975  -85.1                          80     61  369.4         369.4
   93.1  17034  -82.5                          80     62  375.7         375.7
   92.1  17094  -81.7                          80     62  378.5         378.5
   92.0  17101  -81.6                          80     62  378.8         378.8
   88.7  17306  -78.7                          71     44  388.5         388.5
   83.0  17683  -79.3                          55     11  394.8         394.8
   82.7  17703  -79.3                          63     10  395.1         395.1
   79.0  17965  -76.8                         165      3  405.5         405.5
   76.9  18119  -75.3                         164      4  411.8         411.8
   74.0  18341  -76.9                         162      5  412.9         412.9
   71.0  18579  -76.3                         160      6  419.1         419.1
   70.0  18660  -76.1                         150      7  421.3         421.3
   66.3  18973  -76.9                         114     15  426.1         426.1
   64.2  19159  -76.1                          92     20  431.8         431.8
   64.0  19177  -75.1                          90     20  434.5         434.5
   63.7  19204  -73.5                          90     20  438.5         438.5
   59.8  19575  -72.7                          93     21  448.2         448.2
   57.3  19829  -69.1                          94     22  461.9         461.9
   54.4  20138  -70.9                          97     23  464.7         464.7
   50.0  20640  -69.7                         100     25  478.8         478.8
   48.2  20858  -69.9                          99     25  483.4         483.4
   41.4  21780  -61.5                          95     26  525.7         525.7
   41.0  21841  -61.2                          95     26  527.9         527.9
   38.9  22167  -59.7                          82     23  539.7         539.7
   35.0  22823  -61.3                          55     17  552.1         552.1
   34.0  23003  -61.7                          65     13  555.6         555.6
   33.6  23076  -61.9                          72     14  557.0         557.0
   32.0  23379  -61.0                         100     16  567.3         567.3
   30.0  23780  -59.7                          95     18  581.3         581.3
   29.0  23992  -59.8                         125     13  586.6         586.6
   28.4  24122  -59.9                                     589.9         589.9
