-----------------------------------------------------------------------------
   PRES   HGHT   TEMP   DWPT   RELH   MIXR   DRCT   SKNT   THTA   THTE   THTV
    hPa     m      C      C      %    g/kg    deg   knot     K      K      K 
-----------------------------------------------------------------------------
 1007.0     24   26.2   24.7     91  19.92      0      0  298.8  357.1  302.3
 1000.0     82   26.4   22.3     78  17.28    305     11  299.6  350.3  302.6
  976.0    297   25.6   20.9     75  16.22    295     23  300.8  348.6  303.7
  961.0    434   25.0   20.0     74  15.57    289     23  301.6  347.6  304.4
  925.0    770   22.2   18.1     78  14.34    275     24  302.0  344.5  304.6
  880.0   1201   19.3   15.8     80  13.02    260     23  303.4  342.2  305.7
  866.0   1340   18.4   15.1     81  12.62    262     23  303.8  341.5  306.1
  850.0   1500   18.4   13.7     74  11.72    265     24  305.4  340.8  307.6
  816.0   1850   17.4   10.4     63   9.79    257     22  307.9  337.9  309.8
  765.0   2398   13.7    8.3     70   9.03    245     19  309.7  337.6  311.4
  750.0   2566   12.6    7.6     72   8.81    253     18  310.2  337.5  311.9
  733.0   2759   12.6    6.6     67   8.41    263     17  312.3  338.6  313.9
  712.0   3003   11.2    5.8     70   8.21    275     15  313.3  339.2  314.9
  700.0   3145   10.4    5.4     71   8.10    275     14  314.0  339.5  315.5
  571.0   4804    0.6   -1.9     83   5.84    260     12  321.3  340.5  322.4
  564.0   4905    0.0   -2.4     84   5.72    256     11  321.7  340.6  322.8
  549.0   5120   -0.3   -4.5     73   5.02    247     10  323.8  340.6  324.8
  530.0   5399   -1.9   -5.5     76   4.81    235      8  325.2  341.4  326.2
  510.0   5703   -3.6   -6.6     80   4.59    255      8  326.7  342.3  327.6
  500.0   5860   -4.5   -7.2     81   4.48    235      6  327.5  342.8  328.4
  491.0   6002   -5.4   -7.3     86   4.51    230      7  328.1  343.4  328.9
  477.0   6229   -6.9   -7.6     95   4.55    257      9  329.0  344.5  329.9
  473.0   6293   -7.3   -8.0     95   4.46    265     10  329.3  344.6  330.2
  455.0   6591   -9.0   -9.7     95   4.05    260      9  330.8  344.8  331.6
  438.0   6884  -10.7  -11.4     95   3.67    280      4  332.3  345.1  333.0
  405.0   7486  -14.2  -14.9     94   2.99    265      7  335.3  345.9  335.9
  404.0   7505  -14.3  -15.0     94   2.97    266      7  335.4  346.0  336.0
  400.0   7580  -14.7  -15.9     91   2.78    270      9  335.8  345.8  336.4
  359.0   8392  -19.0  -22.3     75   1.79    300     10  340.6  347.3  341.0
  349.0   8605  -20.1  -24.0     71   1.58    303      9  341.8  347.8  342.2
  331.0   8991  -23.0  -27.6     66   1.20    310      8  343.1  347.8  343.4
  304.0   9613  -27.6  -33.4     58   0.76    260      4  345.1  348.1  345.2
  300.0   9710  -28.3  -34.3     56   0.70    255      5  345.4  348.2  345.5
  292.0   9901  -29.8  -36.5     52   0.58    280      4  345.9  348.3  346.1
  280.0  10198  -32.1  -39.9     46   0.43      5      3  346.8  348.6  346.9
  268.0  10508  -34.5  -43.4     40   0.31     80      3  347.7  349.0  347.7
  267.0  10535  -34.7  -43.7     40   0.30     82      3  347.7  349.0  347.8
  257.0  10799  -37.2  -44.5     47   0.28    100      4  347.8  349.0  347.9
  250.0  10990  -39.1  -45.1     53   0.27     90      5  347.8  349.0  347.9
  246.0  11100  -40.1  -46.1     53   0.25     90      7  347.9  349.0  348.0
  225.0  11695  -45.1                          90     16  349.2         349.2
  200.0  12480  -51.7                         100     26  350.7         350.7
  179.0  13170  -58.1                          90     24  351.6         351.6
  150.0  14270  -68.3                          95     32  352.2         352.2
  131.0  15068  -75.5                          95     41  353.3         353.3
  126.0  15291  -77.0                          95     43  354.5         354.5
  118.0  15666  -79.5                          95     45  356.6         356.6
  113.0  15912  -79.5                          95     47  361.1         361.1
  106.0  16274  -79.5                                     367.7         367.7
