-----------------------------------------------------------------------------
   PRES   HGHT   TEMP   DWPT   RELH   MIXR   DRCT   SKNT   THTA   THTE   THTV
    hPa     m      C      C      %    g/kg    deg   knot     K      K      K 
-----------------------------------------------------------------------------
 1005.0     24   29.0   23.0     70  17.96    295      4  301.7  354.9  305.0
 1000.0     74   28.6   23.6     74  18.74    275      9  301.8  357.3  305.1
  975.0    298   26.4   22.8     81  18.29    305     12  301.7  355.9  305.0
  951.0    518   24.2   22.0     88  17.86    293     17  301.6  354.5  304.9
  925.0    760   23.2   19.2     78  15.38    280     22  303.0  348.8  305.8
  910.0    902   22.5   18.3     77  14.78    280     22  303.7  347.9  306.4
  850.0   1493   19.6   14.6     73  12.44    280     18  306.7  344.4  308.9
  770.0   2343   16.2    5.2     48   7.25    272     17  311.8  334.6  313.1
  712.0   3006   11.7    6.6     71   8.64    265     17  313.9  341.1  315.5
  711.0   3018   11.6    6.6     71   8.67    265     17  313.9  341.2  315.5
  700.0   3149   10.8    4.8     66   7.76    270     18  314.4  339.0  315.9
  616.0   4204    5.0   -2.0     61   5.39    275     21  319.4  337.1  320.5
  601.0   4404    3.6   -4.4     56   4.62    272     20  320.1  335.4  321.0
  600.0   4418    3.6   -3.4     60   4.99    271     19  320.2  336.7  321.2
  594.0   4499    4.2   -9.8     35   3.07    270     19  321.9  332.3  322.4
  583.0   4651    3.4  -19.6     17   1.40    268     18  322.6  327.6  322.9
  534.0   5357    0.0  -26.0     12   0.86    256     12  326.8  330.0  326.9
  531.0   5402   -0.3  -23.3     16   1.11    255     12  326.9  331.0  327.2
  512.0   5692   -1.9  -32.9      7   0.47    261      8  328.4  330.2  328.5
  506.0   5786   -2.1  -36.1      5   0.35    263      6  329.3  330.7  329.4
  503.0   5833   -2.3  -37.3      5   0.31    264      6  329.6  330.8  329.7
  501.0   5864   -2.5  -19.5     26   1.64    265      5  329.7  335.7  330.1
  500.0   5880   -2.7  -17.7     31   1.91    265      5  329.7  336.6  330.1
  493.0   5991   -3.7  -17.7     33   1.94    295      4  329.8  336.8  330.2
  486.0   6104   -4.7  -17.7     35   1.97    295      5  329.9  337.0  330.3
  482.0   6169   -5.3  -12.3     58   3.10    295      5  329.9  340.8  330.6
  467.0   6416   -6.7  -12.7     62   3.10    295      6  331.2  342.1  331.8
  456.0   6602   -7.0  -20.5     33   1.65    295      7  333.1  339.2  333.5
  451.0   6688   -7.1  -24.1     24   1.22    304      7  334.0  338.6  334.3
  437.0   6932   -8.7  -37.7      8   0.34    328      5  335.0  336.4  335.1
  422.0   7200  -10.4  -31.2     16   0.67    355      4  336.1  338.8  336.3
  410.0   7422  -11.9  -25.9     30   1.14     29      3  337.1  341.4  337.3
  406.0   7497  -12.6  -27.0     29   1.04     40      2  337.1  341.0  337.3
  400.0   7610  -13.7  -28.7     27   0.90     45      2  337.1  340.6  337.3
  390.0   7799  -15.0  -30.4     26   0.78     25      2  337.9  340.9  338.0
  375.0   8091  -17.0  -33.1     23   0.63    320      2  339.1  341.5  339.2
  360.0   8395  -19.0  -35.9     21   0.50      0      4  340.3  342.3  340.4
  346.0   8690  -21.0  -38.6     19   0.40     50     11  341.4  343.0  341.5
  332.0   8998  -23.1  -41.4     17   0.31     55     10  342.6  343.9  342.7
  319.0   9296  -25.1  -44.1     15   0.24     20      5  343.8  344.8  343.8
  318.0   9319  -25.3  -44.3     15   0.24     17      5  343.8  344.8  343.9
  306.0   9597  -27.7  -44.0     19   0.25    345      7  344.3  345.4  344.4
  300.0   9740  -28.9  -43.9     22   0.26      5      7  344.5  345.6  344.6
  293.0   9908  -30.0  -46.4     19   0.20     30      8  345.3  346.1  345.3
  290.0   9982  -30.5  -47.5     17   0.18     31      9  345.6  346.4  345.6
  273.0  10408  -33.7  -44.7     32   0.26     39     15  347.0  348.1  347.0
  250.0  11020  -38.1  -49.1     31   0.18     50     24  349.3  350.1  349.3
  239.0  11327  -39.9  -53.9     21   0.10     60     28  351.1  351.6  351.1
  207.0  12281  -47.8                          90     40  353.4         353.4
  200.0  12510  -49.7                         100     42  353.9         353.9
  150.0  14330  -64.9                         120     39  358.1         358.1
  134.0  14995  -71.0                         125     46  359.0         359.0
  121.0  15597  -76.5                         118     43  359.6         359.6
  100.0  16670  -83.1                         105     37  366.9         366.9
   88.0  17371  -88.7                         105     31  369.3         369.3
   86.9  17439  -89.3                         100     30  369.5         369.5
   82.9  17694  -87.9                          83     27  377.4         377.4
   81.5  17788  -84.9                          76     26  385.3         385.3
   78.0  18031  -83.1                          60     23  393.9         393.9
   76.5  18139  -82.3                          71     25  397.8         397.8
   74.6  18282  -77.5                          85     27  410.7         410.7
   74.0  18328  -76.9                          90     28  413.0         413.0
   72.3  18463  -75.1                          73     29  419.5         419.5
   71.0  18568  -75.3                          60     29  421.2         421.2
   70.0  18650  -75.5                          55     28  422.5         422.5
   67.0  18902  -77.2                          50     24  424.1         424.1
   65.6  19023  -78.1                          57     23  424.8         424.8
   62.2  19326  -78.7                          74     21  430.0         430.0
   60.4  19494  -76.1                          84     20  439.4         439.4
   59.0  19631  -69.9                          92     19  456.3         456.3
   55.0  20050  -69.2                         115     16  467.1         467.1
   51.3  20465  -68.5                          93     20  478.1         478.1
   50.0  20620  -65.9                          85     21  487.8         487.8
   49.0  20743  -65.3                          80     19  492.1         492.1
   48.1  20856  -64.7                          82     20  496.1         496.1
   43.0  21539  -65.0                          95     26  511.4         511.4
   39.0  22134  -65.3                          75     29  525.2         525.2
   38.9  22150  -65.3                          76     29  525.6         525.6
   35.0  22804  -61.1                         105     24  552.5         552.5
   32.4  23282  -58.1                         100     28  572.9         572.9
   30.3  23707  -55.9                          96     31  590.0         590.0
   30.0  23770  -55.9                          95     31  591.6         591.6
   28.0  24207  -56.8                          95     22  601.0         601.0
   26.1  24652  -57.7                         109     26  610.6         610.6
   26.0  24676  -57.6                         110     26  611.4         611.4
   23.0  25455  -55.3                          90     40  640.0         640.0
   22.5  25594  -54.9                                     645.3         645.3
