-----------------------------------------------------------------------------
   PRES   HGHT   TEMP   DWPT   RELH   MIXR   DRCT   SKNT   THTA   THTE   THTV
    hPa     m      C      C      %    g/kg    deg   knot     K      K      K 
-----------------------------------------------------------------------------
 1007.0     24   27.4   23.1     77  18.04    305      2  299.9  353.0  303.2
 1000.0     88   26.8   22.5     77  17.50    265      8  299.9  351.4  303.1
  977.0    294   25.9   19.9     70  15.22    255     14  301.1  346.0  303.8
  925.0    777   23.8   13.8     53  10.83    260     21  303.6  336.2  305.6
  919.0    834   23.4   14.4     57  11.34    261     20  303.8  337.8  305.9
  909.0    929   22.8   13.8     57  11.02    262     17  304.1  337.3  306.1
  887.0   1142   23.0   12.0     50  10.03    264     12  306.5  337.0  308.3
  881.0   1201   22.5   11.8     51   9.99    265     11  306.6  337.0  308.4
  850.0   1511   20.0   11.0     56   9.79    245     11  307.1  337.0  308.9
  841.0   1603   19.2   11.2     60  10.03    241     12  307.2  337.8  309.0
  794.0   2094   16.5   11.3     71  10.69    220     17  309.3  342.2  311.3
  783.0   2213   15.8   11.3     75  10.85    219     17  309.9  343.3  311.9
  762.0   2444   14.8    7.8     63   8.79    217     16  311.2  338.6  312.9
  700.0   3155    9.6    5.4     75   8.10    210     14  313.1  338.5  314.6
  688.0   3298    8.6    4.3     74   7.62    210     12  313.5  337.6  315.0
  671.0   3506    7.2    2.7     73   6.98    220     11  314.2  336.4  315.5
  640.0   3893    4.8    1.7     80   6.79    240      9  315.7  337.4  317.0
  607.0   4326    2.0    0.5     90   6.58    212      9  317.3  338.5  318.6
  604.0   4366    1.6    0.1     90   6.42    209      9  317.3  338.0  318.6
  594.0   4501    1.7   -0.5     85   6.25    200      9  318.9  339.2  320.1
  581.0   4680    1.8   -1.3     80   6.03    194      8  321.1  340.9  322.3
  572.0   4806    1.2   -1.9     80   5.88    190      8  321.8  341.2  322.9
  555.0   5049    0.0   -2.9     81   5.60    210      6  323.2  341.8  324.3
  551.0   5107   -0.3   -3.2     81   5.50    215      5  323.4  341.7  324.5
  531.0   5402   -2.1   -5.0     81   5.00    190      4  324.7  341.5  325.7
  511.0   5708   -4.0   -6.8     81   4.52    205      5  326.1  341.4  326.9
  510.0   5724   -4.1   -6.9     81   4.50    211      5  326.1  341.4  327.0
  500.0   5880   -5.1   -8.9     75   3.92    270      3  326.8  340.2  327.5
  499.0   5896   -5.1   -9.8     70   3.66    281      3  326.9  339.5  327.7
  492.0   6006   -5.3  -10.0     69   3.64    355      1  328.0  340.6  328.7
  479.0   6216   -5.7  -10.5     69   3.61     49      3  330.1  342.6  330.8
  474.0   6296   -6.2  -10.9     70   3.54     70      4  330.4  342.7  331.1
  422.0   7189  -11.9  -14.9     79   2.88     70      7  334.3  344.6  334.9
  400.0   7600  -14.5  -16.7     83   2.60     50     10  336.1  345.4  336.6
  376.0   8067  -17.7  -18.6     93   2.36     32      6  337.8  346.4  338.3
  374.0   8106  -18.0  -18.9     93   2.32     30      6  337.9  346.4  338.4
  334.0   8943  -24.1  -24.4     97   1.60     65      7  340.7  346.7  341.0
  318.0   9300  -25.9  -28.4     80   1.16     80      8  342.9  347.4  343.2
  315.0   9369  -26.3  -29.2     76   1.09     81      8  343.4  347.6  343.6
  309.0   9508  -27.3  -29.0     85   1.13     82      9  343.9  348.3  344.1
  302.0   9672  -28.7  -30.5     84   1.01     84     10  344.2  348.1  344.4
  300.0   9720  -28.9  -30.8     84   0.98     85     10  344.5  348.4  344.7
  294.0   9865  -29.3  -37.3     46   0.53     86     11  346.0  348.1  346.1
  280.0  10211  -32.3  -42.0     37   0.34     90     12  346.6  348.0  346.6
  278.0  10262  -32.7  -42.7     36   0.32     93     12  346.6  348.0  346.7
  257.0  10808  -37.4  -43.6     53   0.31    125      9  347.5  348.9  347.6
  250.0  11000  -39.1  -43.9     60   0.31    105      6  347.8  349.1  347.9
  247.0  11083  -40.1  -44.7     61   0.29     94      7  347.5  348.7  347.6
  246.0  11110  -40.3                          90      7  347.6         347.6
  236.0  11387  -42.6                          90     11  348.2         348.2
  206.0  12293  -50.2                         125     24  350.1         350.1
  200.0  12490  -51.9                         125     27  350.4         350.4
  179.0  13180  -58.1                         130     31  351.5         351.5
  150.0  14280  -68.1                         120     41  352.6         352.6
  133.0  14986  -74.1                         105     51  354.2         354.2
  131.0  15075  -74.9                         103     52  354.3         354.3
  100.0  16600  -83.7                          75     63  365.8         365.8
   97.0  16769  -84.7                          70     63  367.1         367.1
   94.5  16914  -85.5                          70     60  368.2         368.2
   90.6  17148  -82.5                          67     42  378.6         378.6
   87.0  17375  -82.7                          65     25  382.6         382.6
   82.0  17707  -83.1                         125      6  388.4         388.4
   81.4  17748  -83.1                         129      7  389.1         389.1
   78.0  17988  -81.9                         150     13  396.4         396.4
   76.4  18104  -81.3                         136     15  400.0         400.0
   74.2  18271  -75.9                         117     19  414.7         414.7
   74.0  18287  -75.9                         115     19  415.1         415.1
   70.0  18610  -75.3                         100     13  423.0         423.0
   67.0  18864  -76.4                         120      6  425.9         425.9
   66.2  18933  -76.7                         131      7  426.7         426.7
   63.0  19222  -75.3                         175     12  435.8         435.8
   60.0  19506  -74.0                         125     12  444.9         444.9
   58.1  19693  -73.1                         122     10  451.1         451.1
   57.0  19805  -73.6                         120      9  452.5         452.5
   55.3  19983  -74.3                          92     13  454.7         454.7
   54.0  20123  -72.8                          70     16  461.1         461.1
   52.0  20347  -70.6                          65     23  471.5         471.5
   51.1  20450  -69.5                          72     21  476.3         476.3
   50.0  20580  -69.3                          80     19  479.8         479.8
   49.0  20700  -69.5                          90     19  482.0         482.0
   44.2  21311  -70.7                          93     22  493.6         493.6
   42.0  21612  -71.0                          95     24  500.1         500.1
   41.1  21740  -71.1                          93     27  502.9         502.9
   40.1  21885  -70.5                          90     30  508.0         508.0
   38.6  22114  -65.1                          87     34  527.2         527.2
   38.0  22210  -64.7                          85     36  530.7         530.7
   31.0  23468  -58.8                          95     41  578.2         578.2
   30.0  23670  -57.9                          90     41  586.2         586.2
   29.8  23712  -57.7                          89     40  587.9         587.9
   29.0  23884  -57.2                          85     37  593.9         593.9
   26.6  24430  -55.5                          93     26  613.5         613.5
   26.0  24574  -56.0                          95     23  616.2         616.2
   24.1  25054  -57.5                          91     30  625.2         625.2
   20.0  26240  -52.9                          80     48  673.5         673.5
   19.8  26305  -52.7                          80     48  676.0         676.0
   17.3  27174  -53.5                          86     52  700.1         700.1
   14.1  28503  -48.9                          95     59  757.8         757.8
   14.0  28550  -48.9                          95     59  759.1         759.1
   12.3  29398  -49.7                         105     68  785.1         785.1
   12.0                                       105     68                     
