-----------------------------------------------------------------------------
   PRES   HGHT   TEMP   DWPT   RELH   MIXR   DRCT   SKNT   THTA   THTE   THTV
    hPa     m      C      C      %    g/kg    deg   knot     K      K      K 
-----------------------------------------------------------------------------
 1007.0     24   28.8   25.9     84  21.45      0      0  301.4  364.9  305.2
 1000.0     81   27.8   23.9     79  19.09    285      5  300.9  357.4  304.4
  976.0    298   26.1   23.0     83  18.55    285     13  301.3  356.1  304.6
  967.0    381   25.4   22.7     85  18.34    279     13  301.4  355.7  304.7
  925.0    774   23.6   19.6     78  15.78    250     14  303.4  350.5  306.3
  911.0    908   22.8   18.7     78  15.12    245     14  303.9  349.2  306.7
  887.0   1142   21.4   17.1     76  14.03    249     13  304.8  346.9  307.4
  864.0   1370   18.6   14.8     79  12.40    253     12  304.2  341.4  306.5
  850.0   1511   18.4   13.7     74  11.72    255     12  305.4  340.8  307.6
  802.0   2009   16.8   11.8     72  10.96    251     11  308.8  342.4  310.9
  775.0   2301   16.2    2.2     39   5.82    248     10  311.2  329.6  312.3
  739.0   2703   13.8    5.0     55   7.45    245      9  312.8  336.3  314.2
  734.0   2761   13.4    5.4     58   7.72    249      9  313.0  337.3  314.5
  700.0   3159   11.8    4.8     62   7.76    275      8  315.5  340.2  317.0
  688.0   3303   11.3    4.1     61   7.51    285      9  316.6  340.6  318.0
  654.0   3726   10.0    2.0     58   6.81    292     11  319.7  341.8  321.0
  618.0   4190    6.9   -2.3     52   5.27    300     13  321.3  338.8  322.4
  595.0   4501    4.8   -5.1     49   4.42    335     13  322.4  337.2  323.3
  565.0   4925    2.0   -9.0     44   3.44    335     13  323.9  335.6  324.6
  553.0   5098    0.9   -9.5     46   3.37    335     13  324.6  336.1  325.3
  543.0   5244    0.0  -10.0     47   3.31    324     12  325.2  336.6  325.9
  513.0   5696   -3.0   -9.4     62   3.69    290     10  326.9  339.5  327.6
  501.0   5884   -4.3   -9.1     69   3.85    290     11  327.5  340.8  328.3
  500.0   5900   -4.3   -8.6     72   4.02    290     11  327.7  341.5  328.5
  458.0   6581   -9.5  -15.5     62   2.51    293     12  329.6  338.4  330.1
  454.0   6649   -9.9  -15.9     62   2.45    294     12  329.9  338.6  330.4
  453.0   6666   -9.9  -17.9     52   2.08    294     13  330.1  337.5  330.5
  439.0   6906  -11.3  -14.9     75   2.76    295     13  331.3  341.0  331.8
  406.0   7498  -15.3  -18.6     76   2.18    270     14  333.6  341.5  334.0
  400.0   7610  -15.9  -19.1     76   2.12    255     12  334.2  341.9  334.7
  390.0   7802  -16.2  -20.7     68   1.90    240      9  336.3  343.3  336.7
  386.0   7880  -16.3  -21.3     65   1.82    241      9  337.1  343.9  337.5
  377.0   8059  -17.3  -26.3     45   1.19    244     10  338.1  342.6  338.3
  375.0   8099  -17.6  -26.6     45   1.16    245     10  338.2  342.6  338.4
  360.0   8403  -19.9  -29.3     43   0.94    275     10  339.1  342.8  339.3
  341.0   8808  -22.9  -32.9     40   0.71    255     11  340.3  343.1  340.4
  319.0   9296  -26.9  -32.7     58   0.77    230     12  341.3  344.3  341.4
  315.0   9388  -27.7  -32.7     62   0.78    230     11  341.4  344.5  341.6
  300.0   9740  -29.1  -40.1     34   0.39    230      6  344.2  345.9  344.3
  296.0   9835  -29.5  -41.5     30   0.34    224      5  345.0  346.4  345.1
  293.0   9906  -30.1  -42.3     29   0.32    220      5  345.2  346.6  345.3
  281.0  10197  -32.3  -45.6     26   0.23    280      3  346.1  347.1  346.1
  269.0  10501  -34.7  -49.0     22   0.17    290      4  347.0  347.7  347.0
  250.0  11010  -38.7  -54.7     17   0.09    215      5  348.4  348.8  348.4
  247.0  11093  -39.5  -53.1     22   0.11    205      5  348.4  348.8  348.4
  245.0  11148  -40.1  -52.1     27   0.13    200      6  348.3  348.9  348.3
  216.0  11987  -46.9                         130     15  350.5         350.5
  200.0  12500  -51.1                         130     20  351.7         351.7
  179.0  13198  -57.0                         115     24  353.3         353.3
  150.0  14310  -66.5                          95     42  355.3         355.3
  148.0  14389  -67.2                          95     40  355.5         355.5
  120.0  15618  -78.0                          80     45  357.6         357.6
  118.0  15716  -78.9                          78     46  357.7         357.7
  112.0  16011  -81.3                          70     51  358.6         358.6
  108.0  16216  -80.6                          65     54  363.7         363.7
  100.0  16650  -79.1                          70     20  374.6         374.6
   97.0  16820  -80.3                          80     17  375.6         375.6
   88.0  17365  -84.1                          90     36  378.5         378.5
   87.2  17416  -84.5                          85     36  378.8         378.8
   79.5  17935  -77.3                          48     13  403.7         403.7
   79.0  17971  -77.4                          45     11  404.3         404.3
   70.7  18603  -78.7                         100      9  414.5         414.5
   70.0  18660  -78.5                         105      9  416.1         416.1
   67.0  18913  -77.2                         115     11  424.2         424.2
   58.0  19747  -72.9                         115     22  451.7         451.7
   57.6  19787  -72.7                         114     23  453.1         453.1
   55.0  20059  -72.3                         110     29  460.0         460.0
   50.0  20620  -71.5                          95     13  474.6         474.6
   49.2  20715  -71.5                          96     12  476.8         476.8
   47.0  20988  -70.5                         100     10  485.4         485.4
   43.6  21435  -68.9                          92     17  499.9         499.9
   43.0  21519  -68.0                          90     18  504.0         504.0
   40.3  21912  -64.1                          67     13  523.3         523.3
   39.0  22115  -63.7                          55     10  529.3         529.3
   37.0  22441  -62.9                          95     10  539.2         539.2
   33.0  23150  -61.4                          70     19  561.2         561.2
   30.0  23740  -60.1                          95     33  580.2         580.2
   29.0  23953  -59.6                         105     38  587.2         587.2
   26.0  24638  -58.0                          90     40  610.4         610.4
   23.5  25273  -56.5                          93     39  632.7         632.7
   22.0  25692  -54.6                          95     39  650.4         650.4
   21.8  25750  -54.3                          95     39  652.9         652.9
   20.7  26085  -49.5                          98     42  677.2         677.2
   20.0  26310  -48.5                         100     43  687.0         687.0
   17.1  27344  -46.7                          96     50  724.1         724.1
   16.0  27783  -47.0                          95     53  737.1         737.1
   11.4  30021  -48.4                         110     61  807.0         807.0
   11.1  30197  -48.5                         110     61  812.8         812.8
   11.0                                       110     61                     
