-----------------------------------------------------------------------------
   PRES   HGHT   TEMP   DWPT   RELH   MIXR   DRCT   SKNT   THTA   THTE   THTV
    hPa     m      C      C      %    g/kg    deg   knot     K      K      K 
-----------------------------------------------------------------------------
 1007.0     24   26.6   24.5     88  19.67      0      0  299.1  356.8  302.7
 1000.0     87   26.4   23.3     83  18.39    285      7  299.6  353.5  302.8
  976.0    300   25.3   21.6     80  16.94    280     19  300.5  350.4  303.6
  925.0    769   22.8   17.8     73  14.06    270     24  302.6  344.4  305.2
  891.0   1096   20.8   16.6     77  13.52    261     23  303.8  344.2  306.3
  853.0   1475   20.2   13.2     64  11.30    251     22  307.0  341.3  309.1
  850.0   1506   20.0   13.0     64  11.19    250     22  307.1  341.1  309.1
  793.0   2096   16.5   10.2     66   9.95    240     16  309.5  340.2  311.3
  700.0   3155   10.2    5.2     71   7.98    275     15  313.8  338.9  315.3
  667.0   3556    8.2    4.2     76   7.81    289     18  315.9  340.7  317.4
  664.0   3593    7.9    4.1     77   7.78    290     18  315.9  340.7  317.4
  623.0   4116    3.8    2.4     91   7.36    289     17  317.0  340.6  318.4
  556.0   5035    0.0   -0.8     94   6.54    287     16  323.0  344.6  324.3
  535.0   5343   -1.3   -2.3     93   6.08    286     16  325.0  345.3  326.2
  500.0   5880   -4.1   -5.0     93   5.31    285     15  328.0  345.9  329.0
  434.0   6985   -9.9  -11.1     91   3.80    281     13  334.1  347.5  334.9
  422.0   7200  -11.3  -12.7     90   3.45    280     12  335.1  347.3  335.8
  406.0   7496  -13.2  -14.8     88   3.01    260     12  336.4  347.1  337.0
  400.0   7610  -13.9  -15.6     87   2.85    260     13  336.8  347.1  337.4
  346.0   8699  -20.6  -22.9     82   1.77    305     12  342.1  348.7  342.4
  345.0   8721  -20.7  -23.0     82   1.75    305     12  342.2  348.8  342.5
  319.0   9292  -25.1  -27.7     79   1.24    295     13  343.8  348.6  344.1
  306.0   9596  -27.4  -30.2     77   1.02    310     10  344.7  348.7  344.9
  300.0   9740  -28.5  -31.4     76   0.93    305      8  345.1  348.8  345.3
  269.0  10500  -34.7  -37.9     73   0.54    295      8  347.0  349.2  347.1
  258.0  10791  -37.1  -40.4     71   0.44    305     10  347.6  349.4  347.7
  250.0  11010  -38.9  -42.3     70   0.37    285     10  348.1  349.6  348.2
  246.0  11121  -39.9  -43.9     65   0.32    271      9  348.2  349.6  348.3
  226.0  11686  -44.9                         200      4  349.1         349.1
  216.0  11987  -47.6                         195      4  349.5         349.5
  206.0  12303  -50.4                         165      4  349.9         349.9
  200.0  12500  -52.1                         150      7  350.1         350.1
  188.0  12887  -55.4                         165     11  351.0         351.0
  155.0  14095  -65.7                         110     20  353.3         353.3
  150.0  14300  -67.5                         105     20  353.6         353.6
  133.0  15009  -74.1                         107     31  354.2         354.2
  108.0  16185  -81.4                         110     51  362.2         362.2
  100.0  16620  -84.1                         100     53  365.0         365.0
   92.0  17083  -85.8                         100     61  370.4         370.4
   91.8  17095  -85.9                         100     61  370.5         370.5
   90.8  17156  -86.1                         100     61  371.2         371.2
   84.3  17571  -81.3                          90     36  388.9         388.9
   78.0  18012  -80.4                          80     10  399.6         399.6
   77.5  18049  -80.3                          71     10  400.5         400.5
   74.0  18316  -76.1                          10     10  414.6         414.6
   73.2  18378  -75.1                         357     11  418.0         418.0
   70.0  18640  -74.7                         305     16  424.2         424.2
   64.0  19159  -75.9                         290     10  432.7         432.7
   63.9  19168  -75.9                         291     10  432.8         432.8
   60.0  19532  -75.3                         325      9  442.0         442.0
   58.6  19668  -75.1                           6      7  445.5         445.5
   57.0  19831  -74.2                          55      5  451.1         451.1
   54.0  20148  -72.3                         100     14  462.4         462.4
   50.0  20600  -69.7                          70     25  478.8         478.8
   49.8  20624  -69.7                          70     25  479.4         479.4
   49.3  20684  -67.3                          70     26  486.4         486.4
   49.0  20721  -67.3                          70     27  487.3         487.3
   45.0  21236  -67.0                          95     25  500.0         500.0
   38.6  22163  -66.5                          95     35  523.7         523.7
   37.0  22423  -65.6                          95     38  532.5         532.5
   30.0  23710  -60.9                          85     35  578.0         578.0
   26.0  24607  -58.3                          70     45  609.6         609.6
   25.0  24852  -57.6                          85     35  618.5         618.5
   24.1  25082  -56.9                          84     34  627.0         627.0
   21.0  25952  -57.2                          80     32  651.1         651.1
   20.4  26135  -57.3                          83     33  656.3         656.3
   20.0  26260  -56.9                          85     34  661.3         661.3
   17.0  27294  -55.0                          95     57  698.6         698.6
   16.5  27484  -54.7                                     705.7         705.7
