-----------------------------------------------------------------------------
   PRES   HGHT   TEMP   DWPT   RELH   MIXR   DRCT   SKNT   THTA   THTE   THTV
    hPa     m      C      C      %    g/kg    deg   knot     K      K      K 
-----------------------------------------------------------------------------
 1007.0     24   29.0   26.1     84  21.71    280      3  301.6  366.0  305.4
 1000.0     82   28.6   24.5     79  19.82    275      6  301.8  360.5  305.3
  931.0    714   23.6   21.1     86  17.24    261     16  302.9  354.2  306.0
  925.0    771   23.2   20.2     83  16.40    260     17  303.0  351.8  306.0
  873.0   1273   21.0   15.0     69  12.43    257     16  305.8  343.3  308.1
  850.0   1503   19.6   15.1     75  12.86    255     15  306.7  345.6  309.0
  765.0   2398   13.9   10.8     81  10.74    220      7  309.9  343.0  311.9
  741.0   2669   12.2    9.5     84  10.16    189      7  310.9  342.3  312.8
  712.0   3002   10.7    4.9     68   7.71    150      7  312.7  337.0  314.2
  700.0   3144   10.0    3.0     62   6.83    145      8  313.5  335.2  314.8
  687.0   3298    9.2    1.7     59   6.33    135      8  314.3  334.5  315.5
  639.0   3895    6.0   -3.4     51   4.67    175     11  317.2  332.5  318.1
  625.0   4078    5.0   -5.0     48   4.24    208     10  318.1  332.1  318.9
  616.0   4196    4.4   -4.7     52   4.39    230     10  318.7  333.2  319.6
  605.0   4342    3.6   -4.4     56   4.59    232      9  319.5  334.6  320.4
  594.0   4491    3.5   -8.1     42   3.50    235      8  321.0  332.8  321.7
  584.0   4629    3.4  -11.6     32   2.71    230      8  322.5  331.8  323.0
  565.0   4896    1.8  -16.2     25   1.92    219      9  323.7  330.4  324.0
  550.0   5112    0.0  -10.0     47   3.27    211     10  324.0  335.2  324.7
  544.0   5200   -0.7  -11.7     43   2.89    208     10  324.2  334.1  324.8
  543.0   5215   -0.7  -14.7     34   2.26    207     10  324.4  332.3  324.8
  541.0   5244   -0.9  -12.9     40   2.63    206     11  324.5  333.6  325.0
  531.0   5392   -1.5  -14.7     36   2.32    200     11  325.5  333.7  326.0
  511.0   5697   -2.6  -18.3     29   1.79    250     10  327.7  334.1  328.1
  500.0   5870   -3.3  -20.3     26   1.53    260      9  328.9  334.5  329.3
  494.0   5966   -3.7  -21.7     23   1.37    265      8  329.6  334.6  329.9
  485.0   6111   -4.9  -15.9     42   2.29    271      7  329.9  338.0  330.3
  480.0   6193   -5.1  -22.1     25   1.36    275      7  330.6  335.6  330.9
  477.0   6242   -5.5  -16.5     42   2.22    278      6  330.7  338.6  331.1
  474.0   6292   -5.8  -18.2     37   1.93    280      6  331.0  337.9  331.4
  465.0   6442   -6.5  -23.5     25   1.24    253      6  331.9  336.5  332.1
  457.0   6578   -7.1  -23.1     27   1.31    228      7  332.8  337.6  333.0
  456.0   6596   -7.2  -24.4     24   1.17    225      7  332.9  337.2  333.1
  452.0   6664   -7.5  -29.5     15   0.74    235      7  333.3  336.1  333.4
  445.0   6786   -8.5  -24.5     26   1.19    254      6  333.5  338.0  333.8
  439.0   6892   -8.8  -26.9     22   0.97    270      6  334.5  338.2  334.7
  428.0   7089   -9.3  -31.3     15   0.66    275      7  336.2  338.8  336.4
  406.0   7495  -11.9  -30.8     19   0.72    285      8  337.9  340.8  338.1
  400.0   7610  -12.7  -30.7     21   0.75    280      6  338.4  341.3  338.6
  392.0   7763  -14.3  -28.3     29   0.95    272      5  338.3  341.9  338.5
  380.0   7997  -15.7  -37.7     13   0.39    260      4  339.4  341.0  339.5
  375.0   8096  -16.4  -39.1     12   0.34    255      4  339.8  341.2  339.9
  367.0   8257  -17.5  -41.5     10   0.28    273      4  340.4  341.6  340.5
  360.0   8400  -18.8  -40.7     13   0.31    290      4  340.6  341.9  340.7
  357.0   8463  -19.3  -40.3     14   0.32    287      4  340.7  342.0  340.8
  354.0   8525  -19.7  -42.7     11   0.25    284      4  341.0  342.1  341.1
  351.0   8588  -20.1  -41.1     14   0.30    280      4  341.3  342.5  341.4
  349.0   8630  -20.3  -37.3     20   0.45    278      4  341.6  343.4  341.7
  348.0   8651  -20.5  -30.5     40   0.87    277      4  341.6  345.0  341.8
  346.0   8694  -20.7  -29.6     45   0.96    275      4  341.9  345.6  342.1
  339.0   8844  -21.5  -26.2     66   1.34    344      3  342.8  347.9  343.1
  332.0   8996  -22.5  -27.3     65   1.23     55      2  343.4  348.2  343.7
  319.0   9288  -24.5  -29.5     63   1.05      0      1  344.6  348.7  344.9
  306.0   9588  -26.7  -37.3     36   0.51    120      4  345.6  347.7  345.8
  305.0   9612  -26.9  -37.9     35   0.48    122      4  345.7  347.7  345.8
  300.0   9730  -27.7  -40.7     28   0.37    130      4  346.2  347.8  346.3
  293.0   9898  -29.2  -39.2     37   0.44    140      5  346.4  348.2  346.5
  284.0  10121  -31.3  -37.3     55   0.55    113      6  346.5  348.8  346.6
  269.0  10502  -34.5  -40.5     54   0.42     65      8  347.3  349.1  347.4
  267.0  10555  -34.9  -40.9     54   0.40     65      8  347.4  349.1  347.5
  263.0  10660  -35.9  -42.9     49   0.33     65      7  347.5  348.9  347.6
  261.0  10713  -36.3  -46.3     35   0.23     65      7  347.6  348.6  347.7
  258.0  10793  -36.9  -48.8     28   0.18     65      6  347.9  348.7  348.0
  250.0  11010  -38.5  -55.5     15   0.08     95      8  348.7  349.1  348.7
  247.0  11092  -39.2  -54.7     18   0.09     90     10  348.9  349.3  348.9
  244.0  11176  -39.9  -53.9     21   0.10     90     11  349.0  349.5  349.0
  200.0  12500  -49.9                          90     33  353.6         353.6
  197.0  12595  -50.8                          85     32  353.7         353.7
  150.0  14310  -66.7                          90     34  355.0         355.0
  134.0  14970  -72.5                          80     41  356.4         356.4
  119.0  15665  -78.5                          73     49  357.6         357.6
  114.0  15906  -79.8                          70     52  359.6         359.6
  103.0  16474  -82.8                          85     27  364.4         364.4
  100.0  16640  -83.7                          90     25  365.8         365.8
   99.5  16668  -83.9                          90     25  365.9         365.9
   97.0  16810  -83.8                          95     28  368.7         368.7
   87.0  17419  -83.6                          60     11  380.8         380.8
   83.0  17682  -83.5                         120     17  386.1         386.1
   81.8  17764  -83.5                         102     16  387.8         387.8
   79.3  17939  -80.1                          65     15  398.3         398.3
   79.0  17961  -80.1                          60     15  398.7         398.7
   71.0  18569  -80.3                          25     14  410.7         410.7
   70.1  18642  -80.3                          21     13  412.1         412.1
   70.0  18650  -80.3                          20     13  412.3         412.3
   67.0  18901  -79.1                         355      4  420.2         420.2
   64.0  19163  -77.8                         105     12  428.6         428.6
   60.0  19532  -75.9                          80     18  440.6         440.6
   58.7  19658  -75.3                          82     18  444.8         444.8
   57.0  19831  -73.3                          85     19  453.1         453.1
   54.0  20149  -69.6                         135     16  468.6         468.6
   53.9  20160  -69.5                         134     16  469.1         469.1
   50.0  20610  -67.7                         110     20  483.5         483.5
   49.1  20719  -67.1                         105     20  487.5         487.5
   45.3  21203  -68.5                          82     20  495.4         495.4
   42.0  21663  -64.8                          60     20  515.3         515.3
   38.7  22162  -60.9                          70     20  537.5         537.5
   37.0  22440  -61.0                          75     20  544.1         544.1
   33.0  23149  -61.4                          30     10  561.3         561.3
   32.0  23339  -61.5                          85     20  566.0         566.0
   31.4  23457  -61.5                          85     25  568.9         568.9
   30.0  23740  -59.7                          85     36  581.3         581.3
   27.7  24242  -55.1                          70     38  607.5         607.5
   27.0  24405  -55.1                          65     38  612.1         612.1
   21.7  25798  -54.7                          94     50  652.6         652.6
   20.0  26320  -52.9                         105     54  673.5         673.5
   19.8  26385  -53.1                         104     55  674.8         674.8
   17.6  27155  -45.9                          93     64  720.8         720.8
   17.0  27385  -46.2                          90     67  727.0         727.0
   15.2  28127  -47.1                          91     67  747.6         747.6
   10.0  30930  -41.3                          95     69  864.2         864.2
    9.9  30998  -40.5                                     869.7         869.7
