-----------------------------------------------------------------------------
   PRES   HGHT   TEMP   DWPT   RELH   MIXR   DRCT   SKNT   THTA   THTE   THTV
    hPa     m      C      C      %    g/kg    deg   knot     K      K      K 
-----------------------------------------------------------------------------
 1010.0     24   28.0   24.1     79  19.14    290      2  300.3  356.7  303.7
 1000.0    112   27.2   23.1     78  18.17    300      8  300.4  353.9  303.6
  956.0    510   24.0   21.2     84  16.89    288     27  301.0  350.8  304.0
  946.0    602   23.6   20.2     81  16.00    285     31  301.4  348.8  304.3
  925.0    799   22.6   18.0     75  14.24    285     30  302.4  344.7  305.0
  868.0   1350   20.6   15.6     73  13.01    266     24  305.9  345.1  308.3
  850.0   1531   21.2   13.2     60  11.34    260     22  308.3  343.0  310.4
  845.0   1582   21.4   12.4     56  10.82    259     21  309.1  342.3  311.1
  768.0   2394   15.1    9.5     69   9.77    245      7  310.8  341.1  312.7
  741.0   2698   12.8    8.3     75   9.39    225      7  311.5  340.7  313.2
  715.0   3002   10.4    7.2     81   9.02    230     10  312.1  340.2  313.8
  700.0   3182    9.0    6.6     85   8.81    245     12  312.4  340.0  314.1
  697.0   3218    8.6    6.5     87   8.79    249     13  312.4  339.8  314.0
  690.0   3302    8.4    6.0     85   8.59    260     14  313.1  340.0  314.7
  662.0   3646    7.8    4.1     77   7.82    265     15  316.1  341.0  317.6
  617.0   4225    3.8    2.5     91   7.48    273     17  317.9  342.0  319.4
  555.0   5085    0.2   -2.1     85   5.95    285     20  323.4  343.1  324.6
  537.0   5350    0.0   -8.0     55   3.92    289     21  326.2  339.6  327.0
  533.0   5410   -0.5   -7.7     58   4.03    290     21  326.3  340.1  327.1
  516.0   5670   -2.7   -6.6     75   4.55    282     22  326.7  342.2  327.6
  500.0   5920   -4.1   -7.7     76   4.31    275     22  328.0  342.7  328.8
  476.0   6307   -5.4   -9.2     75   4.03    275     19  331.0  345.0  331.8
  474.0   6340   -5.5   -9.3     75   4.01    276     19  331.3  345.2  332.1
  424.0   7204  -11.4  -17.0     63   2.39    290     16  334.5  343.1  335.0
  415.0   7370  -12.5  -18.5     61   2.15    284     17  335.1  342.9  335.6
  400.0   7650  -14.3  -17.6     76   2.41    275     19  336.3  345.1  336.8
  385.0   7938  -16.5  -18.6     84   2.30    267     17  337.1  345.5  337.6
  351.0   8624  -20.9  -24.6     72   1.49    247     12  340.2  345.9  340.5
  347.0   8708  -21.5  -24.8     75   1.48    245     11  340.5  346.1  340.8
  335.0   8966  -23.5  -25.4     84   1.46    258      9  341.2  346.7  341.5
  333.0   9009  -23.8  -26.0     82   1.39    260      9  341.4  346.6  341.6
  317.0   9366  -26.5  -30.7     68   0.94    236      8  342.5  346.1  342.7
  307.0   9595  -28.1  -31.1     76   0.93    220      8  343.4  347.0  343.5
  300.0   9760  -29.3  -31.4     82   0.93    210      5  344.0  347.6  344.2
  282.0  10191  -32.7  -35.4     76   0.67    130      6  345.2  347.9  345.4
  250.0  11030  -39.3  -43.3     66   0.33    120     16  347.5  348.9  347.6
  247.0  11113  -40.1  -43.8     68   0.32    119     16  347.5  348.9  347.6
  207.0  12291  -50.3                         100     10  349.5         349.5
  200.0  12520  -52.3                         105     12  349.8         349.8
  180.0  13186  -58.2                         115     24  350.8         350.8
  171.0  13510  -61.1                         105     30  351.2         351.2
  163.0  13802  -63.2                          95     36  352.5         352.5
  150.0  14310  -66.9                          95     47  354.6         354.6
  114.0  15894  -77.9                          90     61  363.2         363.2
  100.0  16650  -83.1                          95     47  366.9         366.9
   96.2  16866  -84.1                         100     42  369.1         369.1
   92.0  17117  -80.9                          95     37  380.1         380.1
   89.9  17246  -79.3                          87     25  385.8         385.8
   88.0  17367  -79.5                          80     13  387.7         387.7
   83.0  17699  -80.2                         305      4  392.8         392.8
   79.0  17979  -80.8                         355      7  397.2         397.2
   77.3  18102  -81.1                           8      7  399.1         399.1
   75.0  18274  -78.4                          25      8  408.2         408.2
   74.6  18304  -77.9                          33      8  409.9         409.9
   71.9  18515  -78.5                          87     11  413.0         413.0
   71.0  18588  -76.2                         105     12  419.4         419.4
   70.6  18620  -75.1                         103     12  422.4         422.4
   70.0  18670  -74.5                         100     12  424.7         424.7
   67.0  18926  -74.2                          60      9  430.6         430.6
   64.0  19194  -74.0                          95     12  436.9         436.9
   58.0  19769  -73.4                          90     14  450.7         450.7
   53.6  20230  -72.9                          87     17  462.0         462.0
   50.0  20640  -70.5                          85     20  476.9         476.9
   48.4  20833  -69.9                          74     24  482.8         482.8
   47.0  21009  -66.6                          65     27  494.8         494.8
   46.8  21034  -66.1                          66     27  496.6         496.6
   41.0  21846  -62.3                          85     30  525.3         525.3
   38.3  22264  -60.3                          82     27  540.6         540.6
   37.0  22478  -60.5                          80     26  545.5         545.5
   35.0  22823  -60.8                         100     18  553.4         553.4
   33.0  23188  -61.1                         102     20  562.0         562.0
   30.0  23780  -59.9                         105     22  580.8         580.8
   26.0  24681  -58.8                         105     27  608.1         608.1
   23.0  25454  -57.8                          95     34  632.6         632.6
   22.0  25734  -57.5                          97     38  641.7         641.7
   20.0  26340  -55.7                         100     47  664.9         664.9
   19.4  26535  -54.1                          97     47  675.7         675.7
   19.0  26668  -54.2                          95     47  679.5         679.5
   17.5  27195  -54.5                          94     50  694.6         694.6
   15.9  27814  -50.5                          93     55  727.0         727.0
   14.5  28413  -51.7                          93     58  742.3         742.3
   13.2  29027  -48.3                          92     62  774.2         774.2
   12.4  29439  -47.5                          91     65  791.0         791.0
   11.7  29823  -47.3                          91     67  805.0         805.0
   11.4  29995  -47.1                          90     69  811.7         811.7
   11.1  30171  -47.5                          90     70  816.4         816.4
   11.0  30231  -47.3                          90     70  819.3         819.3
   10.9  30291  -49.2                          90     70  814.5         814.5
   10.8  30351  -51.1                          92     65  809.7         809.7
   10.7  30412  -52.1                          93     61  808.2         808.2
   10.6  30472  -54.3                          95     56  802.3         802.3
   10.5  30532  -56.5                          97     51  796.4         796.4
   10.4  30592  -64.1                          98     47  770.6         770.6
   10.0                                       105     27                     
