-----------------------------------------------------------------------------
   PRES   HGHT   TEMP   DWPT   RELH   MIXR   DRCT   SKNT   THTA   THTE   THTV
    hPa     m      C      C      %    g/kg    deg   knot     K      K      K 
-----------------------------------------------------------------------------
 1011.0     24   29.6   25.5     79  20.84    290      6  301.8  363.7  305.6
 1010.0     33   28.4   22.4     70  17.21    289      6  300.7  351.5  303.8
 1000.0    121   27.6   22.7     75  17.72    275      9  300.8  353.0  303.9
  947.0    599   24.7   19.0     71  14.83    295     18  302.5  346.6  305.2
  925.0    805   23.4   17.4     69  13.70    290     19  303.2  344.1  305.7
  850.0   1541   18.6   13.9     74  11.88    270     16  305.6  341.5  307.8
  836.0   1684   17.4   13.4     77  11.69    270     16  305.8  341.1  307.9
  825.0   1797   17.1   12.7     75  11.30    270     16  306.7  340.9  308.8
  762.0   2474   15.4    8.4     63   9.16    284     14  311.9  340.4  313.6
  716.0   2999   11.9    4.9     62   7.63    295     12  313.6  337.7  315.0
  700.0   3189   10.6    3.6     62   7.13    290     12  314.2  336.8  315.5
  682.0   3406    8.8    3.8     71   7.42    288     13  314.5  338.1  315.9
  619.0   4203    4.2   -0.7     71   5.92    280     16  318.1  337.3  319.2
  591.0   4583    2.0   -2.8     71   5.30    278     15  319.8  337.1  320.8
  572.0   4847    0.8   -7.2     55   3.91    276     14  321.4  334.5  322.1
  565.0   4946    0.0   -4.5     72   4.88    276     14  321.6  337.7  322.5
  554.0   5103   -0.9   -5.1     73   4.74    275     13  322.3  338.1  323.2
  534.0   5396   -2.5   -6.3     76   4.51    270      8  323.7  338.8  324.6
  514.0   5701   -4.3   -7.5     78   4.27    295      3  325.2  339.6  326.0
  507.0   5810   -4.9   -7.9     79   4.18    293      3  325.7  339.9  326.5
  500.0   5920   -5.1   -8.8     75   3.95    290      2  326.8  340.3  327.5
  495.0   5998   -5.4   -9.7     72   3.71    280      2  327.3  340.0  328.0
  476.0   6304   -6.7  -13.3     59   2.89     50      3  329.4  339.5  329.9
  465.0   6486   -7.5  -15.5     53   2.47     83      4  330.6  339.4  331.1
  458.0   6603   -8.5  -15.1     59   2.59    105      5  330.8  340.0  331.3
  441.0   6895  -10.9  -14.2     77   2.92     85      4  331.3  341.6  331.9
  440.0   6913  -11.1  -14.1     79   2.94     86      4  331.3  341.7  331.9
  424.0   7196  -11.9  -16.3     70   2.54    100      2  333.8  342.9  334.3
  407.0   7508  -12.8  -18.8     61   2.15    350      5  336.5  344.4  337.0
  406.0   7527  -12.9  -18.9     61   2.13    351      5  336.7  344.5  337.1
  400.0   7640  -13.5  -19.5     61   2.05    355      7  337.4  344.9  337.8
  376.0   8101  -17.0  -22.5     62   1.68    355     10  338.8  345.1  339.1
  362.0   8384  -19.1  -24.4     63   1.47     20      6  339.6  345.2  339.9
  331.0   9051  -24.1  -28.8     65   1.08     27      9  341.6  345.7  341.8
  300.0   9760  -29.5  -36.5     51   0.56     35     12  343.7  346.0  343.8
  294.0   9902  -30.6  -38.1     47   0.49     35      9  344.1  346.1  344.2
  282.0  10195  -32.8  -41.5     41   0.36     30      1  345.1  346.6  345.2
  270.0  10501  -35.1  -45.1     35   0.25    165      3  346.1  347.1  346.1
  259.0  10787  -37.7  -45.5     44   0.25     95     10  346.4  347.4  346.4
  250.0  11030  -39.9  -45.9     53   0.25     90     15  346.6  347.7  346.7
  227.0  11674  -45.0                          85     24  348.5         348.5
  200.0  12520  -51.7                         115     31  350.7         350.7
  180.0  13179  -57.3                         120     43  352.2         352.2
  150.0  14320  -67.1                         125     47  354.3         354.3
  140.0  14730  -71.1                         121     47  354.3         354.3
  127.0  15286  -74.8                         115     47  357.7         357.7
  100.0  16650  -83.9                          85     39  365.4         365.4
   98.0  16762  -84.4                          80     39  366.5         366.5
   93.9  16999  -85.5                          85     38  368.9         368.9
   89.4  17272  -82.7                          81     32  379.7         379.7
   84.4  17594  -83.9                          76     25  383.5         383.5
   83.0  17688  -83.0                          75     23  387.1         387.1
   79.7  17915  -80.9                         104     23  396.0         396.0
   79.0  17966  -77.4                         110     23  404.2         404.2
   78.5  18002  -74.9                         110     22  410.2         410.2
   70.0  18670  -75.5                         105     12  422.5         422.5
   64.0  19186  -77.1                         105     16  429.9         429.9
   63.4  19240  -77.3                         107     17  430.7         430.7
   58.6  19697  -72.9                         127     22  450.4         450.4
   58.0  19757  -72.8                         130     23  451.9         451.9
   50.0  20630  -71.7                         130     19  474.1         474.1
   49.0  20749  -72.0                         125     21  476.1         476.1
   48.8  20773  -72.1                         123     21  476.5         476.5
   45.4  21201  -68.5                          96     26  495.1         495.1
   43.8  21415  -68.9                          82     28  499.2         499.2
   43.0  21525  -67.7                          75     29  504.8         504.8
   42.2  21638  -66.5                          78     27  510.5         510.5
   39.0  22116  -65.7                          90     20  524.2         524.2
   35.6  22669  -64.7                          95     22  540.6         540.6
   33.0  23138  -61.3                         100     23  561.4         561.4
   30.7  23585  -58.1                         100     31  581.8         581.8
   30.0  23730  -57.1                         100     34  588.4         588.4
   26.8  24437  -59.7                          85     44  600.3         600.3
   24.0  25135  -54.5                          70     54  634.7         634.7
   23.6  25241  -53.7                          68     52  640.1         640.1
   22.0  25694  -52.2                          60     42  657.6         657.6
   20.2  26245  -50.3                          82     46  679.5         679.5
   20.0  26310  -50.1                          85     46  682.1         682.1
   19.0  26642  -51.1                          90     57  689.0         689.0
   16.8  27440  -53.5                          90     62  706.0         706.0
   15.0  28173  -51.6                          90     67  735.5         735.5
   14.9  28216  -51.5                          90     67  737.3         737.3
   14.4  28437  -50.9                                     746.5         746.5
