-----------------------------------------------------------------------------
   PRES   HGHT   TEMP   DWPT   RELH   MIXR   DRCT   SKNT   THTA   THTE   THTV
    hPa     m      C      C      %    g/kg    deg   knot     K      K      K 
-----------------------------------------------------------------------------
 1009.0     24   26.0   24.5     91  19.63      0      0  298.4  355.8  301.9
 1000.0    100   25.6   22.3     82  17.28    285     11  298.8  349.3  301.8
  984.0    243   24.0   21.4     85  16.60    281     18  298.5  347.0  301.5
  978.0    297   24.1   20.9     82  16.22    280     21  299.1  346.6  302.1
  960.0    460   24.4   19.5     74  15.10    277     21  301.0  345.6  303.8
  925.0    787   23.0   18.0     73  14.24    270     21  302.8  345.2  305.4
  913.0    900   22.2   17.5     74  13.95    265     19  303.2  344.8  305.7
  870.0   1319   19.4   15.5     78  12.89    272     14  304.4  343.1  306.8
  850.0   1519   19.4   15.1     76  12.86    275     12  306.4  345.4  308.8
  838.0   1642   19.0   14.3     74  12.38    274     12  307.3  344.9  309.6
  795.0   2089   16.4   12.0     75  11.19    270     10  309.1  343.5  311.2
  700.0   3168   10.0    6.4     78   8.69    240     12  313.5  340.8  315.2
  689.0   3299    9.3    5.7     78   8.41    245     13  314.2  340.7  315.8
  643.0   3871    6.4    2.7     77   7.28    261     15  317.1  340.5  318.5
  595.0   4500    2.4    0.4     87   6.66    280     17  319.6  341.2  320.9
  568.0   4877    0.0   -1.0     93   6.30    281     18  321.1  341.7  322.3
  500.0   5890   -5.3   -6.5     91   4.73    285     20  326.5  342.5  327.4
  475.0   6293   -7.1   -8.4     90   4.30    282     19  329.1  343.9  330.0
  422.0   7207  -12.5  -13.6     92   3.20    275     17  333.6  344.9  334.2
  400.0   7620  -14.9  -15.9     92   2.78    285     13  335.5  345.5  336.1
  390.0   7810  -15.9  -16.8     93   2.65    280     16  336.6  346.2  337.1
  372.0   8164  -17.9  -18.5     95   2.40    274     16  338.6  347.4  339.1
  319.0   9285  -26.0  -27.0     91   1.32    255     16  342.6  347.6  342.9
  304.0   9636  -28.5  -29.7     89   1.08    259     17  343.8  348.0  344.0
  300.0   9730  -29.3  -30.5     89   1.01    260     17  344.0  347.9  344.2
  293.0   9896  -30.6  -32.3     85   0.87    250     13  344.4  347.8  344.6
  269.0  10496  -35.5  -38.9     71   0.49    190      5  345.8  347.8  345.9
  258.0  10789  -37.9  -42.2     64   0.36    125     11  346.4  348.0  346.5
  250.0  11010  -39.7  -44.6     59   0.29    120     17  346.9  348.1  347.0
  249.0  11037  -39.9  -44.8     59   0.28    119     17  347.0  348.2  347.1
  206.0  12294  -50.5                          95     30  349.7         349.7
  200.0  12490  -52.1                         100     31  350.1         350.1
  150.0  14300  -66.3                         120     48  355.7         355.7
  140.0  14709  -69.8                         115     49  356.7         356.7
  132.0  15059  -72.7                         110     50  357.5         357.5
  103.0  16472  -81.6                          90     53  366.6         366.6
  100.0  16640  -82.7                          90     47  367.7         367.7
   92.0  17102  -85.4                          95     49  371.3         371.3
   91.6  17126  -85.5                          95     49  371.5         371.5
   85.4  17514  -83.3                          74     30  383.4         383.4
   83.0  17674  -81.5                          65     22  390.4         390.4
   80.8  17825  -79.7                          43     19  396.9         396.9
   79.0  17954  -76.1                          25     17  406.9         406.9
   78.0  18028  -75.5                          15     16  409.8         409.8
   74.0  18335  -72.8                          45     19  421.6         421.6
   73.6  18366  -72.5                          46     18  422.9         422.9
   71.0  18577  -73.7                          50     13  424.8         424.8
   70.0  18660  -74.1                          45     11  425.5         425.5
   67.9  18837  -75.3                          66      5  426.7         426.7
   67.0  18914  -75.1                          75      3  428.7         428.7
   64.0  19180  -74.4                          90     14  435.9         435.9
   61.2  19440  -73.7                          81     16  443.1         443.1
   58.0  19758  -69.5                          70     19  459.4         459.4
   57.1  19850  -68.3                          77     17  464.2         464.2
   55.0  20076  -67.7                          95     13  470.6         470.6
   52.0  20414  -66.8                          65     12  480.4         480.4
   50.0  20650  -66.1                          65     15  487.3         487.3
   48.4  20847  -64.3                          89     16  496.1         496.1
   47.0  21026  -64.7                         110     17  499.3         499.3
   43.2  21538  -65.9                         105     24  508.6         508.6
   43.0  21566  -65.8                         105     24  509.4         509.4
   41.0  21856  -65.2                          85     25  518.0         518.0
   35.2  22786  -63.1                          90     14  546.5         546.5
   35.0  22821  -63.2                          90     14  547.1         547.1
   33.0  23180  -64.5                         130     16  553.0         553.0
   32.4  23292  -64.9                         127     18  554.8         554.8
   30.0  23760  -64.9                         115     27  567.1         567.1
   24.0  25139  -60.1                          80     47  618.4         618.4
   22.9  25429  -59.1                                     629.7         629.7
