-----------------------------------------------------------------------------
   PRES   HGHT   TEMP   DWPT   RELH   MIXR   DRCT   SKNT   THTA   THTE   THTV
    hPa     m      C      C      %    g/kg    deg   knot     K      K      K 
-----------------------------------------------------------------------------
 1005.0     24   28.4   25.3     83  20.71      0      0  301.1  362.4  304.8
 1000.0     70   28.0   23.9     78  19.09    295      6  301.1  357.6  304.6
  975.0    294   26.2   22.8     82  18.31    285     14  301.5  355.7  304.8
  937.0    647   23.4   21.1     87  17.13    270     15  302.1  352.9  305.2
  925.0    760   23.0   20.1     84  16.29    265     15  302.8  351.3  305.8
  880.0   1198   20.6   17.1     80  14.13    255     18  304.7  347.1  307.3
  850.0   1502   19.0   15.0     78  12.77    255     19  306.0  344.6  308.4
  817.0   1842   17.6   11.6     68  10.61    249     14  308.0  340.5  310.0
  806.0   1958   18.6    4.6     40   6.64    247     12  310.3  331.1  311.5
  765.0   2402   15.6    0.9     37   5.39    240      6  311.7  328.9  312.7
  744.0   2638   14.0   -1.0     36   4.80    260      9  312.5  327.9  313.4
  739.0   2695   13.6    1.1     42   5.64    265     10  312.6  330.6  313.7
  726.0   2844   12.6    6.6     67   8.49    263     12  313.1  339.8  314.7
  714.0   2984   12.6    0.6     44   5.63    262     14  314.6  332.7  315.7
  700.0   3150   12.2   -5.8     28   3.56    260     16  316.0  327.7  316.6
  699.0   3162   12.0   -7.0     26   3.25    260     16  315.9  326.6  316.5
  686.0   3319   10.6    1.6     54   6.30    260     17  316.0  336.3  317.2
  573.0   4792    2.2   -4.4     62   4.83    255     23  322.8  338.9  323.8
  547.0   5172    0.0   -6.0     64   4.49    258     21  324.5  339.7  325.4
  540.0   5276   -0.1   -9.1     51   3.58    259     20  325.6  337.8  326.3
  532.0   5395   -1.0   -8.1     58   3.92    260     19  326.0  339.3  326.8
  527.0   5471   -1.5   -7.5     64   4.15    257     19  326.2  340.3  327.0
  526.0   5486   -1.3  -10.3     50   3.34    256     18  326.6  338.1  327.3
  517.0   5624   -0.5  -26.5     12   0.85    251     18  329.2  332.4  329.4
  500.0   5890   -2.5  -22.5     20   1.26    240     16  329.9  334.6  330.2
  471.0   6363   -4.1  -29.1     12   0.74    231     14  333.6  336.4  333.8
  440.0   6891   -7.8  -29.4     16   0.76    220     12  335.5  338.5  335.7
  400.0   7630  -12.9  -29.9     23   0.80    280      7  338.1  341.3  338.3
  392.0   7784  -14.1  -30.1     25   0.80    276      5  338.5  341.6  338.7
  391.0   7803  -14.2  -30.6     24   0.77    275      5  338.6  341.6  338.8
  376.0   8099  -15.9  -38.9     12   0.35    160      5  340.2  341.6  340.3
  369.0   8241  -17.1  -30.1     31   0.86    158      5  340.4  343.8  340.6
  350.0   8635  -20.5  -39.5     17   0.36    151      5  341.0  342.5  341.1
  347.0   8699  -21.0  -37.7     21   0.43    150      5  341.1  342.9  341.2
  341.0   8828  -22.1  -34.1     33   0.63    110      5  341.4  343.9  341.5
  333.0   9001  -23.2  -35.6     31   0.56     55      6  342.2  344.5  342.4
  320.0   9291  -25.0  -38.1     29   0.45     45      7  343.6  345.5  343.7
  307.0   9593  -26.9  -40.7     26   0.36    100      9  345.1  346.6  345.1
  303.0   9688  -27.5  -41.5     25   0.33    100     11  345.5  346.9  345.6
  300.0   9760  -28.1  -42.1     25   0.32    100     12  345.7  347.0  345.7
  270.0  10500  -34.1  -47.0     26   0.21    110      6  347.5  348.4  347.5
  259.0  10792  -36.5  -48.9     27   0.17     70      5  348.1  348.9  348.2
  250.0  11040  -38.5  -50.5     27   0.15     55     11  348.7  349.4  348.7
  248.0  11095  -39.0  -50.7     28   0.15     55     12  348.7  349.4  348.7
  244.0  11206  -40.1  -51.1     30   0.14     58     15  348.7  349.4  348.8
  200.0  12530  -49.5                          90     46  354.2         354.2
  198.0  12596  -49.4                          90     47  355.4         355.4
  197.0  12629  -49.3                          90     47  356.1         356.1
  150.0  14360  -65.1                         110     36  357.7         357.7
  142.0  14687  -67.8                         110     37  358.6         358.6
  132.0  15122  -71.5                         100     42  359.6         359.6
  122.0  15573  -74.5                          90     48  362.4         362.4
  104.0  16486  -80.4                          10     18  367.9         367.9
  100.0  16710  -81.9                         350     12  369.2         369.2
   99.0  16766  -82.2                         355     10  369.7         369.7
   94.0  17052  -83.8                          15      3  372.2         372.2
   89.0  17355  -85.4                         225      3  374.7         374.7
   84.0  17675  -87.2                         265      7  377.4         377.4
   80.9  17883  -88.3                         245      7  379.2         379.2
   77.6  18112  -85.5                         193     11  389.5         389.5
   75.0  18299  -86.3                         150     15  391.6         391.6
   73.3  18425  -86.9                         135     19  393.0         393.0
   71.0  18601  -84.7                         115     24  401.2         401.2
   70.1  18672  -83.5                         115     29  405.3         405.3
   70.0  18680  -83.5                         115     29  405.4         405.4
   69.5  18720  -80.1                         114     30  413.6         413.6
   64.7  19128  -76.1                         109     35  430.8         430.8
   61.0  19467  -76.0                         105     40  438.4         438.4
   58.7  19688  -75.9                          86     36  443.4         443.4
   55.9  19974  -70.9                          63     32  461.1         461.1
   55.0  20071  -70.3                          55     30  464.7         464.7
   52.0  20406  -68.0                          55     30  477.3         477.3
   50.0  20640  -66.5                          65     19  486.4         486.4
   48.7  20800  -65.3                          80     19  492.9         492.9
   47.0  21017  -65.0                         100     20  498.5         498.5
   43.5  21489  -64.5                          92     25  511.0         511.0
   41.0  21851  -63.5                          85     28  522.2         522.2
   39.6  22067  -59.9                          82     30  536.5         536.5
   39.0  22162  -59.9                          80     31  538.7         538.7
   33.6  23092  -60.3                          88     25  561.2         561.2
   32.0  23397  -60.0                          90     23  570.0         570.0
   31.0  23595  -59.7                         100     26  575.9         575.9
   30.1  23779  -59.5                         100     26  581.3         581.3
   30.0  23800  -59.5                         100     26  581.9         581.9
   26.2  24655  -54.1                          76     33  620.1         620.1
   26.0  24704  -54.0                          75     33  621.6         621.6
   22.0  25778  -52.5                          85     39  656.5         656.5
   20.0  26390  -51.7                          80     43  677.2         677.2
   18.0  27070  -51.9                          83     45  697.2         697.2
   17.0  27444  -50.7                          85     46  712.5         712.5
   15.0  28261  -48.1                         105     57  747.0         747.0
   14.0  28712  -46.7                         102     60  766.7         766.7
   13.1  29154  -43.5                         100     62  792.5         792.5
   10.3  30755  -46.5                          91     71  837.8         837.8
   10.0  30950  -46.5                          90     72  844.9         844.9
    9.0  31653  -44.7                          85     84  877.6         877.6
    8.8  31803  -44.3                          85     84  884.8         884.8
    8.5  32035  -43.7                                     896.0         896.0
