-----------------------------------------------------------------------------
   PRES   HGHT   TEMP   DWPT   RELH   MIXR   DRCT   SKNT   THTA   THTE   THTV
    hPa     m      C      C      %    g/kg    deg   knot     K      K      K 
-----------------------------------------------------------------------------
 1005.0     24   29.0   25.9     83  21.49      0      0  301.7  365.6  305.6
 1000.0     70   28.0   23.8     78  18.98    290      7  301.1  357.3  304.6
  974.0    304   26.4   22.9     81  18.39    285     12  301.8  356.4  305.2
  967.0    368   26.0   22.6     82  18.23    284     12  302.0  356.1  305.3
  925.0    760   24.6   16.6     61  13.01    275     11  304.5  343.5  306.8
  891.0   1087   23.6   14.6     57  11.86    266     10  306.7  342.7  308.9
  850.0   1496   21.2   12.2     56  10.61    255      9  308.3  340.8  310.3
  793.0   2091   18.1    7.4     50   8.20    235      7  311.2  336.8  312.7
  765.0   2399   16.4    4.9     46   7.14    240      7  312.6  335.1  314.0
  751.0   2558   15.6    3.6     45   6.64    232      7  313.4  334.4  314.6
  739.0   2694   14.9    4.9     51   7.41    225      7  314.0  337.5  315.4
  722.0   2891   13.8    6.8     63   8.66    193      6  314.9  342.3  316.6
  713.0   2996   13.2    6.6     64   8.62    175      5  315.4  342.7  317.0
  700.0   3151   12.2    6.2     67   8.57    165      3  316.0  343.2  317.6
  688.0   3294   11.4    5.4     67   8.22    185      3  316.6  342.8  318.2
  663.0   3600    9.6    3.6     66   7.53    215      5  318.0  342.2  319.4
  595.0   4493    4.4   -1.6     65   5.76    205     11  321.9  340.9  323.1
  585.0   4633    3.6   -2.4     65   5.51    207     11  322.6  340.8  323.6
  573.0   4800    2.7   -4.4     60   4.86    210     11  323.4  339.6  324.3
  540.0   5279    0.0  -10.0     47   3.33    182     11  325.7  337.2  326.4
  532.0   5397   -0.9  -10.5     48   3.24    175     11  326.0  337.2  326.7
  500.0   5890   -4.7  -12.7     54   2.90    170     13  327.2  337.3  327.8
  493.0   6001   -5.5  -12.5     58   2.99    169     13  327.6  338.0  328.2
  487.0   6096   -5.9  -15.9     45   2.29    168     13  328.2  336.3  328.7
  485.0   6129   -6.1  -13.1     58   2.89    168     13  328.4  338.5  329.0
  481.0   6193   -6.5  -15.5     49   2.39    167     13  328.7  337.1  329.1
  446.0   6779   -9.7  -15.7     62   2.54    161     14  331.8  340.9  332.3
  439.0   6901  -10.3  -17.9     54   2.13    160     14  332.5  340.2  332.9
  433.0   7006  -10.9  -19.9     47   1.83    158     13  333.1  339.8  333.5
  406.0   7497  -14.0  -20.4     58   1.87    150      8  335.2  342.1  335.6
  402.0   7572  -14.5  -20.5     60   1.87    150      7  335.6  342.4  336.0
  400.0   7610  -14.7  -19.7     66   2.02    150      7  335.8  343.2  336.2
  375.0   8095  -17.5  -29.1     36   0.92    185     10  338.3  341.9  338.5
  370.0   8196  -18.1  -31.1     31   0.78    183     10  338.8  341.9  339.0
  346.0   8693  -21.0  -36.3     24   0.50    175     10  341.4  343.5  341.6
  339.0   8845  -21.9  -37.9     22   0.43    162     11  342.2  344.0  342.3
  319.0   9287  -25.7  -37.1     34   0.50    125     13  343.0  345.0  343.1
  309.0   9518  -27.7  -36.7     42   0.54    117     13  343.3  345.5  343.4
  306.0   9588  -28.2  -37.2     42   0.51    115     13  343.5  345.6  343.6
  300.0   9730  -29.3  -38.3     41   0.47    125     13  344.0  345.9  344.1
  293.0   9898  -30.3  -41.1     34   0.36    130     13  344.8  346.3  344.9
  284.0  10120  -31.7  -44.7     26   0.25    121     13  346.0  347.0  346.0
  250.0  11010  -38.7  -52.7     21   0.12     85     15  348.4  348.9  348.4
  247.0  11093  -39.5  -52.9     23   0.11     90     16  348.4  348.9  348.4
  245.0  11148  -40.1  -53.1     24   0.11     91     16  348.3  348.8  348.3
  206.0  12303  -50.0                         115     22  350.4         350.4
  200.0  12500  -51.7                         115     24  350.7         350.7
  155.0  14095  -64.3                          95     41  355.8         355.8
  150.0  14300  -65.9                          95     45  356.4         356.4
  120.0  15588  -75.8                          65     48  361.7         361.7
  100.0  16640  -83.9                          90     46  365.4         365.4
   96.0  16867  -85.1                         105     42  367.3         367.3
   88.6  17311  -85.5                         121     39  375.0         375.0
   87.0  17413  -85.0                         125     38  378.0         378.0
   78.0  18026  -81.9                          95     29  396.4         396.4
   74.0  18321  -80.5                          75      6  405.5         405.5
   73.6  18352  -80.3                          80      6  406.4         406.4
   71.0  18558  -77.0                         115      5  417.7         417.7
   70.8  18574  -76.7                         114      5  418.6         418.6
   70.0  18640  -76.1                         110      6  421.3         421.3
   57.0  19827  -76.9                          55     17  445.0         445.0
   56.7  19857  -76.9                          55     17  445.6         445.6
   54.0  20139  -76.5                          50     14  452.8         452.8
   52.0  20360  -73.6                          85     19  464.5         464.5
   50.0  20590  -70.5                          95     22  476.9         476.9
   49.9  20602  -70.3                          95     22  477.7         477.7
   42.4  21585  -63.3                         102     29  517.7         517.7
   40.0  21943  -63.4                         105     32  526.2         526.2
   35.6  22658  -63.5                          84     29  543.7         543.7
   33.0  23128  -61.1                          70     27  561.9         561.9
   30.9  23535  -59.1                          94     24  578.0         578.0
   30.0  23720  -60.1                         105     23  580.2         580.2
   29.0  23930  -60.6                         110     33  584.4         584.4
   28.5  24038  -60.9                         108     34  586.6         586.6
   26.8  24419  -61.3                         102     37  595.8         595.8
   24.0  25110  -56.5                          90     43  629.0         629.0
   23.7  25189  -55.9                          90     43  632.9         632.9
   20.0  26270  -54.1                          95     45  669.8         669.8
   18.1  26909  -54.5                          94     50  688.0         688.0
   16.6  27468  -50.9                          92     54  716.8         716.8
   14.2  28487  -49.5                          90     62  754.2         754.2
   14.0                                        90     62                     
