-----------------------------------------------------------------------------
   PRES   HGHT   TEMP   DWPT   RELH   MIXR   DRCT   SKNT   THTA   THTE   THTV
    hPa     m      C      C      %    g/kg    deg   knot     K      K      K 
-----------------------------------------------------------------------------
 1008.0     24   30.0   25.4     76  20.78    270      8  302.5  364.3  306.2
 1007.0     33   28.8   22.8     70  17.70    272      8  301.4  353.7  304.5
 1000.0     97   28.2   22.2     70  17.17    285     10  301.4  352.1  304.4
  977.0    301   26.3   21.4     74  16.68    285     12  301.5  350.8  304.5
  928.0    752   22.2   19.5     85  15.63    276     17  301.7  348.0  304.6
  925.0    780   21.4   17.8     80  14.06    275     17  301.2  342.8  303.7
  899.0   1029   20.8   18.7     88  15.34    272     17  303.0  348.7  305.8
  881.0   1204   18.6   14.8     79  12.16    270     17  302.5  338.7  304.7
  872.0   1293   17.8   12.8     73  10.76    273     16  302.6  334.7  304.5
  870.0   1313   17.8   11.8     68  10.09    274     16  302.8  333.0  304.6
  855.0   1463   19.8   13.8     68  11.73    278     15  306.4  341.9  308.5
  850.0   1514   19.8   13.8     68  11.80    280     15  306.9  342.7  309.1
  848.0   1534   20.0   13.0     64  11.22    280     15  307.3  341.4  309.4
  766.0   2398   14.8    8.4     66   9.11    275      8  310.7  339.0  312.4
  740.0   2692   13.0    6.8     66   8.47    265      8  311.9  338.3  313.4
  723.0   2889   11.8    5.8     67   8.06    242      9  312.6  337.9  314.1
  714.0   2994   11.4    5.0     65   7.73    230      9  313.3  337.7  314.8
  700.0   3159   10.8    3.8     62   7.23    230      9  314.4  337.4  315.8
  640.0   3899    7.4   -0.3     58   5.90    265      9  318.7  337.9  319.8
  605.0   4363    5.2   -2.8     56   5.17    293     15  321.3  338.4  322.3
  573.0   4802    2.2   -5.8     55   4.36    320     20  322.9  337.5  323.7
  553.0   5090    0.3   -7.7     55   3.89    325     19  323.9  337.1  324.6
  550.0   5134    0.0   -8.0     55   3.83    322     19  324.0  337.0  324.8
  509.0   5749   -4.1   -9.1     68   3.79    284     19  326.3  339.3  327.1
  500.0   5890   -4.7  -10.7     63   3.40    275     19  327.2  339.0  327.9
  493.0   6001   -5.1  -11.8     60   3.16    270     18  328.0  339.0  328.6
  469.0   6394   -6.7  -15.7     49   2.41    283     17  330.8  339.4  331.3
  448.0   6751   -9.7  -18.7     48   1.96    295     16  331.4  338.5  331.8
  439.0   6908  -10.9  -18.8     52   1.98    300     15  331.8  338.9  332.2
  432.0   7032  -11.9  -18.9     56   2.00    291     14  332.1  339.3  332.4
  428.0   7103  -12.5  -16.1     74   2.56    285     14  332.2  341.3  332.7
  418.0   7284  -13.5  -17.6     71   2.31    271     13  333.1  341.4  333.6
  414.0   7358  -13.3  -21.3     51   1.70    265     13  334.3  340.5  334.7
  400.0   7620  -15.1  -21.1     60   1.79    245     12  335.3  341.8  335.6
  395.0   7715  -15.9  -20.8     66   1.86    241     12  335.4  342.2  335.8
  381.0   7986  -17.5  -24.5     54   1.39    230     11  336.8  342.0  337.1
  375.0   8103  -18.4  -25.0     56   1.35    225     10  337.2  342.2  337.4
  360.0   8402  -20.6  -26.3     60   1.25    245     14  338.1  342.8  338.4
  318.0   9313  -27.5  -30.3     77   0.97    235     14  340.8  344.6  341.0
  309.0   9519  -29.1  -33.8     64   0.72    223     14  341.4  344.2  341.5
  301.0   9706  -30.3  -33.6     73   0.75    211     14  342.2  345.2  342.4
  300.0   9730  -30.7  -33.8     74   0.74    210     14  342.0  344.9  342.1
  286.0  10067  -32.1  -40.1     45   0.41    196     12  344.7  346.4  344.8
  257.0  10809  -37.8  -48.2     33   0.19    165      8  346.9  347.8  347.0
  250.0  11000  -39.3  -50.3     30   0.15    145      6  347.5  348.2  347.5
  247.0  11082  -40.1  -51.1     30   0.14    133      6  347.5  348.1  347.5
  236.0  11384  -42.8                          90      5  348.0         348.0
  225.0  11700  -45.6                         115      4  348.5         348.5
  215.0  12001  -48.2                         110      3  348.9         348.9
  206.0  12284  -50.8                          80      5  349.3         349.3
  200.0  12480  -52.5                          80      6  349.5         349.5
  187.0  12901  -56.0                         120     16  350.5         350.5
  150.0  14280  -67.7                          90     31  353.3         353.3
  147.0  14401  -68.8                          90     32  353.4         353.4
  144.0  14524  -69.9                          90     33  353.6         353.6
  133.0  14987  -73.1                          90     36  356.0         356.0
  120.0  15587  -77.3                          70     49  358.9         358.9
  115.0  15830  -78.5                          62     55  361.1         361.1
  114.0  15880  -78.0                          60     56  363.0         363.0
  111.0  16032  -76.3                          65     44  368.9         368.9
  108.0  16189  -76.7                          70     32  371.0         371.0
  100.0  16630  -77.9                         120     21  377.0         377.0
   97.0  16802  -79.4                         130     25  377.4         377.4
   88.6  17315  -83.7                         115     28  378.6         378.6
   77.9  18034  -83.3                          94     24  393.6         393.6
   74.0  18322  -81.6                          85     22  403.0         403.0
   72.8  18414  -81.1                          92     18  406.0         406.0
   71.0  18557  -75.9                         104     12  420.0         420.0
   70.0  18640  -75.1                         110      8  423.4         423.4
   67.0  18893  -76.0                         115     14  426.9         426.9
   65.8  18997  -76.3                         108     14  428.3         428.3
   55.0  20050  -68.7                          40     13  468.3         468.3
   54.5  20104  -68.3                          32     12  470.4         470.4
   52.0  20385  -68.3                         350      7  476.8         476.8
   50.0  20620  -68.3                         355      5  482.1         482.1
   49.0  20742  -68.0                          15      4  485.8         485.8
   47.0  20993  -67.2                          95      2  493.3         493.3
   45.0  21255  -66.5                         140      2  501.3         501.3
   43.6  21446  -65.9                         141      4  507.2         507.2
   42.3  21630  -63.9                         142      5  516.6         516.6
   39.0  22123  -65.1                         145     10  525.6         525.6
   33.3  23082  -67.5                         159     23  543.6         543.6
   33.0  23137  -67.5                         160     24  545.0         545.0
   30.1  23690  -67.5                         126     32  559.5         559.5
   30.0  23710  -67.5                         125     32  560.1         560.1
   27.4  24265  -59.3                          99     43  597.7         597.7
   27.0  24358  -58.8                          95     45  601.5         601.5
   24.0  25101  -55.1                          90     52  632.9         632.9
   23.7  25180  -54.7                          90     52  636.4         636.4
   20.2  26197  -55.5                          90     58  663.7         663.7
   20.0  26260  -55.7                          90     58  664.9         664.9
   18.0  26935  -53.6                          90     55  691.9         691.9
   17.2  27227  -52.7                                     703.8         703.8
