-----------------------------------------------------------------------------
   PRES   HGHT   TEMP   DWPT   RELH   MIXR   DRCT   SKNT   THTA   THTE   THTV
    hPa     m      C      C      %    g/kg    deg   knot     K      K      K 
-----------------------------------------------------------------------------
 1006.0     24   29.2   24.5     76  19.69      0      1  301.8  360.3  305.4
 1000.0     80   27.8   22.8     74  17.83    300     10  300.9  353.6  304.1
  991.0    160   27.0   22.3     75  17.44    298     13  300.9  352.4  304.1
  975.0    303   26.3   20.8     72  16.15    295     17  301.6  349.4  304.5
  925.0    764   24.0   16.0     61  12.51    270     17  303.8  341.3  306.1
  860.0   1402   21.0   13.0     60  11.06    231      8  307.1  340.8  309.1
  850.0   1504   20.4   12.4     60  10.75    225      7  307.5  340.3  309.5
  821.0   1798   18.6   10.1     58   9.55    175      7  308.7  338.1  310.5
  793.0   2092   16.9    7.8     55   8.45    150      9  309.9  336.1  311.5
  765.0   2396   15.1    5.5     53   7.43    155     11  311.2  334.4  312.6
  739.0   2689   13.3    3.2     50   6.55    135      9  312.4  333.1  313.6
  700.0   3148   10.6   -0.4     46   5.34    145     14  314.2  331.3  315.2
  663.0   3598    7.8   -4.8     40   4.05    140     18  316.0  329.3  316.8
  655.0   3699    7.2   -5.8     39   3.81    147     17  316.4  328.9  317.1
  639.0   3899    5.9   -6.6     40   3.68    160     15  317.1  329.3  317.9
  594.0   4493    2.1   -8.8     44   3.33    160     12  319.4  330.6  320.0
  571.0   4814    0.0  -10.0     47   3.15    186     11  320.6  331.2  321.2
  565.0   4898    0.6  -16.4     27   1.89    193     11  322.2  328.9  322.6
  553.0   5070   -0.5  -17.5     26   1.76    207     10  322.9  329.1  323.3
  544.0   5201   -1.7  -11.7     46   2.89    218     10  323.0  332.9  323.6
  541.0   5245   -2.1  -10.1     54   3.30    221     10  323.1  334.3  323.7
  540.0   5260   -2.1   -6.1     74   4.52    223      9  323.2  338.4  324.1
  539.0   5275   -2.1   -6.6     71   4.35    224      9  323.4  338.0  324.2
  538.0   5290   -2.1   -6.9     70   4.26    225      9  323.6  337.9  324.4
  537.0   5304   -1.9  -14.9     36   2.25    226      9  324.0  331.8  324.4
  535.0   5334   -1.9  -16.9     31   1.91    229      9  324.3  331.1  324.7
  533.0   5364   -2.1  -14.1     39   2.42    231      9  324.4  332.9  324.9
  532.0   5379   -2.5  -10.5     54   3.25    233      9  324.1  335.2  324.8
  530.0   5409   -2.6  -10.9     53   3.16    235      9  324.4  335.2  325.0
  526.0   5469   -2.7  -11.7     50   2.98    236      9  324.9  335.2  325.5
  524.0   5499   -2.7  -14.7     39   2.35    237      9  325.3  333.5  325.8
  518.0   5590   -3.3  -14.3     42   2.45    239      9  325.6  334.2  326.1
  516.0   5621   -3.5  -15.5     39   2.23    240      9  325.8  333.6  326.2
  514.0   5652   -3.5  -14.5     42   2.43    240     10  326.1  334.6  326.6
  513.0   5667   -3.7   -8.7     68   3.88    241     10  326.1  339.3  326.8
  509.0   5729   -4.1   -9.1     68   3.79    242     10  326.3  339.3  327.1
  506.0   5776   -3.9   -9.9     63   3.58    243     10  327.1  339.4  327.8
  504.0   5807   -3.9  -11.9     54   3.07    244     10  327.5  338.1  328.1
  503.0   5823   -4.1  -13.1     50   2.79    244     10  327.4  337.1  328.0
  500.0   5870   -3.9  -21.9     23   1.33    245     10  328.2  333.1  328.5
  487.0   6078   -4.3  -27.3     15   0.84    247     10  330.2  333.4  330.4
  474.0   6290   -5.5  -18.5     35   1.89    250     11  331.3  338.1  331.7
  458.0   6559   -6.9  -21.9     29   1.45    253     12  332.8  338.2  333.1
  451.0   6678   -7.5  -28.5     17   0.81    254     12  333.5  336.6  333.7
  434.0   6976   -9.9  -23.9     31   1.29    258     13  334.1  338.9  334.4
  425.0   7137  -10.9  -32.9     14   0.57    259     13  334.9  337.1  335.0
  422.0   7191  -11.2  -31.9     16   0.63    260     13  335.1  337.6  335.2
  405.0   7505  -13.3  -25.7     34   1.17    280     13  336.4  340.9  336.7
  400.0   7600  -13.9  -23.9     43   1.40    280     14  336.8  342.1  337.1
  393.0   7734  -14.9  -22.9     51   1.55    278     13  337.2  343.0  337.6
  379.0   8007  -17.1  -22.1     65   1.73    275     12  337.8  344.3  338.2
  360.0   8390  -19.3  -25.0     61   1.40    270     10  339.9  345.2  340.1
  352.0   8558  -20.3  -26.3     59   1.28    275      7  340.7  345.6  341.0
  345.0   8706  -21.4  -28.3     54   1.08    280      5  341.2  345.4  341.4
  337.0   8879  -22.7  -30.7     48   0.88    264      4  341.7  345.2  341.9
  332.0   8988  -23.3  -36.3     29   0.52    254      4  342.4  344.5  342.5
  328.0   9077  -24.1  -36.1     32   0.54    246      3  342.5  344.6  342.6
  326.0   9121  -24.7  -34.7     39   0.62    242      3  342.2  344.7  342.4
  325.0   9144  -24.9  -34.9     39   0.61    240      3  342.3  344.7  342.4
  324.0   9166  -24.9  -40.9     21   0.33    238      3  342.6  343.9  342.6
  318.0   9301  -26.1  -36.1     38   0.55    225      2  342.7  345.0  342.9
  315.0   9370  -26.7  -33.7     52   0.71    199      2  342.8  345.6  343.0
  305.0   9601  -28.4  -35.4     51   0.62    110      3  343.6  346.1  343.7
  300.0   9720  -29.3  -36.3     51   0.57    115      4  344.0  346.3  344.1
  297.0   9792  -29.7  -37.7     46   0.50    117      4  344.4  346.4  344.5
  293.0   9889  -30.6  -36.8     54   0.56    120      4  344.5  346.7  344.6
  289.0   9987  -31.5  -35.9     65   0.62     84      3  344.5  347.0  344.6
  280.0  10211  -33.1  -38.6     58   0.49      0      0  345.3  347.3  345.4
  276.0  10312  -33.9  -39.9     55   0.43    346      1  345.6  347.4  345.7
  269.0  10492  -35.5  -40.8     58   0.40    320      3  345.8  347.5  345.9
  263.0  10650  -36.9  -41.6     62   0.38    325      3  346.0  347.6  346.1
  257.0  10809  -38.3  -43.1     60   0.33    330      4  346.3  347.7  346.4
  250.0  11000  -39.9  -44.9     59   0.28    325      2  346.6  347.8  346.7
  246.0  11107  -40.8                           0      4  346.9         346.9
  200.0  12480  -52.1                          45     16  350.1         350.1
  155.0  14075  -65.6                          90     25  353.6         353.6
  150.0  14280  -67.3                          90     27  354.0         354.0
  141.0  14649  -70.7                          83     30  354.3         354.3
  128.0  15214  -75.7                          72     35  355.2         355.2
  120.0  15587  -75.5                          65     38  362.2         362.2
  119.0  15635  -75.5                          66     38  363.1         363.1
  102.0  16517  -79.0                          85     33  372.6         372.6
  100.0  16630  -79.5                          75     31  373.9         373.9
   92.0  17098  -82.3                          35     17  377.4         377.4
   88.7  17303  -83.5                          40      8  378.9         378.9
   87.0  17410  -83.7                         100      5  380.7         380.7
   83.0  17670  -84.1                         125     15  385.0         385.0
   80.7  17826  -84.3                         132     10  387.6         387.6
   78.0  18016  -83.4                         140      4  393.3         393.3
   74.0  18310  -82.0                         220     12  402.2         402.2
   70.0  18620  -80.5                         180     12  411.9         411.9
   69.7  18644  -80.3                         177     12  412.8         412.8
   63.0  19237  -74.6                         105     22  437.4         437.4
   60.0  19523  -71.9                          45     12  449.7         449.7
   57.0  19824  -69.0                          10     13  462.8         462.8
   55.7  19959  -67.7                          15     14  468.9         468.9
   50.0  20610  -69.3                          40     17  479.8         479.8
   49.5  20670  -69.5                          38     16  480.7         480.7
   49.0  20731  -69.2                          35     14  482.7         482.7
   47.0  20983  -68.1                          60      7  491.3         491.3
   45.0  21246  -66.9                         110     14  500.3         500.3
   40.4  21898  -63.9                          92     24  523.4         523.4
   40.0  21959  -63.8                          90     25  525.1         525.1
   38.0  22274  -63.3                          75     25  534.2         534.2
   37.0  22437  -63.0                          85     29  538.9         538.9
   36.5  22521  -62.9                                     541.4         541.4
