-----------------------------------------------------------------------------
   PRES   HGHT   TEMP   DWPT   RELH   MIXR   DRCT   SKNT   THTA   THTE   THTV
    hPa     m      C      C      %    g/kg    deg   knot     K      K      K 
-----------------------------------------------------------------------------
 1011.0     24   28.8   26.3     86  21.89    280      9  301.0  365.9  304.9
 1010.0     32   29.2   22.2     66  17.00    281      9  301.5  351.8  304.6
 1000.0    114   28.2   22.2     70  17.17    290     10  301.4  352.1  304.4
  954.0    530   24.4   21.0     81  16.71    278     12  301.6  351.0  304.6
  925.0    801   23.6   17.6     69  13.88    270     13  303.4  344.9  306.0
  922.0    830   24.0   17.0     65  13.40    270     13  304.1  344.3  306.6
  884.0   1197   22.0   13.5     58  11.10    265      8  305.8  339.4  307.8
  854.0   1499   20.4   10.6     53   9.48    245      3  307.1  336.1  308.9
  850.0   1540   20.2   10.2     53   9.27    235      3  307.3  335.7  309.0
  838.0   1663   19.2    9.2     52   8.79    221      4  307.5  334.4  309.1
  825.0   1798   19.1    6.9     45   7.64    205      5  308.8  332.4  310.2
  814.0   1914   19.0    5.0     40   6.76    171      6  309.8  331.0  311.1
  796.0   2106   17.9    4.4     41   6.62    115      8  310.6  331.4  311.8
  780.0   2280   16.8    3.8     42   6.48    112     10  311.3  331.7  312.5
  764.0   2457   15.0    7.0     59   8.29    109     12  311.2  337.1  312.7
  758.0   2524   14.6    7.6     63   8.71    108     12  311.5  338.6  313.1
  750.0   2614   15.2    0.2     36   5.20    106     13  313.1  329.7  314.0
  743.0   2694   14.9   -1.4     33   4.69    105     14  313.5  328.7  314.4
  700.0   3198   12.8  -11.2     18   2.33    120     15  316.6  324.5  317.1
  672.0   3538   10.6  -21.4      9   1.04    142     14  317.9  321.6  318.1
  647.0   3852    8.6  -16.4     15   1.65    162     12  319.1  324.8  319.4
  643.0   3903    8.1  -13.6     20   2.09    165     12  319.1  326.3  319.5
  630.0   4070    6.6   -4.4     45   4.40    176     12  319.2  333.8  320.1
  613.0   4294    4.8   -5.2     48   4.26    191     12  319.7  333.8  320.5
  598.0   4495    3.4  -14.0     27   2.18    205     12  320.4  327.9  320.8
  591.0   4590    2.8  -18.2     20   1.55    203     11  320.7  326.1  321.0
  558.0   5052    0.0  -20.0     21   1.41    193      8  322.7  327.7  323.0
  545.0   5240   -0.7  -27.7     11   0.72    189      6  324.0  326.7  324.2
  534.0   5402   -2.1  -18.1     28   1.73    185      5  324.3  330.4  324.6
  525.0   5536   -2.7  -29.7     10   0.62    209      6  325.1  327.5  325.2
  514.0   5703   -3.9  -27.6     14   0.77    240      7  325.7  328.6  325.8
  508.0   5796   -4.5  -26.5     16   0.87    249      9  326.0  329.2  326.2
  500.0   5920   -5.5  -20.5     30   1.51    260     11  326.3  331.7  326.6
  495.0   5999   -6.2  -18.1     38   1.87    255     12  326.3  332.9  326.7
  484.0   6175   -7.9  -12.8     68   2.97    252     11  326.4  336.6  326.9
  476.0   6304   -9.1  -11.9     80   3.25    250     11  326.4  337.6  327.1
  468.0   6436   -9.7  -13.7     73   2.85    254     11  327.3  337.2  327.8
  465.0   6486   -9.9  -14.7     68   2.64    256     11  327.6  336.9  328.1
  464.0   6502   -9.9  -13.6     74   2.90    257     11  327.8  337.9  328.4
  462.0   6536   -9.7  -15.7     62   2.45    258     11  328.5  337.1  329.0
  461.0   6553   -9.5  -20.5     40   1.63    258     11  328.9  334.8  329.3
  460.0   6569   -9.5  -21.5     37   1.50    259     11  329.1  334.6  329.4
  443.0   6860  -12.1  -16.7     69   2.35    269     10  329.4  337.8  329.9
  441.0   6895  -12.1  -17.0     67   2.31    270     10  329.9  338.1  330.3
  440.0   6912  -12.1  -17.1     66   2.29    270     10  330.1  338.2  330.5
  432.0   7053  -11.9  -21.9     43   1.54    267     11  332.1  337.7  332.4
  431.0   7071  -11.7  -24.7     33   1.21    266     11  332.5  337.0  332.8
  419.0   7287  -13.3  -23.3     43   1.40    262     12  333.2  338.4  333.4
  400.0   7640  -14.9  -28.9     29   0.88    255     14  335.5  338.9  335.7
  376.0   8105  -17.8  -37.2     17   0.42    255     10  337.7  339.4  337.8
  369.0   8246  -18.7  -39.7     14   0.33    232      8  338.3  339.7  338.4
  361.0   8407  -19.7  -40.5     14   0.31    205      5  339.1  340.3  339.1
  347.0   8697  -21.6  -41.9     14   0.28    205      6  340.4  341.6  340.5
  333.0   8999  -23.5  -43.3     14   0.25    260      5  341.8  342.9  341.9
  320.0   9292  -25.4  -44.7     15   0.22    185      5  343.1  344.1  343.2
  311.0   9501  -26.7  -45.7     15   0.21    182      6  344.1  345.0  344.1
  307.0   9594  -27.5  -46.1     15   0.20    180      6  344.2  345.1  344.3
  300.0   9760  -28.9  -46.9     16   0.19    175      3  344.5  345.3  344.6
  294.0   9901  -30.0  -47.8     16   0.17     55      1  344.9  345.7  345.0
  282.0  10191  -32.3  -49.6     16   0.15     10      6  345.8  346.4  345.8
  259.0  10784  -37.0  -53.4     17   0.10     70     12  347.4  347.9  347.5
  250.0  11030  -38.9  -54.9     17   0.09     70     15  348.1  348.5  348.1
  245.0  11169  -40.1  -56.1     16   0.08     69     15  348.3  348.7  348.3
  227.0  11681  -44.5                          65     15  349.2         349.2
  217.0  11983  -47.2                          50     16  349.7         349.7
  200.0  12530  -51.9                          65     22  350.4         350.4
  150.0  14320  -67.1                          90     31  354.3         354.3
  129.0  15211  -74.5                         104     35  356.6         356.6
  103.0  16492  -81.0                         125     40  367.8         367.8
  100.0  16660  -81.9                         120     33  369.2         369.2
   89.1  17304  -84.9                          85     26  375.6         375.6
   88.0  17373  -83.7                          70     21  379.4         379.4
   86.1  17495  -81.5                          57     15  386.2         386.2
   83.0  17701  -81.6                          35      5  390.1         390.1
   79.4  17951  -81.7                         111     11  394.8         394.8
   79.0  17980  -81.5                         120     12  395.7         395.7
   75.0  18273  -80.0                         125     11  404.9         404.9
   74.3  18326  -79.7                         118     12  406.6         406.6
   70.0  18670  -74.5                          75     15  424.7         424.7
   69.8  18687  -73.9                          72     15  426.3         426.3
   67.0  18927  -73.0                          35     16  433.4         433.4
   64.0  19195  -71.9                         350     14  441.4         441.4
   62.9  19297  -71.5                         312     13  444.5         444.5
   61.0  19476  -72.0                         245     10  447.3         447.3
   58.0  19772  -72.7                         165     21  452.1         452.1
   52.4  20366  -74.3                         138     18  461.8         461.8
   50.0  20640  -72.7                         125     16  471.8         471.8
   47.0  21002  -72.3                         102     19  481.1         481.1
   45.7  21167  -71.5                          91     20  486.9         486.9
   45.0  21260  -69.6                          85     21  493.7         493.7
   43.4  21476  -65.1                         101     28  509.9         509.9
   43.0  21533  -64.8                         105     30  511.9         511.9
   39.0  22137  -62.0                          80     32  533.4         533.4
   35.0  22806  -59.0                          95     32  558.2         558.2
   33.5  23077  -57.7                          84     24  568.5         568.5
   33.0  23171  -57.8                          80     21  570.8         570.8
   30.0  23770  -58.3                          90     26  585.1         585.1
   29.0  23983  -58.7                         100     23  589.6         589.6
   28.6  24070  -58.9                         116     24  591.5         591.5
   28.0  24205  -58.4                         140     25  596.6         596.6
   23.8  25235  -54.3                         103     46  636.8         636.8
   23.0  25454  -54.3                          95     51  643.0         643.0
   20.0  26350  -54.3                          90     54  669.2         669.2
   19.9  26382  -54.3                          90     54  670.2         670.2
   16.2  27705  -52.5                          85     70  716.6         716.6
   13.1  29114  -46.6                          80     87  781.8         781.8
   13.0  29165  -46.4                          80     87  784.3         784.3
   11.0  30272  -41.7                          85     75  839.5         839.5
   10.6  30518  -40.7                                     852.2         852.2
