-----------------------------------------------------------------------------
   PRES   HGHT   TEMP   DWPT   RELH   MIXR   DRCT   SKNT   THTA   THTE   THTV
    hPa     m      C      C      %    g/kg    deg   knot     K      K      K 
-----------------------------------------------------------------------------
 1010.0     24   26.0   24.3     90  19.37    300      7  298.3  354.9  301.8
 1000.0    112   26.0   23.1     84  18.17    290     15  299.1  352.4  302.4
  946.0    600   23.1   20.3     84  16.15    280     36  301.0  348.7  303.9
  925.0    797   22.0   19.2     84  15.38    275     37  301.8  347.4  304.6
  882.0   1209   19.4   17.2     87  14.20    264     33  303.2  345.6  305.8
  850.0   1527   18.0   14.5     80  12.36    255     30  305.0  342.2  307.2
  839.0   1639   17.4   13.7     79  11.88    254     29  305.5  341.3  307.7
  810.0   1940   17.8   10.8     64  10.14    251     28  309.0  340.2  310.9
  795.0   2099   16.9    9.7     62   9.59    250     27  309.7  339.4  311.5
  749.0   2605   14.2    6.2     59   8.00    243     26  312.1  337.2  313.6
  700.0   3173   10.6    5.7     72   8.27    235     24  314.2  340.3  315.8
  690.0   3293    9.6    6.6     82   8.94    236     24  314.4  342.5  316.1
  665.0   3599    8.5    2.6     67   7.00    240     25  316.4  338.9  317.8
  655.0   3725    8.0    1.0     61   6.32    240     24  317.3  337.7  318.5
  569.0   4872    0.0   -2.8     81   5.50    240     19  320.9  339.0  322.0
  542.0   5261   -2.1   -2.6     96   5.87    240     18  322.9  342.3  324.0
  533.0   5394   -2.8   -3.3     96   5.66    240     17  323.6  342.4  324.7
  500.0   5900   -5.5   -6.0     96   4.92    250     15  326.3  342.9  327.2
  457.0   6597   -9.1  -10.0     93   3.94    260     14  330.2  343.9  331.0
  400.0   7630  -14.5  -15.9     89   2.78    225     15  336.1  346.1  336.6
  390.0   7822  -14.9  -18.1     77   2.37    221     15  338.0  346.6  338.5
  347.0   8693  -21.6  -21.9     97   1.92    200     16  340.4  347.6  340.8
  345.0   8736  -21.9  -22.1     98   1.90    199     16  340.5  347.6  340.9
  300.0   9750  -28.7  -31.5     77   0.92    170     11  344.8  348.4  345.0
  294.0   9894  -29.6  -32.9     73   0.82    165      9  345.5  348.8  345.7
  287.0  10066  -30.7  -34.5     69   0.72    174      8  346.4  349.2  346.5
  282.0  10189  -31.7  -35.5     69   0.66    180      7  346.7  349.4  346.8
  270.0  10492  -34.1  -38.0     68   0.54    100      3  347.6  349.8  347.7
  258.0  10810  -36.6  -40.5     67   0.43     45      4  348.4  350.2  348.5
  250.0  11030  -38.3  -42.3     66   0.37     50      4  349.0  350.6  349.1
  244.0  11197  -39.9  -45.9     53   0.26     77      7  349.0  350.1  349.1
  237.0  11390  -41.7                         110     10  349.2         349.2
  217.0  11977  -47.2                         130     14  349.6         349.6
  200.0  12520  -52.3                         115     18  349.8         349.8
  180.0  13176  -58.3                         110     18  350.7         350.7
  171.0  13495  -61.2                         120     18  351.0         351.0
  150.0  14310  -68.7                          95     25  351.6         351.6
  148.0  14388  -69.2                          90     25  352.0         352.0
  120.0  15608  -77.8                          85     48  358.0         358.0
  114.0  15906  -79.9                          75     44  359.4         359.4
  108.0  16213  -79.2                          55     36  366.4         366.4
  103.0  16482  -78.5                          20     19  372.6         372.6
  100.0  16650  -78.1                         345     11  376.6         376.6
   98.0  16764  -78.9                         300      7  377.2         377.2
   93.0  17061  -81.0                         230      9  378.8         378.8
   92.3  17104  -81.3                         209      8  379.0         379.0
   88.4  17346  -81.7                          88      5  382.9         382.9
   88.0  17371  -81.5                          75      5  383.7         383.7
   86.3  17481  -80.9                          28      8  387.1         387.1
   83.0  17704  -74.5                         295     15  404.5         404.5
   82.9  17711  -74.3                         294     15  405.1         405.1
   75.0  18291  -76.0                         245     34  413.2         413.2
   73.9  18377  -76.3                         240     30  414.4         414.4
   70.0  18690  -75.3                         220     17  423.0         423.0
   68.0  18860  -75.1                         215      7  427.0         427.0
   64.0  19214  -74.6                         125      5  435.5         435.5
   61.0  19495  -74.2                         220      5  442.4         442.4
   58.7  19720  -73.9                         195      6  447.9         447.9
   56.7  19925  -71.5                         172      8  457.8         457.8
   53.0  20325  -72.7                         128     10  464.0         464.0
   52.0  20438  -72.2                         115     11  467.6         467.6
   50.0  20670  -71.3                         105     17  475.1         475.1
   45.4  21243  -69.9                          91     24  491.7         491.7
   40.5  21936  -62.9                          75     33  525.5         525.5
   39.0  22171  -61.2                          70     36  535.6         535.6
   36.6  22567  -58.3                          74     34  552.8         552.8
   31.6  23492  -58.3                          84     28  576.5         576.5
   31.0  23613  -58.0                          85     27  580.5         580.5
   30.0  23820  -57.5                          90     22  587.3         587.3
   29.1  24012  -56.5                         103     18  595.2         595.2
   29.0  24034  -56.6                         105     17  595.6         595.6
   27.0  24482  -58.1                          80     24  603.4         603.4
   24.7  25041  -60.1                         110     30  613.4         613.4
   24.0  25220  -60.0                         115     31  618.9         618.9
   22.9  25512  -59.7                         109     38  627.9         627.9
   20.8  26119  -54.3                          95     53  661.8         661.8
   20.0  26370  -52.9                          90     59  673.5         673.5
   17.0  27445  -49.1                          90     68  717.7         717.7
   11.4  30090  -39.7                          85     83  838.2         838.2
   11.0  30332  -40.0                          85     84  845.8         845.8
   10.6  30584  -40.3                          85     84  853.8         853.8
   10.0  30980  -40.7                          85     83  866.5         866.5
    8.0  32504  -38.9                                     930.7         930.7
