-----------------------------------------------------------------------------
   PRES   HGHT   TEMP   DWPT   RELH   MIXR   DRCT   SKNT   THTA   THTE   THTV
    hPa     m      C      C      %    g/kg    deg   knot     K      K      K 
-----------------------------------------------------------------------------
 1008.0     24   27.2   25.3     89  20.65      0      0  299.7  360.4  303.4
 1000.0    100   27.4   24.2     83  19.45    315      6  300.6  357.9  304.0
  978.0    297   27.0   23.3     80  18.82    291     16  302.1  357.9  305.5
  977.0    306   26.9   23.2     80  18.75    290     16  302.1  357.7  305.4
  940.0    645   23.8   20.3     81  16.23    286     22  302.2  350.4  305.2
  925.0    785   23.4   19.0     76  15.19    285     25  303.2  348.5  306.0
  850.0   1521   19.6   13.6     68  11.65    275     26  306.7  342.0  308.8
  811.0   1924   17.0   12.4     74  11.28    272     23  308.1  342.5  310.1
  794.0   2104   16.6   11.3     71  10.69    270     21  309.4  342.3  311.4
  752.0   2567   15.4    8.4     63   9.28    266     18  313.0  342.1  314.8
  700.0   3171   11.6    7.2     74   9.18    260     15  315.3  344.3  317.0
  642.0   3885    7.2    3.3     77   7.62    265     14  318.1  342.6  319.6
  599.0   4458    3.6    0.2     78   6.53    303     12  320.4  341.7  321.6
  578.0   4748    4.2   -1.8     65   5.84    322     11  324.4  343.8  325.5
  554.0   5091    1.2   -3.2     72   5.47    345     10  324.7  343.0  325.8
  545.0   5223    0.0   -3.8     76   5.33    348     11  324.9  342.7  325.9
  520.0   5599   -1.3   -7.3     64   4.27    358     13  327.7  342.3  328.5
  514.0   5691   -2.1   -8.1     63   4.05      0     13  327.8  341.7  328.6
  500.0   5910   -4.1  -10.1     63   3.57     10     15  328.0  340.3  328.7
  494.0   6004   -4.9  -10.3     66   3.54      5     16  328.1  340.3  328.8
  476.0   6294   -7.5  -11.1     76   3.47    345     18  328.4  340.4  329.1
  464.0   6493   -9.3  -11.6     83   3.41    342     19  328.6  340.4  329.3
  458.0   6594   -9.4  -11.6     84   3.46    340     20  329.7  341.7  330.4
  443.0   6851   -9.7  -11.5     87   3.60    321     17  332.4  345.1  333.2
  423.0   7203  -12.2  -14.2     85   3.03    295     13  333.6  344.4  334.2
  400.0   7630  -15.3  -17.5     83   2.43    275     17  335.0  343.8  335.5
  391.0   7799  -16.4  -18.7     82   2.25    265     20  335.8  344.0  336.3
  376.0   8089  -18.1  -20.8     80   1.95    265     12  337.2  344.4  337.6
  361.0   8390  -20.0  -22.9     77   1.68    310     10  338.7  344.9  339.0
  319.0   9307  -25.7  -29.5     70   1.05    345      9  343.0  347.1  343.2
  306.0   9607  -27.9  -31.7     69   0.88     10      9  344.0  347.5  344.2
  300.0   9750  -28.9  -32.8     69   0.81     10      7  344.5  347.8  344.7
  294.0   9892  -30.1  -33.9     69   0.74     15      6  344.9  347.9  345.1
  270.0  10490  -34.9  -38.8     68   0.50      0      1  346.3  348.4  346.4
  258.0  10809  -37.5  -41.3     67   0.40    210      4  347.0  348.7  347.1
  250.0  11030  -39.3  -43.1     67   0.34    195      6  347.5  348.9  347.6
  248.0  11085  -39.7  -43.7     66   0.32    180      6  347.7  349.1  347.8
  247.0  11113  -39.9  -44.0     65   0.31    175      6  347.8  349.1  347.9
  237.0  11388  -42.2                         120     10  348.4         348.4
  200.0  12520  -51.9                         135     24  350.4         350.4
  198.0  12583  -52.5                         135     24  350.5         350.5
  150.0  14320  -68.1                         120     31  352.6         352.6
  148.0  14399  -68.8                         120     33  352.7         352.7
  139.0  14770  -72.1                         114     33  353.3         353.3
  127.0  15283  -75.4                         105     33  356.5         356.5
  108.0  16203  -81.5                          75     37  362.1         362.1
  100.0  16640  -84.3                          80     39  364.6         364.6
   98.8  16707  -84.5                          80     37  365.5         365.5
   97.0  16809  -84.2                          85     35  368.1         368.1
   88.4  17325  -82.5                          64     15  381.3         381.3
   87.0  17414  -83.0                          60     12  382.0         382.0
   83.5  17642  -84.3                          69      9  383.9         383.9
   83.0  17675  -84.1                          70      8  385.0         385.0
   79.1  17943  -82.5                         105     17  393.6         393.6
   78.0  18022  -80.2                         115     20  399.9         399.9
   76.7  18117  -77.5                         118     21  407.5         407.5
   74.0  18322  -78.2                         125     22  410.2         410.2
   72.9  18408  -78.5                         117     23  411.3         411.3
   70.0  18640  -77.9                          95     26  417.4         417.4
   68.1  18799  -74.3                          77     23  428.5         428.5
   64.0  19161  -74.0                          35     17  436.7         436.7
   60.0  19537  -73.7                         330     13  445.5         445.5
   59.4  19596  -73.7                         326     12  446.9         446.9
   57.0  19841  -72.0                         310      6  456.0         456.0
   55.0  20053  -70.5                          35      8  464.0         464.0
   50.3  20584  -66.9                          91     13  484.6         484.6
   50.0  20620  -66.5                          95     13  486.4         486.4
   49.0  20741  -66.9                          90     16  488.2         488.2
   43.7  21430  -69.1                          72     23  499.1         499.1
   43.0  21527  -68.5                          70     24  502.9         502.9
   41.0  21813  -66.7                                     514.2         514.2
