-----------------------------------------------------------------------------
   PRES   HGHT   TEMP   DWPT   RELH   MIXR   DRCT   SKNT   THTA   THTE   THTV
    hPa     m      C      C      %    g/kg    deg   knot     K      K      K 
-----------------------------------------------------------------------------
 1005.0     24   27.4   24.9     86  20.21      0      0  300.1  359.7  303.7
 1000.0     70   27.6   24.1     81  19.33    275      8  300.8  357.8  304.2
  974.0    302   25.6   22.9     85  18.49    275     18  301.0  355.6  304.4
  938.0    633   22.8   21.3     91  17.33    264     22  301.4  352.6  304.5
  925.0    755   22.4   20.5     89  16.71    260     23  302.2  351.8  305.2
  850.0   1492   19.2   14.5     74  12.36    230     18  306.2  343.6  308.5
  849.0   1502   19.1   14.4     74  12.29    230     17  306.2  343.4  308.5
  848.0   1512   19.0   14.3     74  12.23    230     17  306.2  343.2  308.5
  818.0   1822   19.2   11.2     60  10.31    228     14  309.6  341.4  311.5
  764.0   2399   15.3    9.0     66   9.49    225      8  311.6  341.1  313.3
  738.0   2692   13.4    7.8     69   9.09    270     10  312.5  340.9  314.2
  700.0   3139   10.4    6.1     75   8.51    285     12  314.0  340.8  315.6
  667.0   3541    7.6    4.6     81   8.04    295     10  315.2  340.7  316.7
  638.0   3903    5.5    3.1     84   7.55    305      9  316.9  341.0  318.3
  593.0   4500    2.2    0.6     89   6.78    285      8  319.6  341.6  320.9
  566.0   4880    0.0   -1.0     93   6.33    301      9  321.4  342.1  322.6
  552.0   5081    0.0   -1.5     90   6.25    310     10  323.7  344.4  324.9
  507.0   5760   -3.5   -7.6     73   4.28    340     13  327.4  342.0  328.2
  500.0   5870   -4.1   -8.0     74   4.21    345     13  328.0  342.4  328.8
  492.0   5997   -5.0   -8.0     79   4.28    345     12  328.4  343.1  329.3
  473.0   6306   -7.1   -8.0     93   4.45    322     10  329.5  344.8  330.4
  456.0   6590   -8.5   -9.8     90   4.02    300      9  331.2  345.2  332.0
  417.0   7282  -11.9  -14.1     84   3.10    300     11  335.4  346.5  336.1
  406.0   7486  -13.6  -15.1     88   2.94    300     12  335.8  346.4  336.4
  400.0   7600  -14.5  -15.6     91   2.85    305     12  336.1  346.3  336.6
  357.0   8453  -19.9  -20.8     93   2.06    320     13  339.9  347.5  340.3
  332.0   8982  -23.6  -25.1     87   1.50    330     14  342.0  347.7  342.3
  300.0   9720  -28.7  -31.2     79   0.95    320     11  344.8  348.5  345.0
  281.0  10179  -32.3  -35.1     76   0.69    305      8  346.2  348.9  346.3
  269.0  10486  -34.7  -37.7     74   0.56    275      7  347.0  349.3  347.1
  258.0  10779  -37.0  -40.2     72   0.45    280      5  347.8  349.7  347.9
  250.0  11000  -38.7  -42.1     70   0.38    305      3  348.4  350.0  348.5
  246.0  11111  -39.7  -43.2     69   0.34    335      2  348.6  350.0  348.6
  245.0  11138  -39.9  -43.5     68   0.33    331      2  348.6  350.0  348.7
  226.0  11676  -44.6                         250      3  349.6         349.6
  206.0  12293  -50.0                         235      1  350.5         350.5
  200.0  12490  -51.7                         110      1  350.7         350.7
  197.0  12585  -52.5                         145      3  350.9         350.9
  179.0  13184  -57.8                         115     11  352.1         352.1
  150.0  14290  -67.5                         110     35  353.6         353.6
  133.0  14978  -72.5                         105     48  357.0         357.0
  108.0  16170  -81.3                          85     47  362.4         362.4
  100.0  16610  -84.5                          95     44  364.2         364.2
   98.1  16716  -85.1                          95     44  365.1         365.1
   92.8  17024  -84.7                          95     48  371.7         371.7
   92.0  17072  -84.3                          95     49  373.4         373.4
   90.3  17176  -83.5                          93     41  377.0         377.0
   88.3  17303  -78.7                          91     31  389.0         389.0
   87.0  17388  -78.8                          90     25  390.6         390.6
   83.0  17657  -78.9                         130     18  395.5         395.5
   78.0  18012  -79.1                         115      9  402.1         402.1
   74.0  18313  -79.3                          25      4  407.8         407.8
   70.5  18589  -79.5                          64      7  413.1         413.1
   70.0  18630  -79.1                          70      8  414.8         414.8
   63.7  19169  -77.1                          83     18  430.6         430.6
   63.0  19233  -75.5                          85     19  435.5         435.5
   62.4  19288  -74.1                          83     19  439.7         439.7
   55.5  19971  -73.9                          64     16  455.2         455.2
   54.0  20132  -72.7                          60     15  461.5         461.5
   52.5  20297  -71.5                          80     17  468.0         468.0
   51.2  20447  -67.7                          98     19  480.3         480.3
   50.0  20590  -66.1                         115     21  487.3         487.3
   49.0  20714  -65.6                         115     25  491.2         491.2
   45.0  21236  -63.7                         100     29  508.0         508.0
   42.0  21659  -62.1                          70     26  522.0         522.0
   41.2  21777  -61.7                          66     27  526.0         526.0
   40.0  21960  -62.1                          60     29  529.5         529.5
   39.0  22116  -62.4                          90     23  532.5         532.5
   35.9  22627  -63.5                          97     21  542.4         542.4
   33.0  23149  -61.7                         105     19  560.3         560.3
   32.0  23340  -61.1                         125     23  567.0         567.0
   30.0  23740  -59.7                          95     11  581.3         581.3
   29.9  23761  -59.5                          95     11  582.4         582.4
   27.7  24238  -60.7                          95     16  591.9         591.9
   25.9  24657  -60.1                          95     20  605.1         605.1
   23.6  25243  -56.7                          95     26  631.3         631.3
   23.0  25408  -53.7                          95     27  644.8         644.8
   21.0  25995  -52.5                          95     33  665.4         665.4
   20.7  26088  -52.3                          98     34  668.7         668.7
   20.0  26310  -53.1                         105     36  672.9         672.9
   19.0  26638  -53.9                         115     45  680.4         680.4
   16.7  27464  -55.9                         100     51  699.5         699.5
   16.0  27736  -56.1                          95     53  707.5         707.5
   15.2  28062  -56.3                          93     56  717.2         717.2
   12.3  29427  -51.3                          85     66  779.5         779.5
   12.0  29586  -50.7                          85     66  787.1         787.1
   11.4  29917  -49.5                                     803.0         803.0
