-----------------------------------------------------------------------------
   PRES   HGHT   TEMP   DWPT   RELH   MIXR   DRCT   SKNT   THTA   THTE   THTV
    hPa     m      C      C      %    g/kg    deg   knot     K      K      K 
-----------------------------------------------------------------------------
 1005.0     24   29.0   24.5     77  19.71    285      1  301.7  360.2  305.3
 1000.0     70   28.0   23.0     74  18.05    320      7  301.1  354.5  304.4
  975.0    295   26.0   22.5     81  17.96    310     15  301.3  354.4  304.6
  965.0    387   25.2   22.3     84  17.92    307     17  301.4  354.4  304.6
  925.0    761   23.2   19.8     81  15.98    295     23  303.0  350.6  305.9
  865.0   1342   19.4   16.9     85  14.21    287     17  304.9  347.6  307.5
  850.0   1492   19.4   15.8     80  13.46    285     16  306.4  347.2  308.9
  849.0   1502   19.4   15.7     79  13.40    285     16  306.6  347.1  309.0
  843.0   1563   19.4   15.2     77  13.05    285     16  307.2  346.8  309.6
  738.0   2698   12.7    9.2     79  10.01    285     13  311.8  342.9  313.6
  731.0   2779   12.2    8.8     80   9.82    283     13  312.1  342.6  313.9
  700.0   3142   10.4    6.3     76   8.63    275     14  314.0  341.1  315.6
  687.0   3298   10.0    2.5     60   6.74    270     14  315.2  336.7  316.5
  681.0   3372    9.8    0.8     53   5.99    275     14  315.8  335.1  316.9
  662.0   3607    8.1    2.2     66   6.80    290     13  316.4  338.3  317.7
  652.0   3733    7.2    2.9     74   7.28    291     13  316.8  340.1  318.2
  636.0   3938    5.8    2.1     77   7.05    292     13  317.4  340.1  318.8
  625.0   4081    5.4   -3.6     52   4.72    293     14  318.6  334.1  319.5
  618.0   4173    5.0   -7.0     42   3.68    293     14  319.1  331.4  319.9
  610.0   4279    4.4   -4.6     52   4.48    294     14  319.6  334.5  320.5
  593.0   4510    3.8   -8.1     41   3.51    295     14  321.6  333.4  322.2
  587.0   4593    3.6   -9.4     38   3.21    296     13  322.2  333.2  322.9
  542.0   5237    0.0  -18.0     24   1.72    307      7  325.4  331.5  325.7
  531.0   5401   -0.9  -20.2     22   1.45    310      5  326.2  331.5  326.5
  502.0   5848   -3.3  -26.3     15   0.89    333      9  328.6  331.9  328.8
  500.0   5880   -3.5  -26.5     15   0.88    335      9  328.7  332.0  328.9
  492.0   6007   -4.4  -22.9     22   1.24    335     11  329.1  333.7  329.4
  484.0   6136   -5.3  -19.3     32   1.72    339     11  329.6  335.8  329.9
  459.0   6551   -8.1  -19.1     41   1.85    353     10  331.1  337.8  331.5
  456.0   6602   -8.4  -19.4     41   1.81    355     10  331.3  337.9  331.7
  450.0   6705   -9.1  -20.1     41   1.73    353     10  331.7  338.0  332.1
  446.0   6774   -9.7  -18.7     48   1.97    352     11  331.8  338.9  332.2
  445.0   6791   -9.9  -15.9     62   2.50    352     11  331.8  340.7  332.3
  438.0   6913  -10.3  -17.0     58   2.33    350     11  332.7  341.1  333.2
  423.0   7182  -11.3  -19.3     52   1.97     13      9  334.8  342.0  335.2
  422.0   7200  -11.3  -20.0     49   1.86     15      9  335.0  341.8  335.4
  413.0   7366  -11.7  -26.7     28   1.05     12      7  336.6  340.6  336.8
  405.0   7515  -12.7  -27.1     29   1.03     10      5  337.2  341.2  337.4
  400.0   7610  -13.3  -27.3     30   1.02     25      5  337.6  341.5  337.8
  390.0   7801  -14.7  -28.7     29   0.93     30      5  338.3  341.9  338.5
  375.0   8097  -16.8  -30.8     29   0.79     15      5  339.3  342.4  339.5
  374.0   8117  -16.9  -30.9     29   0.78     17      5  339.4  342.4  339.6
  373.0   8137  -16.5  -28.5     35   0.98     19      5  340.2  344.0  340.4
  369.0   8218  -16.5  -36.5     16   0.46     28      5  341.2  343.1  341.3
  346.0   8698  -19.4  -39.4     15   0.36     80      7  343.6  345.1  343.7
  341.0   8806  -20.1  -40.1     15   0.34     86      7  344.1  345.5  344.2
  319.0   9292  -23.9  -38.1     26   0.45    115      6  345.5  347.4  345.6
  306.0   9596  -26.2  -36.9     36   0.53    235      4  346.4  348.6  346.5
  300.0   9740  -27.3  -36.3     42   0.57    250      9  346.8  349.1  346.9
  281.0  10205  -31.5  -37.4     56   0.55    265      9  347.3  349.5  347.4
  275.0  10359  -32.9  -37.7     62   0.54    254     10  347.4  349.6  347.5
  270.0  10486  -34.1  -38.9     62   0.49    245     10  347.6  349.6  347.7
  258.0  10801  -36.9  -41.7     61   0.38    240      5  347.9  349.5  348.0
  250.0  11020  -38.9  -43.7     60   0.32     45      1  348.1  349.4  348.2
  247.0  11103  -39.6  -44.2     61   0.31     50      4  348.2  349.5  348.3
  245.0  11158  -40.1  -44.6     62   0.30     52      5  348.3  349.6  348.4
  200.0  12510  -50.7                         105     34  352.3         352.3
  197.0  12605  -51.5                         115     34  352.6         352.6
  171.0  13496  -59.1                         155     40  354.6         354.6
  150.0  14320  -66.1                         155     31  356.0         356.0
  138.0  14817  -70.9                         148     32  356.1         356.1
  134.0  14985  -71.9                         145     32  357.3         357.3
  109.0  16167  -79.2                         120     39  365.3         365.3
  100.0  16660  -82.3                         110     36  368.5         368.5
   88.6  17334  -85.5                          90     24  375.0         375.0
   85.5  17530  -85.5                          82     19  378.9         378.9
   83.0  17696  -80.5                          75     15  392.3         392.3
   82.7  17717  -79.9                          76     15  393.9         393.9
   76.3  18172  -82.1                         100     23  398.5         398.5
   75.0  18269  -81.5                         105     25  401.8         401.8
   71.5  18539  -79.7                          91     23  411.1         411.1
   70.0  18660  -78.7                          85     22  415.7         415.7
   67.6  18862  -73.1                          62     19  432.0         432.0
   64.0  19182  -73.3                          25     15  438.4         438.4
   60.0  19560  -73.5                          91      8  446.0         446.0
   58.0  19760  -72.6                         125      5  452.4         452.4
   55.0  20074  -71.2                         160     15  462.6         462.6
   52.0  20405  -69.7                         135     15  473.6         473.6
   51.7  20439  -69.5                         127     14  474.7         474.7
   50.0  20640  -66.3                          80      9  486.8         486.8
   49.6  20689  -65.3                                     490.3         490.3
