-----------------------------------------------------------------------------
   PRES   HGHT   TEMP   DWPT   RELH   MIXR   DRCT   SKNT   THTA   THTE   THTV
    hPa     m      C      C      %    g/kg    deg   knot     K      K      K 
-----------------------------------------------------------------------------
 1007.0     24   25.4   23.4     89  18.38      0      0  298.0  351.5  301.2
 1000.0     81   25.2   22.2     83  17.17    300      7  298.4  348.5  301.4
  998.0     99   25.0   22.2     84  17.21    298      8  298.3  348.5  301.4
  991.0    161   26.2   23.2     84  18.45    293     10  300.1  354.4  303.4
  976.0    296   26.1   21.2     75  16.54    280     16  301.3  350.2  304.3
  967.0    378   26.0   20.0     70  15.47    276     16  302.0  347.9  304.8
  943.0    599   24.2   19.5     75  15.37    265     17  302.4  348.0  305.1
  925.0    769   22.8   19.1     80  15.29    260     17  302.6  348.1  305.4
  917.0    845   22.2   19.3     84  15.62    266     16  302.8  349.2  305.6
  911.0    902   21.9   18.9     83  15.35    270     16  303.1  348.8  305.8
  850.0   1503   19.2   14.9     76  12.69    215     13  306.2  344.6  308.6
  847.0   1533   19.2   15.0     77  12.82    214     13  306.6  345.4  308.9
  793.0   2093   15.1   12.5     85  11.62    205     14  307.9  343.4  310.1
  770.0   2344   13.2   11.4     89  11.11    225     12  308.6  342.6  310.6
  765.0   2398   12.9   11.0     88  10.91    230     11  308.8  342.3  310.9
  700.0   3139    9.2    6.0     80   8.45    215      6  312.6  339.1  314.2
  686.0   3306    8.3    5.6     83   8.39    215      9  313.5  339.9  315.1
  668.0   3527    7.2    5.1     87   8.31    208     10  314.6  340.9  316.2
  655.0   3689    7.0    1.0     66   6.32    202     10  316.1  336.5  317.4
  623.0   4099    4.4   -2.6     60   5.10    189     12  317.7  334.4  318.7
  615.0   4204    3.6   -2.4     65   5.25    185     12  318.0  335.1  319.0
  585.0   4609    0.6   -1.5     86   5.90    198     11  319.1  338.3  320.2
  570.0   4818    0.0   -1.9     87   5.88    205     10  320.7  340.0  321.9
  550.0   5103   -1.4   -2.6     91   5.76    215      9  322.4  341.4  323.5
  530.0   5398   -2.8   -3.4     95   5.65    245      5  324.1  342.9  325.3
  520.0   5550   -3.5   -3.8     98   5.59    238      4  325.0  343.7  326.1
  510.0   5704   -4.2   -4.6     97   5.37    230      3  326.0  344.0  327.1
  500.0   5860   -4.9   -5.4     96   5.15    255      4  327.0  344.4  328.0
  491.0   6002   -5.8   -6.7     94   4.76    305      3  327.6  343.8  328.6
  473.0   6294   -7.6   -9.2     88   4.03    285      4  328.9  342.8  329.7
  472.0   6311   -7.7   -9.4     88   4.00    285      4  329.0  342.7  329.8
  462.0   6477   -8.5  -10.2     88   3.83    285      3  330.0  343.2  330.8
  456.0   6578  -10.1  -15.1     67   2.61    285      3  329.2  338.4  329.7
  455.0   6595  -10.1  -15.3     66   2.58    285      3  329.5  338.6  330.0
  451.0   6663   -9.9  -15.9     62   2.47    275      3  330.5  339.3  331.0
  446.0   6749   -9.5  -10.8     90   3.79    263      3  332.1  345.3  332.8
  437.0   6905  -10.5  -12.3     86   3.42    240      2  332.8  344.8  333.4
  421.0   7190  -12.3  -15.1     79   2.82    255      3  334.0  344.1  334.6
  409.0   7411  -13.7  -17.3     74   2.42    244      3  335.0  343.7  335.4
  404.0   7505  -14.4  -17.5     77   2.42    240      3  335.3  344.0  335.8
  400.0   7580  -14.9  -17.6     80   2.41    250      3  335.5  344.3  336.0
  391.0   7753  -15.9  -17.2     90   2.55    260      3  336.4  345.7  336.9
  374.0   8084  -17.9  -19.4     88   2.22    280      3  338.1  346.2  338.5
  359.0   8390  -19.7  -21.4     87   1.94      0      1  339.6  346.8  340.0
  345.0   8687  -21.5  -23.4     85   1.70    305      4  341.1  347.4  341.4
  333.0   8951  -23.1  -25.1     84   1.50    305      7  342.4  348.1  342.7
  317.0   9309  -25.6  -27.9     81   1.22    305     10  343.7  348.4  343.9
  300.0   9710  -28.5  -31.0     79   0.97    330     11  345.1  348.9  345.3
  292.0   9901  -29.9  -32.6     77   0.85    320     12  345.8  349.2  346.0
  282.0  10147  -31.7  -34.6     75   0.72    312     14  346.7  349.6  346.8
  280.0  10196  -32.1  -35.0     76   0.70    310     15  346.8  349.6  346.9
  268.0  10499  -34.7  -37.5     76   0.57    330     12  347.3  349.6  347.4
  250.0  10980  -38.9  -41.4     77   0.41    335     14  348.1  349.8  348.2
  245.0  11119  -40.1  -42.9     74   0.36    335     15  348.3  349.8  348.4
  235.0  11399  -42.4                         335     18  348.9         348.9
  205.0  12314  -50.1                           0     13  350.8         350.8
  200.0  12480  -51.5                           5     13  351.1         351.1
  196.0  12607  -52.7                          10     14  351.2         351.2
  161.0  13842  -64.1                          47     18  352.3         352.3
  150.0  14270  -67.9                          60     20  352.9         352.9
  147.0  14388  -68.8                          65     22  353.4         353.4
  133.0  14974  -73.3                          90     33  355.6         355.6
  120.0  15577  -77.9                          70     44  357.8         357.8
  119.0  15626  -78.3                          72     43  358.0         358.0
  108.0  16175  -80.1                          90     33  364.7         364.7
  102.0  16498  -81.1                          85     38  368.7         368.7
  101.0  16554  -81.3                          80     37  369.4         369.4
  100.0  16610  -81.1                          85     35  370.8         370.8
   97.0  16782  -81.1                          85     21  374.0         374.0
   92.0  17080  -81.1                         140     17  379.7         379.7
   87.0  17395  -81.1                         135     21  385.8         385.8
   83.0  17660  -81.1                          70     14  391.1         391.1
   82.9  17667  -81.1                          69     14  391.2         391.2
   78.0  18014  -79.6                          40      5  401.1         401.1
   74.0  18313  -78.4                         135      5  409.9         409.9
   70.2  18614  -77.1                          54     13  418.8         418.8
   70.0  18630  -77.3                          50     13  418.7         418.7
   67.0  18885  -73.8                           5     13  431.5         431.5
   64.6  19098  -70.9                         140      9  442.4         442.4
   64.0  19153  -70.9                         175      8  443.6         443.6
   60.0  19536  -70.9                         150     27  451.8         451.8
   58.6  19675  -70.9                         138     25  454.9         454.9
   52.0  20394  -66.2                          80     14  481.6         481.6
   50.0  20630  -64.7                          45     18  490.6         490.6
   49.8  20654  -64.1                          43     18  492.6         492.6
   49.0  20754  -64.1                          35     19  494.8         494.8
   47.0  21008  -64.1                          25     21  500.7         500.7
   39.0  22150  -64.3                          35      5  527.8         527.8
   37.9  22325  -64.3                          65      7  532.0         532.0
   37.0  22471  -64.6                          90      8  535.0         535.0
   35.0  22810  -65.3                          85     13  541.8         541.8
   34.9  22828  -65.3                                     542.1         542.1
