-----------------------------------------------------------------------------
   PRES   HGHT   TEMP   DWPT   RELH   MIXR   DRCT   SKNT   THTA   THTE   THTV
    hPa     m      C      C      %    g/kg    deg   knot     K      K      K 
-----------------------------------------------------------------------------
 1007.0     24   28.6   25.5     83  20.93    280      8  301.1  363.1  304.9
 1006.0     33   29.2   22.2     66  17.07    281      8  301.8  352.4  304.9
 1000.0     89   28.0   21.0     66  15.93    290     10  301.1  348.2  304.0
  947.0    572   23.6   20.2     81  16.01    285     20  301.4  348.7  304.3
  944.0    599   23.5   20.0     81  15.83    285     21  301.5  348.4  304.4
  925.0    778   22.6   18.5     78  14.71    280     19  302.4  346.1  305.1
  881.0   1204   20.9   14.7     68  12.09    280     17  304.9  341.2  307.1
  864.0   1374   20.2   13.2     64  11.15    285     15  305.9  339.6  307.9
  859.0   1424   20.0   13.0     64  11.07    287     15  306.2  339.7  308.2
  850.0   1516   20.2   12.2     60  10.61    290     14  307.3  339.6  309.2
  827.0   1753   20.6    2.6     30   5.61    290      8  310.1  327.9  311.2
  823.0   1794   20.3    2.5     31   5.60    290      7  310.2  327.9  311.3
  794.0   2097   18.1    1.8     34   5.51      5      2  311.1  328.5  312.1
  767.0   2390   15.9    1.1     37   5.42    250      2  311.8  329.1  312.8
  740.0   2694   13.7    0.3     40   5.33    175      2  312.6  329.6  313.6
  700.0   3164   10.2   -0.8     46   5.18    195      2  313.8  330.4  314.7
  689.0   3295    9.3   -0.7     49   5.29    210      3  314.2  331.2  315.2
  665.0   3589    7.4   -0.6     57   5.54    244     13  315.2  333.1  316.3
  664.0   3602    7.3   -0.4     58   5.63    245     13  315.2  333.3  316.3
  662.0   3627    7.0    0.0     61   5.81    245     13  315.2  333.9  316.3
  654.0   3727    7.6   -6.4     36   3.64    246     14  317.0  329.0  317.7
  623.0   4125    5.0  -10.0     33   2.88    251     17  318.4  328.1  319.0
  602.0   4404    2.4   -4.6     60   4.54    254     19  318.6  333.5  319.4
  595.0   4499    2.0   -6.7     52   3.91    255     20  319.2  332.2  320.0
  590.0   4567    1.8   -8.2     47   3.51    256     20  319.7  331.4  320.4
  580.0   4705    0.8   -6.2     59   4.17    257     20  320.1  333.9  320.9
  573.0   4802    0.2   -6.8     59   4.03    258     20  320.5  333.9  321.3
  565.0   4915    0.6  -12.4     37   2.63    258     19  322.2  331.3  322.8
  563.0   4944    0.4   -9.6     47   3.30    259     19  322.3  333.5  323.0
  560.0   4987    0.0   -9.0     51   3.47    259     19  322.4  334.1  323.0
  552.0   5102    0.4  -24.6     13   0.95    260     19  324.2  327.6  324.4
  544.0   5219    0.0  -26.0     12   0.85    261     19  325.1  328.2  325.2
  525.0   5503   -1.9  -16.9     31   1.95    263     18  326.1  333.0  326.5
  512.0   5702   -3.0  -16.0     36   2.16    265     18  327.1  334.7  327.5
  500.0   5890   -4.1  -15.1     42   2.38    270     18  328.0  336.4  328.4
  499.0   5906   -4.5  -14.5     46   2.50    269     18  327.7  336.5  328.2
  493.0   6001   -4.6  -18.1     34   1.88    260     16  328.7  335.4  329.1
  487.0   6097   -4.7  -21.7     25   1.39    250     15  329.7  334.8  330.0
  475.0   6292   -5.6  -23.4     23   1.23    230     14  330.9  335.5  331.2
  444.0   6819   -8.1  -28.1     18   0.86    234     11  334.2  337.5  334.4
  440.0   6888   -8.6  -27.9     19   0.88    235     11  334.6  337.9  334.7
  423.0   7191  -10.5  -26.8     25   1.01    210      9  335.8  339.7  336.0
  400.0   7620  -13.3  -25.3     36   1.23    220      6  337.6  342.3  337.9
  393.0   7755  -14.3  -31.3     22   0.72    236      5  338.0  340.8  338.2
  391.0   7793  -14.6  -31.0     23   0.74    240      5  338.1  341.0  338.3
  376.0   8089  -16.7  -28.7     35   0.96    235      5  339.2  342.9  339.4
  366.0   8293  -18.1  -27.1     45   1.14    271      7  339.9  344.3  340.1
  361.0   8396  -18.7  -28.8     41   0.99    290      8  340.4  344.2  340.6
  347.0   8690  -20.5  -33.8     30   0.64    305     11  341.8  344.4  341.9
  331.0   9041  -22.7  -39.7     20   0.37    293      8  343.5  345.0  343.6
  320.0   9288  -24.2  -41.9     18   0.30    285      5  344.7  346.0  344.8
  307.0   9591  -26.1  -44.6     16   0.24    225      3  346.2  347.2  346.3
  300.0   9760  -27.1  -46.1     15   0.20    195      2  347.1  348.0  347.1
  294.0   9904  -28.4  -46.7     16   0.20      0      0  347.2  348.1  347.3
  282.0  10202  -31.1  -47.9     18   0.18     10      2  347.6  348.4  347.6
  270.0  10512  -33.8  -49.1     20   0.16    225      4  347.9  348.6  347.9
  268.0  10565  -34.3  -49.3     20   0.16    217      4  347.9  348.6  348.0
  259.0  10803  -36.4  -47.9     29   0.19    180      5  348.3  349.2  348.4
  250.0  11050  -38.5  -46.5     43   0.24    100      5  348.7  349.7  348.7
  248.0  11105  -39.0  -47.0     42   0.23     90      6  348.8  349.8  348.9
  243.0  11244  -40.1  -48.1     42   0.20     88      8  349.1  350.0  349.2
  200.0  12540  -51.7                          65     27  350.7         350.7
  198.0  12603  -52.2                          65     28  350.9         350.9
  164.0  13775  -62.2                         115     28  353.6         353.6
  150.0  14330  -66.9                         105     33  354.6         354.6
  147.0  14451  -67.9                         104     34  355.0         355.0
  115.0  15865  -77.6                          95     44  362.8         362.8
  103.0  16500  -81.9                         110     21  366.1         366.1
  100.0  16670  -83.1                         125     19  366.9         366.9
   98.0  16782  -84.2                         135     21  367.0         367.0
   95.9  16901  -85.3                         140     23  367.1         367.1
   88.0  17374  -85.2                         120     13  376.5         376.5
   85.5  17532  -85.1                          86     11  379.7         379.7
   83.0  17699  -82.7                          50      9  387.9         387.9
   79.0  17977  -78.6                           5     10  401.8         401.8
   77.0  18121  -76.5                         345     13  409.1         409.1
   75.0  18273  -76.4                         325     16  412.4         412.4
   71.0  18588  -76.2                         335     12  419.4         419.4
   70.0  18670  -76.1                         350     13  421.3         421.3
   67.0  18924  -75.2                          40     13  428.5         428.5
   66.7  18949  -75.1                          46     13  429.3         429.3
   64.0  19188  -75.9                         105     18  432.7         432.7
   61.0  19465  -76.7                          80     18  436.7         436.7
   59.8  19580  -77.1                          85     20  438.4         438.4
   55.0  20071  -73.2                         105     29  458.0         458.0
   50.0  20630  -68.7                          85     35  481.2         481.2
   49.0  20752  -67.9                          85     33  485.9         485.9
   46.5  21067  -65.7                          94     33  498.5         498.5
   45.0  21266  -65.9                         100     33  502.7         502.7
   41.7  21727  -66.3                          90     33  512.8         512.8
   37.0  22458  -63.3                          75     34  538.3         538.3
   35.6  22693  -62.3                          79     31  546.8         546.8
   32.9  23185  -57.7                          87     26  571.5         571.5
   32.0  23361  -56.9                          90     24  578.2         578.2
   30.7  23623  -55.7                          74     23  588.3         588.3
   30.0  23770  -55.9                          65     23  591.6         591.6
   28.0  24204  -57.3                          35     13  599.5         599.5
   26.0  24671  -58.9                          70     10  608.0         608.0
   25.7  24744  -59.1                          89     11  609.3         609.3
   25.0  24918  -58.1                         135     12  617.0         617.0
   24.0  25174  -56.6                         115     29  628.7         628.7
   23.7  25254  -56.1                         116     30  632.3         632.3
   23.0  25443  -56.2                         120     33  637.4         637.4
   21.6  25841  -56.5                         106     39  648.1         648.1
   21.0  26020  -55.7                         100     41  655.8         655.8
   20.0  26330  -54.3                         100     46  669.2         669.2
   19.4  26525  -53.1                          99     48  678.8         678.8
   17.2  27296  -54.5                          93     55  698.0         698.0
   16.2  27683  -49.7                          91     59  725.7         725.7
   16.0  27764  -49.7                          90     60  728.3         728.3
   14.3  28497  -49.5                          89     63  752.7         752.7
   10.0  30870  -42.5                          85     72  859.8         859.8
    9.1  31510  -40.7                          90     71  890.1         890.1
    9.0  31585  -40.5                          90     71  893.7         893.7
    8.9  31661  -40.3                                     897.4         897.4
