-----------------------------------------------------------------------------
   PRES   HGHT   TEMP   DWPT   RELH   MIXR   DRCT   SKNT   THTA   THTE   THTV
    hPa     m      C      C      %    g/kg    deg   knot     K      K      K 
-----------------------------------------------------------------------------
 1007.0     24   27.6   25.3     87  20.67      0      0  300.1  361.1  303.9
 1000.0     90   27.0   24.2     85  19.45    295      6  300.1  357.4  303.6
  976.0    303   25.5   23.1     87  18.68    290     13  300.7  355.8  304.1
  929.0    736   22.4   21.0     92  17.17    281     19  301.8  352.7  304.9
  925.0    774   22.2   21.0     93  17.25    280     19  302.0  353.1  305.1
  876.0   1248   20.2   18.1     88  15.16    280     13  304.7  350.1  307.4
  860.0   1408   20.8   15.9     74  13.39    280     11  306.9  347.5  309.4
  851.0   1500   20.6   14.7     69  12.53    280     10  307.6  345.8  309.9
  850.0   1510   20.6   14.6     68  12.44    280     10  307.7  345.6  310.0
  794.0   2094   16.5   11.7     73  11.01    285      6  309.4  343.2  311.5
  766.0   2402   14.4   10.2     76  10.31    325      4  310.3  342.1  312.2
  746.0   2629   12.8    9.1     78   9.82    306      8  310.9  341.3  312.8
  740.0   2696   12.4    8.8     78   9.67    300      9  311.2  341.2  313.0
  700.0   3163    9.6    6.4     80   8.69    295     13  313.1  340.3  314.7
  689.0   3295    9.6    6.2     79   8.70    294     13  314.5  342.0  316.1
  670.0   3527    8.8    2.8     66   7.04    291     12  316.1  338.6  317.5
  595.0   4494    3.3   -1.7     70   5.71    280      9  320.7  339.4  321.8
  573.0   4801    1.6   -3.1     71   5.33    315      3  322.1  339.8  323.1
  554.0   5076    0.0   -4.4     72   5.01    356      5  323.4  340.1  324.3
  552.0   5104   -0.2   -4.5     72   4.98      0      5  323.5  340.1  324.5
  532.0   5397   -1.9   -5.9     74   4.65    350      6  324.8  340.5  325.7
  512.0   5702   -3.8   -7.3     76   4.33    350      6  326.2  340.9  327.0
  500.0   5890   -4.9   -8.2     78   4.15    355      4  327.0  341.1  327.8
  493.0   6000   -5.6   -8.6     80   4.09      5      2  327.4  341.4  328.2
  475.0   6290   -7.5   -9.5     86   3.94    155      6  328.6  342.1  329.4
  464.0   6473   -8.7  -10.1     90   3.85    164     10  329.3  342.6  330.1
  457.0   6591   -9.2  -11.3     85   3.55    170     12  330.1  342.4  330.8
  444.0   6814  -10.3  -13.6     77   3.03    159     12  331.5  342.2  332.1
  439.0   6900  -10.8  -13.8     79   3.03    155     12  331.9  342.6  332.5
  422.0   7202  -12.6  -14.3     87   3.01    115     11  333.4  344.1  334.0
  408.0   7460  -14.1  -14.8     94   2.99    132      6  334.7  345.3  335.3
  406.0   7497  -14.2  -15.1     93   2.94    135      5  335.0  345.5  335.6
  400.0   7610  -14.5  -15.9     89   2.78    170      3  336.1  346.1  336.6
  390.0   7801  -15.4  -17.2     86   2.55    200      2  337.4  346.6  337.9
  377.0   8056  -16.5  -19.0     81   2.27     57      3  339.1  347.5  339.6
  375.0   8096  -16.8  -19.2     81   2.24     35      3  339.3  347.5  339.7
  332.0   8995  -23.6  -24.8     89   1.55     45      9  342.0  347.9  342.4
  324.0   9175  -24.9  -25.9     91   1.44     18      5  342.6  348.0  342.9
  319.0   9287  -25.6  -27.4     84   1.27      0      3  343.2  348.1  343.4
  306.0   9588  -27.3  -31.6     67   0.89    355      4  344.9  348.4  345.0
  303.0   9659  -27.7  -32.6     63   0.82      5      4  345.2  348.5  345.4
  300.0   9730  -28.1  -33.1     62   0.79     15      4  345.7  348.8  345.8
  293.0   9896  -29.6  -34.4     63   0.71     40      4  345.9  348.8  346.1
  269.0  10496  -34.8  -39.0     65   0.49     80      7  346.9  348.9  346.9
  250.0  11010  -39.3  -43.0     68   0.34     90      9  347.5  348.9  347.6
  247.0  11093  -39.9  -43.9     65   0.32     95      9  347.8  349.1  347.9
  226.0  11685  -44.8                         130     10  349.3         349.3
  216.0  11987  -47.3                         115      8  350.0         350.0
  200.0  12500  -51.5                          60      9  351.1         351.1
  197.0  12595  -52.3                          60     10  351.3         351.3
  188.0  12887  -54.7                          50     13  352.1         352.1
  179.0  13194  -57.3                         115     13  352.9         352.9
  150.0  14300  -66.5                         105     40  355.3         355.3
  133.0  15013  -72.4                         110     45  357.2         357.2
  126.0  15333  -75.1                         115     42  357.9         357.9
  103.0  16482  -81.0                         135     31  367.8         367.8
  100.0  16650  -81.9                         135     32  369.2         369.2
   97.0  16820  -82.7                         125     32  371.0         371.0
   96.8  16832  -82.7                         125     32  371.1         371.1
   92.0  17115  -82.8                          95     31  376.4         376.4
   86.3  17472  -82.9                          83     29  383.1         383.1
   82.0  17759  -79.5                          73     27  395.7         395.7
   76.4  18157  -82.5                          59     25  397.5         397.5
   71.0  18570  -79.3                          45     22  412.7         412.7
   70.0  18650  -78.7                          45     23  415.7         415.7
   68.6  18765  -78.5                          45     20  418.5         418.5
   67.0  18900  -76.0                          45     16  426.7         426.7
   66.4  18952  -75.1                          51     16  429.8         429.8
   57.0  19839  -74.2                         150     17  451.0         451.0
   55.0  20046  -74.0                         130     25  456.1         456.1
   52.0  20372  -73.7                          80     20  464.2         464.2
   50.3  20565  -73.5                          76     21  469.1         469.1
   50.0  20600  -73.7                          75     21  469.4         469.4
   49.0  20719  -71.4                          80     21  477.6         477.6
   48.2  20817  -69.5                          86     23  484.4         484.4
   47.0  20967  -69.1                          95     25  488.9         488.9
   44.3  21322  -68.1                          79     27  499.6         499.6
   42.0  21648  -65.4                          65     28  513.8         513.8
   37.9  22277  -60.3                          89     23  542.2         542.2
   37.0  22426  -60.4                          95     22  545.6         545.6
   33.0  23138  -61.1                          75     17  561.9         561.9
   30.0  23730  -61.7                         105     28  575.9         575.9
   27.0  24380  -62.3                         115     12  591.7         591.7
   25.4  24757  -62.7                         109     24  601.0         601.0
   21.9  25676  -60.3                          94     54  634.2         634.2
   21.0  25941  -57.1                          90     63  651.6         651.6
   20.0  26250  -53.3                          85     61  672.3         672.3
   16.6  27451  -52.7                                     711.0         711.0
   14.0  28561  -48.1                                     762.0         762.0
