-----------------------------------------------------------------------------
   PRES   HGHT   TEMP   DWPT   RELH   MIXR   DRCT   SKNT   THTA   THTE   THTV
    hPa     m      C      C      %    g/kg    deg   knot     K      K      K 
-----------------------------------------------------------------------------
 1011.0     24   26.8   24.7     88  19.84      0      0  299.0  357.2  302.6
 1000.0    120   26.2   21.7     76  16.64    285     10  299.4  348.1  302.3
  979.0    306   25.0   20.2     75  15.49    285     19  300.0  345.5  302.7
  962.0    459   24.0   19.0     74  14.59    282     18  300.5  343.5  303.1
  949.0    578   24.8   16.8     61  12.84    280     18  302.4  340.7  304.8
  925.0    801   23.0   15.0     61  11.72    275     17  302.8  337.8  304.9
  914.0    905   22.9   15.2     62  12.02    265     16  303.7  339.7  305.9
  891.0   1128   22.6   15.6     65  12.66    242     16  305.7  343.9  308.0
  884.0   1197   22.1   15.0     64  12.25    235     16  305.9  342.9  308.1
  854.0   1496   20.1   12.2     60  10.54    230      9  306.8  338.8  308.7
  850.0   1537   19.8   11.8     60  10.33    230      8  306.9  338.3  308.8
  824.0   1802   18.3   10.0     59   9.44    190      4  308.0  336.9  309.7
  753.0   2570   13.8    4.8     55   7.21    173      6  311.2  333.8  312.5
  741.0   2705   12.8    4.9     59   7.37    170      6  311.5  334.6  312.9
  703.0   3145    9.4    5.1     75   7.89    225      4  312.5  337.3  314.0
  700.0   3181    9.2    5.2     76   7.98    230      4  312.6  337.7  314.1
  690.0   3299    8.7    4.6     76   7.78    245      7  313.4  337.9  314.9
  642.0   3889    6.2    1.8     73   6.83    270     21  317.1  339.0  318.4
  592.0   4554    3.4   -1.4     71   5.87    283     23  321.2  340.5  322.4
  551.0   5131    0.0   -4.1     74   5.15    295     24  323.9  341.1  324.9
  533.0   5394   -1.9   -5.1     79   4.94    300     25  324.7  341.3  325.7
  500.0   5900   -5.5   -7.0     89   4.55    300     24  326.3  341.7  327.2
  472.0   6353   -6.7  -10.2     76   3.75    293     25  330.2  343.2  330.9
  458.0   6585   -8.2  -11.5     77   3.48    290     25  331.2  343.3  331.9
  407.0   7496  -14.0  -16.7     80   2.55    270     18  335.0  344.2  335.5
  400.0   7630  -14.9  -17.5     81   2.43    275     17  335.5  344.3  336.0
  380.0   8015  -17.5  -19.9     82   2.09    271     16  337.1  344.7  337.5
  347.0   8688  -21.6  -26.3     66   1.30    265     13  340.4  345.3  340.7
  343.0   8773  -22.1  -27.1     64   1.22    269     12  340.8  345.5  341.1
  333.0   8987  -23.8  -28.8     63   1.07    280     11  341.4  345.5  341.6
  300.0   9740  -29.9  -34.9     62   0.66    265     11  343.1  345.8  343.3
  294.0   9883  -31.1  -35.9     63   0.61    260     10  343.4  345.9  343.6
  287.0  10054  -32.5  -37.1     63   0.55    260     10  343.8  346.0  343.9
  258.0  10792  -38.4  -48.9     32   0.17    260      9  345.7  346.5  345.8
  251.0  10983  -39.9  -51.9     27   0.13    243      8  346.2  346.8  346.2
  250.0  11010  -40.1                         240      8  346.3         346.3
  236.0  11392  -43.3                         205      7  347.2         347.2
  216.0  11980  -48.2                          90     12  348.5         348.5
  200.0  12490  -52.5                          70     21  349.5         349.5
  197.0  12585  -53.3                          70     23  349.8         349.8
  162.0  13808  -63.3                         105     37  352.9         352.9
  150.0  14290  -67.3                         100     37  354.0         354.0
  129.0  15177  -74.9                          97     45  355.9         355.9
  120.0  15588  -76.9                          95     49  359.6         359.6
  105.0  16346  -80.7                          85     67  366.4         366.4
  102.0  16509  -80.3                          85     61  370.1         370.1
  100.0  16620  -80.1                          80     53  372.7         372.7
   92.4  17070  -80.3                          85     31  380.8         380.8
   92.0  17095  -80.0                          85     30  382.0         382.0
   88.8  17297  -77.3                          34     15  391.2         391.2
   87.0  17415  -77.8                           5      7  392.4         392.4
   83.0  17685  -79.0                         260     10  395.2         395.2
   79.7  17917  -80.1                         216     12  397.7         397.7
   75.0  18265  -79.2                         150     15  406.6         406.6
   71.0  18579  -78.3                          80      7  414.8         414.8
   70.0  18660  -78.1                          60      8  417.0         417.0
   68.7  18767  -78.1                          49     11  419.2         419.2
   67.0  18911  -76.4                          35     16  426.0         426.0
   64.0  19176  -73.2                          35     14  438.5         438.5
   63.5  19221  -72.7                          43     14  440.6         440.6
   58.0  19752  -72.5                         130     13  452.8         452.8
   55.0  20063  -72.3                         116     15  460.0         460.0
   52.1  20384  -68.5                         101     17  476.0         476.0
   50.0  20630  -67.7                          90     18  483.5         483.5
   47.0  21003  -67.3                          75     15  493.0         493.0
   41.0  21825  -66.5                         120     19  514.7         514.7
   40.8  21855  -66.5                         120     19  515.5         515.5
   39.0  22130  -65.0                         115     17  526.0         526.0
   37.0  22451  -63.2                          90     19  538.6         538.6
   36.5  22534  -62.7                          88     19  541.9         541.9
   33.1  23135  -62.9                          77     17  556.7         556.7
   31.4  23463  -57.5                          70     16  579.7         579.7
   30.0  23750  -58.5                          65     15  584.6         584.6
   29.0  23961  -59.0                          60     11  589.0         589.0
   26.0  24642  -60.4                         110     28  603.6         603.6
   25.0  24886  -60.9                         107     32  609.0         609.0
   23.0  25406  -59.6                         100     42  627.5         627.5
   21.0  25974  -58.2                          75     46  648.3         648.3
   20.9  26003  -58.1                          75     46  649.4         649.4
   20.0  26280  -57.7                          75     45  658.8         658.8
   17.8  27013  -58.7                          78     55  678.0         678.0
   13.1  28988  -47.5                          85     82  778.7         778.7
   13.0  29039  -47.3                          85     83  781.0         781.0
   11.2  30033  -43.7                          95     84  827.9         827.9
   11.0  30153  -43.3                                     833.8         833.8
