-----------------------------------------------------------------------------
   PRES   HGHT   TEMP   DWPT   RELH   MIXR   DRCT   SKNT   THTA   THTE   THTV
    hPa     m      C      C      %    g/kg    deg   knot     K      K      K 
-----------------------------------------------------------------------------
 1010.0     24   27.0   24.9     88  20.10    320     16  299.3  358.3  302.9
 1000.0    112   26.0   22.8     83  17.83    345     12  299.1  351.4  302.3
  994.0    165   25.4   22.3     83  17.39    342     12  299.1  350.0  302.2
  979.0    300   25.8   23.1     85  18.57    335     13  300.8  355.6  304.1
  925.0    799   22.6   20.5     88  16.71    310     17  302.4  352.0  305.4
  904.0    999   21.4   19.3     88  15.85    305     16  303.2  350.4  306.0
  854.0   1492   20.2   15.2     73  12.88    291     12  306.9  345.9  309.2
  850.0   1533   19.8   15.0     74  12.77    290     12  306.9  345.6  309.2
  824.0   1800   17.5   14.8     84  12.98    280      8  307.2  346.6  309.6
  807.0   1979   16.0   14.6     91  13.12    274      9  307.4  347.2  309.8
  796.0   2095   15.5   13.7     89  12.55    270      9  308.1  346.3  310.4
  768.0   2397   14.1   11.4     84  11.17    230      8  309.7  344.1  311.8
  703.0   3143   10.6    5.8     72   8.29    216     13  313.8  339.9  315.4
  700.0   3179   10.4    5.5     72   8.16    215     13  314.0  339.7  315.5
  664.0   3618    6.8    4.5     85   8.02    202     16  314.7  340.1  316.2
  569.0   4878    0.0   -1.3     91   6.15    162     24  320.9  341.1  322.1
  553.0   5106   -1.0   -2.2     91   5.90    155     25  322.3  341.8  323.4
  533.0   5400   -2.4   -3.5     92   5.59    165     18  324.1  342.7  325.2
  513.0   5705   -3.8   -4.8     93   5.27    195     12  326.0  343.7  327.0
  500.0   5910   -4.7   -5.6     93   5.07    200     11  327.2  344.4  328.2
  494.0   6005   -5.1   -6.2     92   4.92    195     11  327.9  344.6  328.9
  487.0   6118   -5.5   -6.8     91   4.75    201     11  328.7  344.9  329.7
  458.0   6593   -8.2   -9.8     89   3.99    225      9  331.1  345.0  331.9
  424.0   7189  -11.7  -13.6     86   3.19    205     13  334.1  345.4  334.7
  400.0   7640  -14.3  -16.4     84   2.67    205     18  336.3  345.9  336.9
  376.0   8105  -17.1  -19.3     83   2.22    205     17  338.6  346.8  339.1
  366.0   8308  -18.3  -20.6     82   2.04    197     16  339.6  347.2  340.1
  347.0   8697  -21.2  -23.6     81   1.66    180     13  340.9  347.2  341.3
  320.0   9289  -25.6  -28.1     80   1.19    175      9  342.8  347.4  343.1
  307.0   9592  -27.9  -30.4     79   1.00    140     10  343.7  347.6  343.9
  300.0   9760  -29.1  -31.7     78   0.90    130     12  344.2  347.8  344.4
  250.0  11040  -38.7  -42.2     69   0.38    125      7  348.4  350.0  348.5
  248.0  11095  -39.2  -42.7     69   0.36    120      7  348.5  350.0  348.6
  245.0  11178  -39.9  -43.5     68   0.33    114      8  348.6  350.0  348.7
  227.0  11687  -44.3                          75     12  349.6         349.6
  200.0  12530  -51.5                          75     28  351.1         351.1
  156.0  14091  -65.7                          90     41  352.7         352.7
  155.0  14132  -66.1                          91     41  352.7         352.7
  150.0  14330  -68.1                          95     43  352.6         352.6
  124.0  15447  -76.9                         110     45  356.3         356.3
  103.0  16493  -82.6                         125     46  364.8         364.8
  100.0  16660  -83.5                         120     47  366.2         366.2
   99.6  16682  -83.7                         120     47  366.2         366.2
   90.8  17196  -83.9                          94     40  375.6         375.6
   88.0  17372  -82.4                          85     38  382.0         382.0
   83.5  17666  -79.9                          85     17  392.8         392.8
   83.0  17700  -80.0                          85     15  393.3         393.3
   79.0  17979  -81.0                         250      4  396.8         396.8
   76.3  18175  -81.7                         180      5  399.3         399.3
   75.0  18271  -81.8                         145      6  401.1         401.1
   73.0  18423  -81.9                         118     11  404.0         404.0
   71.0  18580  -80.0                          90     16  411.1         411.1
   70.0  18660  -79.1                          90     16  414.8         414.8
   67.9  18835  -76.5                          71     16  424.1         424.1
   64.0  19175  -76.7                          35     17  430.8         430.8
   60.9  19461  -76.9                          43     17  436.6         436.6
   58.0  19748  -73.7                          50     17  450.0         450.0
   55.0  20059  -70.1                          80     28  465.0         465.0
   54.5  20113  -69.5                          77     27  467.6         467.6
   50.0  20630  -67.5                          45     16  484.0         484.0
   49.3  20715  -66.5                          48     16  488.3         488.3
   49.0  20752  -66.5                          50     16  489.1         489.1
   43.0  21540  -67.7                         110     19  504.9         504.9
   42.9  21554  -67.7                         110     19  505.2         505.2
   37.0  22452  -64.4                         110     34  535.4         535.4
   35.8  22652  -63.7                                     542.3         542.3
