-----------------------------------------------------------------------------
   PRES   HGHT   TEMP   DWPT   RELH   MIXR   DRCT   SKNT   THTA   THTE   THTV
    hPa     m      C      C      %    g/kg    deg   knot     K      K      K 
-----------------------------------------------------------------------------
 1009.0     24   28.8   24.1     76  19.15    290      3  301.2  357.8  304.6
 1000.0    102   28.0   23.4     76  18.51    305      9  301.1  355.9  304.5
  943.0    623   23.8   21.2     85  17.13    297     22  302.0  352.7  305.1
  925.0    792   23.0   19.1     79  15.29    295     26  302.8  348.3  305.6
  883.0   1196   20.8   16.5     76  13.57    295     30  304.6  345.3  307.1
  850.0   1528   19.0   14.4     75  12.28    285     26  306.0  343.1  308.3
  830.0   1732   18.0   12.0     68  10.72    287     24  307.1  339.7  309.1
  741.0   2696   14.4    7.6     64   8.92    295     17  313.3  341.3  315.0
  722.0   2916   13.6    6.6     63   8.54    284     17  314.7  341.7  316.3
  715.0   2998   13.0    6.0     62   8.25    280     17  314.9  341.0  316.5
  700.0   3176   11.6    4.6     62   7.65    280     15  315.3  339.6  316.8
  684.0   3370   10.0    4.0     66   7.51    291     15  315.6  339.5  317.0
  665.0   3600    8.8    2.9     67   7.15    305     16  316.8  339.7  318.2
  619.0   4188    5.7    0.2     67   6.30    295     14  319.9  340.4  321.1
  575.0   4792    2.6   -2.7     68   5.50    325     21  323.0  341.2  324.1
  541.0   5291    0.0   -5.0     69   4.90    311     20  325.6  342.1  326.5
  514.0   5700   -2.4   -7.0     71   4.44    300     19  327.4  342.6  328.3
  500.0   5920   -3.7   -8.0     72   4.21    285     15  328.5  342.9  329.3
  476.0   6299   -6.2   -9.9     75   3.80    265     18  329.9  343.1  330.7
  403.0   7584  -14.9  -16.4     88   2.65    284     21  334.8  344.3  335.4
  400.0   7640  -15.3  -16.5     91   2.65    285     21  335.0  344.5  335.6
  376.0   8102  -18.2  -21.5     75   1.83    285     14  337.1  343.9  337.5
  361.0   8406  -20.1  -24.8     66   1.42    290     11  338.6  343.9  338.8
  358.0   8468  -20.5  -25.5     64   1.35    283     11  338.8  343.9  339.1
  341.0   8825  -22.9  -25.0     83   1.48    244     12  340.3  345.9  340.6
  333.0   8997  -24.1  -26.4     81   1.33    225     13  341.0  346.1  341.3
  300.0   9750  -29.3  -32.7     72   0.82    210      8  344.0  347.2  344.1
  294.0   9892  -30.3  -33.9     71   0.74    200      8  344.5  347.4  344.6
  270.0  10490  -34.7  -39.0     65   0.49    150     12  346.6  348.6  346.7
  250.0  11030  -38.7  -43.6     60   0.32    125     19  348.4  349.8  348.5
  243.0  11224  -40.1  -44.9     60   0.29    122     19  349.1  350.4  349.2
  217.0  11977  -46.8                         110     19  350.2         350.2
  200.0  12520  -51.7                         110     25  350.7         350.7
  150.0  14310  -67.9                         105     36  352.9         352.9
  141.0  14676  -71.1                         110     40  353.6         353.6
  129.0  15202  -75.7                         119     39  354.5         354.5
  127.0  15291  -76.2                         120     39  355.2         355.2
  103.0  16482  -82.6                          95     24  364.8         364.8
  100.0  16650  -83.5                         105     24  366.2         366.2
   97.0  16818  -84.7                         115     23  367.0         367.0
   94.7  16951  -85.7                         115     24  367.6         367.6
   88.2  17345  -81.7                         101     25  383.1         383.1
   79.0  17962  -82.0                          80     27  394.7         394.7
   74.0  18328  -82.2                         105     26  401.7         401.7
   72.2  18466  -82.3                          99     26  404.4         404.4
   71.0  18560  -80.8                          95     26  409.6         409.6
   70.0  18640  -79.5                          90     25  414.0         414.0
   64.0  19158  -72.0                         100     24  441.1         441.1
   63.6  19195  -71.5                          96     23  443.1         443.1
   60.0  19539  -71.4                          60     16  450.7         450.7
   57.0  19842  -71.4                          65     13  457.4         457.4
   55.0  20053  -71.3                         105     14  462.2         462.2
   53.9  20172  -71.3                         110     14  465.0         465.0
   52.0  20386  -69.2                         120     13  474.7         474.7
   51.4  20455  -68.5                         107     13  477.9         477.9
   50.0  20620  -68.7                          75     13  481.2         481.2
   49.0  20741  -68.8                          60     12  483.9         483.9
   46.1  21105  -68.9                          70     15  492.0         492.0
   42.0  21664  -67.7                          85     19  508.2         508.2
   39.4  22048  -66.9                          85     21  519.6         519.6
   35.5  22685  -61.3                          85     25  549.9         549.9
   35.0  22773  -61.3                          85     25  552.1         552.1
   31.7  23386  -61.1                          88     24  568.5         568.5
   30.0  23730  -58.5                          90     23  584.6         584.6
   29.0  23945  -57.0                          75     25  594.5         594.5
   27.6  24259  -54.7                          89     28  609.3         609.3
   27.0  24399  -55.0                          95     30  612.2         612.2
   21.0  25994  -58.7                          99     27  646.7         646.7
   20.0  26300  -59.1                         100     26  654.5         654.5
   19.1  26591  -55.9                                     673.1         673.1
