-----------------------------------------------------------------------------
   PRES   HGHT   TEMP   DWPT   RELH   MIXR   DRCT   SKNT   THTA   THTE   THTV
    hPa     m      C      C      %    g/kg    deg   knot     K      K      K 
-----------------------------------------------------------------------------
 1009.0     24   26.2   24.1     88  19.15    270      3  298.6  354.6  302.0
 1000.0    105   25.8   22.1     80  17.07    280     12  298.9  348.9  302.0
  925.0    789   22.4   15.4     65  12.03    255     23  302.2  338.0  304.4
  924.0    798   22.4   15.4     65  12.05    255     23  302.3  338.2  304.5
  913.0    902   21.7   15.2     67  12.05    255     24  302.6  338.6  304.8
  850.0   1523   17.6   14.1     80  12.04    260     23  304.6  340.7  306.8
  825.0   1778   15.8   13.6     87  12.00    258     22  305.3  341.4  307.5
  740.0   2694   11.9    8.7     81   9.63    250     19  310.6  340.4  312.4
  703.0   3126   10.0    6.4     78   8.65    259     24  313.1  340.3  314.8
  700.0   3162    9.8    5.9     77   8.39    260     24  313.3  339.7  314.9
  600.0   4427    3.4   -0.7     75   6.10    287     23  320.0  339.9  321.2
  573.0   4797    0.5   -1.5     86   6.04    295     23  320.9  340.7  322.1
  568.0   4868    0.0   -1.6     89   6.03    293     22  321.1  340.8  322.2
  532.0   5389   -2.2   -4.8     82   5.08    275     18  324.5  341.6  325.5
  514.0   5662   -3.3   -6.4     79   4.64    281     19  326.4  342.1  327.3
  500.0   5880   -4.7   -6.8     85   4.62    285     20  327.2  342.9  328.2
  454.0   6641   -8.5  -11.4     80   3.54    283     18  331.6  344.0  332.3
  406.0   7505  -14.0  -15.7     87   2.78    280     15  335.3  345.3  335.9
  400.0   7620  -14.7  -16.3     88   2.69    280     16  335.8  345.5  336.3
  375.0   8099  -17.7  -19.8     84   2.14    260     16  338.1  346.0  338.5
  346.0   8696  -21.4  -24.1     79   1.59    280     13  340.9  346.9  341.2
  338.0   8870  -22.5  -25.3     78   1.46    276     13  341.7  347.2  342.0
  300.0   9730  -28.9  -32.1     74   0.87    255     10  344.5  348.0  344.7
  293.0   9896  -30.3  -33.6     73   0.77    250      9  344.9  348.0  345.1
  269.0  10496  -35.2  -39.0     69   0.49    205     11  346.2  348.2  346.3
  250.0  11010  -39.5  -43.6     65   0.32    195     13  347.2  348.6  347.3
  248.0  11065  -39.9  -44.0     65   0.31    195     13  347.4  348.7  347.5
  247.0  11091  -40.1                         195     13  347.5         347.5
  216.0  11980  -47.7                         145     17  349.2         349.2
  200.0  12490  -52.1                         135     21  350.1         350.1
  188.0  12875  -55.6                         130     27  350.7         350.7
  162.0  13801  -64.1                         140     30  351.6         351.6
  150.0  14280  -68.5                         125     34  351.9         351.9
  148.0  14360  -69.1                         123     36  352.2         352.2
  120.0  15564  -76.5                          95     61  360.4         360.4
  100.0  16610  -82.9                          80     64  367.3         367.3
   98.0  16723  -83.7                          80     63  367.9         367.9
   97.0  16781  -82.7                          75     59  371.0         371.0
   92.0  17081  -77.2                          60     25  387.4         387.4
   90.8  17155  -75.9                          38     20  391.5         391.5
   87.5  17370  -74.3                         335      7  398.9         398.9
   87.0  17404  -74.4                         325      5  399.3         399.3
   83.0  17676  -75.3                         225      7  402.8         402.8
   79.0  17961  -76.3                         155      8  406.4         406.4
   75.0  18262  -77.4                         205      9  410.4         410.4
   73.8  18355  -77.7                         204     10  411.6         411.6
   71.0  18578  -76.1                         200     14  419.6         419.6
   70.0  18660  -75.5                         195     13  422.5         422.5
   67.0  18915  -74.5                         160      9  430.1         430.1
   64.4  19145  -73.5                         145     10  437.1         437.1
   61.0  19462  -73.2                         125     12  444.6         444.6
   58.0  19757  -72.9                          85     17  451.7         451.7
   55.8  19983  -72.7                          89     19  457.2         457.2
   52.0  20399  -71.4                          95     22  469.5         469.5
   50.0  20630  -70.7                          80     20  476.5         476.5
   49.8  20654  -70.7                          80     20  477.0         477.0
   47.6  20925  -65.9                          85     24  494.7         494.7
   45.0  21267  -65.6                          90     29  503.5         503.5
   40.3  21939  -64.9                          98     32  521.3         521.3
   39.0  22141  -63.7                         100     33  529.2         529.2
   35.0  22810  -59.7                          84     26  556.3         556.3
   33.0  23180  -58.8                          75     22  568.1         568.1
   30.0  23780  -57.3                         100     19  587.8         587.8
   29.0  23995  -56.9                         110     21  594.6         594.6
   26.5  24566  -55.9                          89     23  613.0         613.0
   26.0  24686  -56.0                          85     24  616.1         616.1
   25.0  24935  -56.2                         105     27  622.5         622.5
   22.0  25745  -56.8                          95     39  643.9         643.9
   21.3  25950  -56.9                          95     40  649.5         649.5
   20.0  26350  -55.5                          95     43  665.5         665.5
   17.4  27246  -51.3                          82     59  705.9         705.9
   17.0  27397  -51.0                          80     62  711.4         711.4
   14.7  28345  -49.5                                     746.8         746.8
   13.0  29158  -45.1                                     788.7         788.7
