-----------------------------------------------------------------------------
   PRES   HGHT   TEMP   DWPT   RELH   MIXR   DRCT   SKNT   THTA   THTE   THTV
    hPa     m      C      C      %    g/kg    deg   knot     K      K      K 
-----------------------------------------------------------------------------
 1008.0     24   28.0   25.3     85  20.65     10    194  300.5  361.4  304.2
 1000.0     91   27.4   23.3     78  18.39    310     14  300.6  354.8  303.9
  977.0    297   25.6   22.4     83  17.86    295     24  300.7  353.4  303.9
  960.0    453   24.2   21.8     86  17.46    290     25  300.8  352.4  304.0
  925.0    779   22.4   19.9     86  16.09    280     27  302.2  349.9  305.1
  884.0   1172   20.2   17.2     83  14.17    277     22  303.9  346.2  306.4
  850.0   1511   20.0   14.0     68  11.96    275     17  307.1  343.4  309.3
  846.0   1552   20.0   13.0     64  11.24    273     16  307.5  341.8  309.6
  822.0   1796   18.5   11.5     64  10.50    260     13  308.5  340.7  310.4
  766.0   2394   15.0    8.0     63   8.84    240      3  310.9  338.4  312.6
  713.0   3002   11.3    4.3     62   7.37    130      6  313.4  336.6  314.7
  700.0   3158   10.4    3.4     62   7.03    135      5  314.0  336.3  315.3
  666.0   3571    7.4    2.4     71   6.88    168      6  315.1  337.0  316.4
  664.0   3596    7.3    2.2     70   6.79    170      6  315.2  336.9  316.5
  640.0   3898    5.8   -0.4     64   5.83    205      7  316.9  335.8  318.1
  607.0   4332    3.8   -4.2     56   4.64    216      6  319.4  334.7  320.3
  595.0   4494    2.8   -3.3     64   5.06    220      6  320.1  336.7  321.1
  588.0   4590    2.2   -2.8     70   5.32    228      5  320.5  338.0  321.5
  573.0   4799    1.7   -5.1     61   4.61    245      3  322.3  337.6  323.2
  563.0   4941    1.4   -6.6     55   4.17    299      2  323.5  337.6  324.3
  556.0   5042    0.6   -5.4     64   4.63    338      1  323.7  339.2  324.6
  552.0   5100    0.4   -5.6     64   4.60      0      1  324.2  339.6  325.1
  543.0   5232    0.0   -6.0     64   4.52    300      2  325.2  340.5  326.1
  532.0   5396   -1.0   -6.7     65   4.37    225      3  326.0  340.8  326.8
  512.0   5701   -2.8   -8.1     67   4.09    200      2  327.4  341.3  328.2
  500.0   5890   -3.9   -8.9     68   3.92    145      2  328.2  341.7  329.0
  493.0   6001   -4.5   -9.5     68   3.78    155      3  328.8  341.8  329.5
  487.0   6097   -5.1  -10.1     68   3.66    152      3  329.2  341.9  330.0
  475.0   6291   -6.7  -10.0     78   3.79    145      3  329.6  342.7  330.4
  459.0   6558   -8.9   -9.8     93   3.98     12      3  330.1  343.9  330.9
  457.0   6592   -9.1  -10.0     93   3.95    355      3  330.3  343.9  331.1
  439.0   6901  -10.8  -11.4     95   3.67    310      2  331.9  344.7  332.6
  428.0   7096  -11.9  -12.3     97   3.50     62      1  332.9  345.2  333.6
  422.0   7203  -12.6  -13.7     91   3.16    125      1  333.4  344.6  334.1
  406.0   7497  -14.3  -17.6     77   2.39    180      7  334.8  343.4  335.3
  403.0   7554  -14.7  -18.3     74   2.26    178      7  335.1  343.3  335.5
  400.0   7610  -14.7  -18.2     75   2.29    175      6  335.8  344.1  336.3
  380.0   7997  -16.5  -19.2     80   2.22     68      7  338.4  346.5  338.8
  375.0   8095  -17.2  -19.8     80   2.14     40      7  338.7  346.6  339.2
  360.0   8397  -19.4  -21.6     83   1.91      5      6  339.8  346.9  340.2
  346.0   8691  -21.5  -23.3     86   1.71    345      8  340.8  347.2  341.1
  331.0   9019  -23.9  -25.2     89   1.50    345      9  341.8  347.5  342.1
  318.0   9309  -25.9  -27.8     84   1.23    345      9  343.1  347.8  343.3
  300.0   9730  -28.7  -31.5     77   0.92    295      9  344.8  348.4  345.0
  293.0   9896  -30.0  -33.0     74   0.81    280      9  345.3  348.6  345.5
  281.0  10189  -32.2  -35.8     70   0.64    270      9  346.3  348.9  346.4
  269.0  10496  -34.6  -38.7     66   0.50    235      7  347.2  349.3  347.3
  250.0  11010  -38.5  -43.5     59   0.33    260      7  348.7  350.1  348.8
  247.0  11092  -39.3  -44.3     59   0.30    260      6  348.7  350.0  348.8
  244.0  11175  -40.1  -45.1     59   0.28    254      6  348.7  349.9  348.8
  226.0  11682  -44.3                         215      6  350.0         350.0
  216.0  11981  -46.8                         210      5  350.6         350.6
  200.0  12490  -51.1                         290      6  351.7         351.7
  197.0  12585  -52.0                         300      4  351.8         351.8
  188.0  12877  -54.7                          15      3  352.2         352.2
  171.0  13470  -60.1                          75      5  352.8         352.8
  150.0  14290  -67.7                          90     25  353.3         353.3
  141.0  14659  -70.9                          91     30  354.0         354.0
  124.0  15405  -77.5                          94     41  355.2         355.2
  120.0  15591  -78.2                          95     44  357.2         357.2
  100.0  16620  -82.3                          75     42  368.5         368.5
   93.1  17017  -84.5                          65     36  371.7         371.7
   92.0  17084  -83.8                          65     31  374.4         374.4
   87.0  17397  -80.5                          85     18  387.0         387.0
   85.8  17474  -79.7                          84     13  390.2         390.2
   83.0  17662  -79.8                          80      2  393.8         393.8
   78.0  18014  -79.9                         170     14  400.6         400.6
   76.7  18109  -79.9                         141     12  402.5         402.5
   72.9  18402  -72.9                          55      7  423.2         423.2
   71.0  18557  -73.2                          10      4  425.8         425.8
   70.0  18640  -73.3                         335      3  427.2         427.2
   67.1  18887  -74.7                         277     10  429.4         429.4
   67.0  18896  -74.7                         275     10  429.6         429.6
   64.0  19163  -74.6                         230      8  435.4         435.4
   60.0  19539  -74.5                         115     11  443.8         443.8
   59.7  19568  -74.5                         112     11  444.4         444.4
   58.0  19738  -69.3                          97     11  459.9         459.9
   55.0  20059  -65.6                          70     11  475.3         475.3
   54.9  20070  -65.5                          68     11  475.8         475.8
   52.0  20401  -65.3                          15     10  483.8         483.8
   50.0  20640  -65.1                          20     10  489.7         489.7
   47.0  21016  -65.4                         355      5  497.6         497.6
   45.0  21280  -65.6                          55      8  503.3         503.3
   42.8  21585  -65.9                                     509.9         509.9
