-----------------------------------------------------------------------------
   PRES   HGHT   TEMP   DWPT   RELH   MIXR   DRCT   SKNT   THTA   THTE   THTV
    hPa     m      C      C      %    g/kg    deg   knot     K      K      K 
-----------------------------------------------------------------------------
 1007.0     24   29.4   25.7     81  21.18    300      7  301.9  364.9  305.8
 1000.0     85   28.0   23.0     74  18.05    315     13  301.1  354.5  304.4
  996.0    120   27.6   22.7     75  17.79    314     14  301.1  353.7  304.3
  950.0    536   23.8   21.1     85  16.89    302     24  301.3  351.3  304.4
  925.0    768   22.6   18.9     80  15.09    295     29  302.4  347.2  305.1
  911.0    901   22.2   18.0     77  14.51    295     29  303.3  346.5  305.9
  851.0   1494   20.2   14.2     68  12.10    300     21  307.2  344.0  309.4
  850.0   1504   20.2   14.2     68  12.12    300     21  307.3  344.1  309.5
  766.0   2388   15.4    9.4     67   9.74    290     14  311.4  341.6  313.2
  700.0   3153   11.2    5.2     67   7.98    285     14  314.9  340.2  316.4
  640.0   3897    7.4    1.4     66   6.66    285     13  318.7  340.3  320.0
  631.0   4015    6.8    0.8     66   6.47    279     13  319.3  340.3  320.6
  617.0   4198    5.7   -0.0     67   6.24    270     14  320.1  340.4  321.3
  573.0   4799    1.9   -2.7     72   5.52    295     11  322.5  340.8  323.6
  552.0   5103    0.0   -4.0     74   5.18    295     12  323.7  341.0  324.7
  532.0   5397   -1.9   -6.2     73   4.56    295     12  324.9  340.2  325.7
  512.0   5701   -3.9   -8.4     71   3.98    335      9  326.0  339.6  326.8
  500.0   5890   -5.1   -9.8     70   3.65    340      9  326.8  339.3  327.5
  489.0   6064   -6.1   -8.9     81   4.01    342     10  327.6  341.4  328.4
  474.0   6306   -7.5  -10.9     77   3.52    345     11  328.8  340.9  329.5
  439.0   6901  -11.1  -16.0     67   2.51    325     14  331.5  340.5  332.1
  434.0   6988  -11.3  -14.9     75   2.79    322     15  332.4  342.3  332.9
  423.0   7185  -12.1  -21.1     47   1.69    315     16  333.8  340.0  334.1
  400.0   7610  -14.9  -19.9     66   1.98    300     18  335.5  342.8  335.9
  375.0   8095  -17.5  -22.0     68   1.77    285     11  338.3  344.8  338.6
  361.0   8380  -19.1  -23.2     70   1.65    280      7  339.9  346.1  340.2
  360.0   8401  -19.3  -23.3     70   1.63    280      7  340.0  346.1  340.3
  346.0   8690  -21.5  -25.4     71   1.41    330      4  340.8  346.2  341.1
  332.0   8991  -23.8  -27.4     72   1.22     25      4  341.7  346.4  341.9
  319.0   9282  -26.1  -29.5     73   1.05    265      5  342.5  346.6  342.7
  306.0   9586  -28.4  -31.6     74   0.89    230      7  343.3  346.8  343.5
  300.0   9730  -29.5  -32.6     74   0.83    205      5  343.7  346.9  343.9
  293.0   9899  -31.1  -33.5     79   0.77    145      4  343.8  346.9  344.0
  291.0   9948  -31.5  -33.8     80   0.76    142      4  343.8  346.9  344.0
  281.0  10195  -33.2  -37.7     64   0.53    125      7  344.9  347.1  345.0
  279.0  10246  -33.5  -38.5     61   0.49    130      7  345.1  347.1  345.2
  265.0  10607  -36.7  -39.8     73   0.46    163     10  345.6  347.4  345.7
  258.0  10792  -38.0  -42.4     63   0.36    180     11  346.3  347.8  346.4
  250.0  11010  -39.5  -45.5     53   0.26    185     13  347.2  348.3  347.3
  248.0  11065  -39.9  -46.9     47   0.23    188     13  347.4  348.4  347.4
  247.0  11091  -40.1                         190     13  347.5         347.5
  200.0  12490  -51.9                         130     20  350.4         350.4
  197.0  12586  -52.8                         130     22  350.5         350.5
  170.0  13518  -61.9                         126     32  350.5         350.5
  162.0  13811  -64.3                         125     35  351.3         351.3
  150.0  14280  -68.1                         115     43  352.6         352.6
  131.0  15076  -74.7                          94     38  354.7         354.7
  120.0  15574  -77.0                          80     35  359.5         359.5
  102.0  16498  -81.2                         105     38  368.5         368.5
  100.0  16610  -81.7                         105     42  369.6         369.6
   90.4  17175  -84.7                          95     42  374.5         374.5
   87.0  17387  -85.0                          85     43  378.1         378.1
   82.7  17668  -85.3                          76     28  382.9         382.9
   82.0  17715  -85.1                          75     26  384.2         384.2
   78.0  17994  -84.0                         105     12  392.0         392.0
   75.4  18182  -83.3                         110     12  397.3         397.3
   73.9  18296  -78.7                         112     12  409.3         409.3
   71.5  18487  -75.3                         117     12  420.4         420.4
   70.0  18610  -76.3                         120     12  420.8         420.8
   64.7  19065  -75.3                          90     24  432.6         432.6
   63.0  19221  -72.3                          80     28  442.4         442.4
   61.3  19382  -69.3                          60     24  452.6         452.6
   60.0  19510  -69.0                          45     21  456.0         456.0
   57.0  19817  -68.4                          50     21  464.2         464.2
   56.5  19870  -68.3                          44     20  465.6         465.6
   55.2  20010  -65.5                          29     17  475.1         475.1
   54.0  20143  -65.7                          15     14  477.6         477.6
   52.0  20372  -66.1                         250      6  481.9         481.9
   50.0  20610  -66.5                         185      6  486.4         486.4
   49.0  20732  -66.6                         155      7  488.9         488.9
   45.0  21246  -67.0                         110     16  500.0         500.0
   40.7  21852  -67.5                          97     25  513.3         513.3
   40.0  21957  -67.2                          95     27  516.6         516.6
   37.0  22432  -65.8                         110     25  531.7         531.7
   32.0  23315  -63.3                          90     41  561.0         561.0
   31.6  23392  -63.1                          89     39  563.6         563.6
   30.3  23649  -64.5                          86     31  566.6         566.6
   30.0  23710  -64.3                          85     29  568.8         568.8
   26.9  24379  -61.9                          88     35  593.5         593.5
   25.0  24835  -57.8                          90     39  618.0         618.0
   24.8  24885  -57.3                          91     40  620.7         620.7
   22.0  25643  -55.7                         105     47  647.1         647.1
   21.7  25730  -55.5                         104     49  650.2         650.2
   20.0  26250  -53.5                          95     59  671.7         671.7
   17.0  27308  -47.6                          85     61  722.4         722.4
   16.3  27582  -46.1                          85     62  736.1         736.1
   14.2  28497  -44.9                          87     66  769.7         769.7
   11.0  30179  -49.3                          89     74  812.0         812.0
   10.2  30671  -49.9                          90     76  827.5         827.5
   10.0  30800  -50.1                          90     77  831.4         831.4
    9.0  31494  -47.1                          90     82  868.5         868.5
    8.7  31717  -46.1                                     880.7         880.7
