-----------------------------------------------------------------------------
   PRES   HGHT   TEMP   DWPT   RELH   MIXR   DRCT   SKNT   THTA   THTE   THTV
    hPa     m      C      C      %    g/kg    deg   knot     K      K      K 
-----------------------------------------------------------------------------
 1009.0     24   28.0   24.5     81  19.63    290      9  300.4  358.3  303.9
 1000.0     99   27.2   23.3     79  18.39    315      7  300.4  354.5  303.6
  978.0    296   25.8   22.3     81  17.65    300     20  300.8  352.9  304.0
  929.0    751   22.4   19.9     86  16.02    286     25  301.8  349.3  304.7
  925.0    789   22.4   19.5     84  15.68    285     25  302.2  348.7  305.0
  881.0   1212   19.8   17.9     89  14.87    273     19  303.8  348.2  306.4
  854.0   1481   20.2   13.2     64  11.29    266     15  306.9  341.2  309.0
  850.0   1521   20.0   13.0     64  11.19    265     14  307.1  341.1  309.1
  806.0   1979   18.2    5.2     42   6.93    259     12  309.9  331.5  311.2
  714.0   3004   11.0    3.1     58   6.76    245      6  312.8  334.2  314.1
  700.0   3171    9.8    2.8     62   6.73    240      5  313.3  334.6  314.6
  694.0   3242    9.4    1.4     57   6.14    243      5  313.6  333.2  314.8
  689.0   3302    9.2    2.7     64   6.80    245      5  314.1  335.7  315.4
  683.0   3375    9.0    4.3     72   7.68    252      5  314.6  339.0  316.1
  665.0   3596    8.6   -1.4     49   5.23    275      6  316.6  333.6  317.6
  655.0   3721    8.4   -4.6     39   4.17    279      8  317.7  331.5  318.5
  641.0   3899    7.7  -11.2     25   2.55    285     10  318.9  327.5  319.4
  636.0   3964    7.4  -13.6     21   2.12    276     11  319.3  326.6  319.7
  629.0   4055    6.8   -5.2     42   4.15    264     12  319.6  333.4  320.4
  618.0   4199    5.8   -4.1     49   4.59    245     13  320.1  335.3  321.0
  613.0   4266    5.4   -3.6     52   4.81    245     13  320.4  336.2  321.3
  612.0   4279    5.2   -2.8     56   5.11    245     13  320.3  337.1  321.3
  611.0   4293    5.4   -1.6     61   5.60    245     13  320.6  339.1  321.7
  608.0   4333    5.8   -6.2     42   3.98    245     13  321.6  334.9  322.3
  595.0   4510    5.6  -12.4     26   2.49    246     13  323.3  331.9  323.8
  525.0   5522    0.0  -17.0     27   1.93    249     15  328.4  335.3  328.8
  500.0   5910   -2.7  -20.7     24   1.48    250     15  329.7  335.1  330.0
  441.0   6886   -8.8  -25.5     24   1.09    260      7  334.1  338.2  334.3
  410.0   7452  -12.3  -28.3     25   0.91    208      4  336.5  340.0  336.7
  408.0   7489  -12.5  -26.8     29   1.05    205      4  336.7  340.7  337.0
  404.0   7564  -12.9  -23.9     39   1.38    203      4  337.2  342.4  337.5
  400.0   7640  -13.1  -23.1     43   1.50    200      4  337.9  343.5  338.2
  392.0   7793  -14.2  -26.4     35   1.14    195      4  338.5  342.8  338.7
  379.0   8049  -15.9  -31.9     24   0.70    329      2  339.4  342.2  339.6
  376.0   8109  -16.4  -30.4     29   0.82      0      1  339.5  342.7  339.6
  366.0   8311  -18.3  -25.3     54   1.34    275      2  339.6  344.7  339.9
  362.0   8392  -18.8  -26.4     51   1.23    240      3  340.0  344.8  340.3
  320.0   9302  -24.4  -38.2     27   0.44    270      5  344.5  346.4  344.6
  319.0   9326  -24.5  -38.5     26   0.43    271      5  344.6  346.4  344.7
  300.0   9770  -27.9  -43.9     20   0.26    290     10  345.9  347.1  346.0
  290.0  10012  -29.5  -50.5     11   0.13    297      9  347.0  347.6  347.1
  271.0  10486  -33.8  -50.2     17   0.14    310      8  347.6  348.2  347.6
  259.0  10803  -36.7  -50.0     24   0.15    305     10  347.9  348.6  347.9
  250.0  11050  -38.9  -49.9     30   0.16    340      7  348.1  348.8  348.1
  248.0  11105  -39.4  -50.0     32   0.16    340      6  348.2  348.9  348.2
  245.0  11189  -40.1  -50.1     33   0.16    334      5  348.3  349.0  348.4
  238.0  11384  -41.7                         320      3  348.8         348.8
  227.0  11701  -44.2                         115      7  349.7         349.7
  200.0  12550  -51.1                          75     19  351.7         351.7
  189.0  12904  -53.9                          75     27  352.9         352.9
  150.0  14350  -65.3                          95     43  357.4         357.4
  142.0  14669  -67.7                          95     43  358.8         358.8
  122.0  15553  -74.4                          80     37  362.6         362.6
  115.0  15897  -77.0                          70     22  363.9         363.9
  104.0  16482  -81.4                         130     12  366.1         366.1
  100.0  16710  -83.1                         130     14  366.9         366.9
