-----------------------------------------------------------------------------
   PRES   HGHT   TEMP   DWPT   RELH   MIXR   DRCT   SKNT   THTA   THTE   THTV
    hPa     m      C      C      %    g/kg    deg   knot     K      K      K 
-----------------------------------------------------------------------------
 1008.0     24   28.0   25.1     84  20.40      0      0  300.5  360.7  304.1
 1000.0     95   27.6   23.3     77  18.39    315      7  300.8  355.0  304.1
  977.0    301   26.5   21.7     75  17.00    300     20  301.6  351.9  304.7
  925.0    784   23.8   17.8     69  14.06    290     27  303.6  345.7  306.2
  882.0   1198   22.0   14.0     60  11.52    284     24  305.9  340.8  308.1
  850.0   1517   19.8   13.8     68  11.80    280     22  306.9  342.7  309.1
  767.0   2391   15.0    9.0     67   9.50    280     20  310.9  340.4  312.7
  700.0   3169   10.8    4.8     66   7.76    280     17  314.4  339.0  315.9
  560.0   4991    0.0   -2.1     86   5.89    276     15  322.4  341.8  323.5
  545.0   5208   -0.3   -5.3     69   4.76    275     15  324.5  340.5  325.4
  532.0   5399   -1.7   -5.7     74   4.74    275     15  325.1  341.1  326.1
  501.0   5874   -5.1   -6.6     89   4.68    265     16  326.6  342.4  327.5
  500.0   5890   -5.3   -6.7     90   4.66    265     16  326.5  342.3  327.4
  475.0   6290   -7.7   -8.9     91   4.14    280     13  328.3  342.5  329.1
  424.0   7175  -13.1  -13.7     95   3.15    324     12  332.3  343.4  332.9
  423.0   7193  -13.2  -13.9     95   3.11    325     12  332.4  343.4  333.1
  400.0   7620  -14.9  -17.8     79   2.37    310     14  335.5  344.1  336.0
  390.0   7811  -15.7  -19.8     71   2.05    310     13  336.9  344.4  337.3
  374.0   8126  -17.1  -23.1     60   1.60    279     11  339.1  345.1  339.5
  367.0   8267  -18.3  -22.3     71   1.75    264     10  339.4  345.9  339.7
  346.0   8702  -21.2  -25.0     71   1.46    220      7  341.1  346.7  341.4
  328.0   9096  -23.9  -27.5     72   1.23    236      6  342.7  347.5  343.0
  319.0   9297  -25.4  -31.5     57   0.86    245      5  343.4  346.8  343.6
  309.0   9528  -27.1  -36.1     42   0.57    134      3  344.1  346.4  344.3
  306.0   9598  -27.6  -36.6     42   0.55    100      3  344.4  346.6  344.5
  300.0   9740  -28.7  -37.7     42   0.50     75      4  344.8  346.9  344.9
  293.0   9906  -30.1  -38.5     43   0.47     55      4  345.2  347.1  345.3
  270.0  10480  -34.8  -41.5     51   0.37     60     10  346.4  348.0  346.5
  250.0  11020  -39.3  -44.3     59   0.30     70     17  347.5  348.8  347.6
  247.0  11102  -40.1  -45.0     59   0.28     72     17  347.5  348.7  347.6
  200.0  12500  -51.9                         115     24  350.4         350.4
  197.0  12595  -52.7                         115     24  350.7         350.7
  150.0  14300  -67.1                         115     43  354.3         354.3
  120.0  15582  -76.8                         110     49  359.9         359.9
  100.0  16630  -84.7                          90     30  363.8         363.8
   92.0  17089  -86.6                          65     21  368.9         368.9
   87.5  17364  -87.7                          80     29  372.0         372.0
   85.6  17485  -84.3                          85     30  381.2         381.2
   82.2  17710  -83.9                          94     32  386.4         386.4
   82.0  17724  -83.7                          95     32  387.1         387.1
   78.4  17976  -80.3                         104     22  399.1         399.1
   78.0  18006  -79.0                         105     21  402.5         402.5
   77.5  18042  -77.3                         108     21  406.7         406.7
   74.0  18309  -76.9                         130     18  412.9         412.9
   70.0  18630  -76.5                         110     25  420.4         420.4
   67.0  18880  -78.2                          95     29  422.0         422.0
   66.5  18923  -78.5                          97     29  422.3         422.3
   64.2  19124  -77.9                         105     30  427.9         427.9
   63.0  19233  -75.7                         110     30  435.0         435.0
   61.5  19372  -72.9                         100     30  444.2         444.2
   59.0  19615  -72.5                          84     29  450.4         450.4
   57.0  19820  -69.0                          70     29  462.9         462.9
   56.4  19882  -67.9                          63     27  466.7         466.7
   54.0  20145  -66.8                          35     20  475.2         475.2
   51.1  20478  -65.3                          21     21  486.1         486.1
   50.0  20610  -65.9                          15     21  487.8         487.8
   49.0  20732  -66.4                          10     19  489.4         489.4
   47.7  20895  -67.1                          20     12  491.5         491.5
   47.0  20984  -67.1                          25      8  493.7         493.7
   45.0  21247  -67.0                         150      7  500.1         500.1
   43.0  21522  -66.8                         145     10  507.0         507.0
   40.0  21959  -66.6                         105     22  518.0         518.0
   35.2  22732  -66.3                         100     32  538.2         538.2
   35.0  22767  -66.2                         100     32  539.4         539.4
   32.0  23315  -63.9                         110     33  559.4         559.4
   30.0  23710  -62.3                         110     30  574.2         574.2
   28.3  24070  -61.9                         106     35  585.0         585.0
   26.0  24601  -57.4                         100     42  612.2         612.2
   25.4  24747  -56.1                          97     43  619.9         619.9
   21.0  25958  -54.9                          76     49  658.1         658.1
   20.0  26270  -53.9                          70     51  670.4         670.4
   16.5  27516  -49.9                          78     61  721.2         721.2
   14.0  28591  -49.4                          85     69  757.6         757.6
   13.5  28829  -49.3                                     765.9         765.9
