-----------------------------------------------------------------------------
   PRES   HGHT   TEMP   DWPT   RELH   MIXR   DRCT   SKNT   THTA   THTE   THTV
    hPa     m      C      C      %    g/kg    deg   knot     K      K      K 
-----------------------------------------------------------------------------
 1011.0     24   25.2   24.1     94  19.12    220      8  297.4  353.0  300.8
 1000.0    119   25.0   23.2     90  18.28    240     10  298.1  351.5  301.4
  925.0    803   21.6   19.8     90  15.98    260     17  301.4  348.6  304.3
  915.0    898   21.1   19.3     89  15.64    265     15  301.8  348.1  304.6
  874.0   1297   19.0   17.1     89  14.24    256     13  303.6  346.1  306.2
  854.0   1498   19.6   17.3     87  14.77    251     11  306.2  350.8  309.0
  850.0   1539   19.4   16.8     85  14.37    250     11  306.4  349.9  309.1
  825.0   1795   17.2   14.8     86  13.02    250     10  306.8  346.2  309.2
  811.0   1943   16.0   13.7     86  12.30    243     10  307.0  344.3  309.2
  796.0   2102   15.5   13.4     87  12.30    235     10  308.1  345.6  310.4
  775.0   2329   14.8   13.0     89  12.29    241     11  309.7  347.4  312.0
  705.0   3128   10.6    8.2     85   9.77    263     15  313.6  344.1  315.4
  700.0   3187    9.2    6.9     86   8.99    265     15  312.6  340.8  314.3
  699.0   3199    9.2    7.0     86   9.07    265     15  312.8  341.1  314.5
  690.0   3305    8.6    6.5     87   8.90    265     15  313.3  341.2  315.0
  597.0   4487    2.2    1.4     94   7.13    255     21  319.1  342.1  320.5
  568.0   4894    0.0   -0.4     97   6.59    248     18  321.1  342.6  322.3
  554.0   5093   -0.8   -1.2     97   6.37    245     17  322.5  343.4  323.7
  519.0   5615   -2.7   -3.3     96   5.81    283     11  326.2  345.7  327.3
  513.0   5707   -3.2   -3.8     96   5.68    290     10  326.7  345.7  327.8
  500.0   5910   -4.3   -4.8     96   5.39    290      9  327.7  345.9  328.8
  425.0   7176  -10.9  -12.5     88   3.46    280     15  334.9  347.1  335.6
  424.0   7194  -11.0  -12.6     88   3.44    280     15  335.0  347.2  335.7
  400.0   7640  -13.3  -15.1     86   2.98    255     11  337.6  348.3  338.2
  392.0   7792  -14.3  -16.1     86   2.79    255     12  338.3  348.4  338.9
  362.0   8392  -18.1  -20.1     85   2.15    260      9  340.9  348.9  341.4
  352.0   8603  -19.5  -21.5     84   1.96    236      7  341.8  349.1  342.2
  334.0   8986  -22.5  -24.6     82   1.57    190      2  342.9  348.9  343.3
  320.0   9299  -24.9  -27.2     81   1.30     80      4  343.8  348.8  344.1
  307.0   9602  -27.2  -29.6     80   1.07    105      4  344.6  348.8  344.9
  300.0   9770  -28.5  -31.0     79   0.97    100      4  345.1  348.9  345.3
  294.0   9912  -29.7  -32.3     78   0.87     75      2  345.4  348.8  345.6
  282.0  10204  -32.2  -35.0     76   0.70     85      4  346.0  348.8  346.1
  271.0  10484  -34.5  -37.6     74   0.56      0      1  346.5  348.8  346.6
  259.0  10802  -37.2  -40.5     71   0.43    220      3  347.1  348.9  347.2
  250.0  11050  -39.3  -42.8     69   0.35     45      5  347.5  349.0  347.6
  248.0  11104  -39.7  -43.3     69   0.34     55      5  347.7  349.1  347.8
  247.0  11132  -39.9  -43.5     68   0.33     52      5  347.8  349.2  347.9
  237.0  11404  -42.4                          25      1  348.2         348.2
  227.0  11687  -45.0                         310      2  348.5         348.5
  217.0  11983  -47.8                         150      2  348.8         348.8
  207.0  12294  -50.6                          75      4  349.0         349.0
  200.0  12520  -52.7                          55      4  349.1         349.1
  198.0  12583  -53.2                          75      2  349.4         349.4
  189.0  12874  -55.5                         105      9  350.3         350.3
  156.0  14075  -65.1                          90     32  353.7         353.7
  150.0  14320  -67.1                          95     38  354.3         354.3
  132.0  15074  -73.5                         103     44  356.1         356.1
  127.0  15293  -74.7                         105     46  357.8         357.8
  103.0  16482  -81.4                          90     70  367.2         367.2
  100.0  16650  -82.3                          90     66  368.5         368.5
   92.0  17121  -79.9                          80     45  382.1         382.1
   88.0  17372  -78.6                          55     18  389.6         389.6
   87.1  17430  -78.3                                     391.3         391.3
