-----------------------------------------------------------------------------
   PRES   HGHT   TEMP   DWPT   RELH   MIXR   DRCT   SKNT   THTA   THTE   THTV
    hPa     m      C      C      %    g/kg    deg   knot     K      K      K 
-----------------------------------------------------------------------------
 1009.0     24   29.4   23.4     70  18.34    290      2  301.8  356.1  305.1
 1000.0    104   28.0   22.0     70  16.96    295      8  301.1  351.3  304.2
  992.0    175   27.2   22.2     74  17.32    293      9  301.0  352.2  304.1
  961.0    456   24.8   20.8     78  16.38    287     14  301.4  349.8  304.3
  941.0    641   25.0   17.0     61  13.12    283     17  303.4  342.6  305.8
  925.0    791   24.2   16.2     61  12.68    280     20  304.1  342.1  306.4
  850.0   1528   20.4    9.4     49   8.78    265     21  307.5  334.4  309.1
  849.0   1538   20.4    9.4     49   8.79    265     21  307.6  334.6  309.2
  823.0   1806   18.2   10.8     62  10.00    270     21  308.1  338.7  309.9
  820.0   1837   18.0   11.0     64  10.15    270     21  308.1  339.2  310.0
  755.0   2538   13.8    2.8     47   6.24    262     18  310.9  330.6  312.1
  741.0   2696   12.7    6.1     64   8.02    260     17  311.4  336.4  312.9
  735.0   2764   12.2    7.5     73   8.93    259     18  311.6  339.4  313.3
  700.0   3172   10.4    4.4     66   7.55    255     24  314.0  337.8  315.4
  619.0   4187    4.9    0.2     72   6.32    250     20  318.9  339.4  320.1
  599.0   4458    3.4   -0.9     73   6.02    254     19  320.2  339.8  321.3
  564.0   4946    0.6   -6.4     59   4.22    263     17  322.4  336.6  323.2
  546.0   5207    0.0  -22.0     17   1.21    267     16  324.7  329.1  324.9
  516.0   5659   -1.1  -29.1     10   0.67    274     14  328.7  331.2  328.8
  514.0   5690   -1.3  -29.4     10   0.66    275     14  328.8  331.3  328.9
  500.0   5910   -2.5  -31.5      9   0.55    260     10  329.9  332.1  330.0
  476.0   6294   -5.1  -31.9     10   0.56    230      9  331.4  333.5  331.5
  424.0   7196  -11.2  -32.8     15   0.57    220     11  334.7  336.9  334.8
  408.0   7496  -13.2  -33.1     17   0.58    245      8  335.8  338.0  335.9
  400.0   7650  -14.3  -33.3     18   0.58    255      8  336.3  338.6  336.4
  392.0   7801  -15.4  -32.5     22   0.64    245      8  336.8  339.3  336.9
  377.0   8092  -17.6  -30.9     30   0.77    215      9  337.7  340.8  337.9
  364.0   8354  -19.5  -29.5     41   0.92    234      7  338.6  342.1  338.8
  351.0   8622  -20.9  -34.9     27   0.56    254      5  340.2  342.5  340.3
  347.0   8706  -21.6  -32.2     38   0.74    260      4  340.4  343.3  340.6
  345.0   8749  -21.9  -30.9     44   0.85    250      4  340.5  343.8  340.7
  333.0   9007  -23.1  -37.4     26   0.46    190      5  342.4  344.2  342.5
  325.0   9184  -23.9  -41.9     17   0.30    175      5  343.6  344.9  343.7
  307.0   9594  -27.0  -43.6     19   0.26    140      6  344.9  346.0  344.9
  300.0   9760  -28.3  -44.3     20   0.25    130      5  345.4  346.4  345.4
  282.0  10204  -32.3  -42.6     35   0.32    120      7  345.8  347.2  345.9
  281.0  10229  -32.5  -42.5     36   0.32    117      7  345.9  347.2  345.9
  273.0  10434  -33.5  -48.5     21   0.17     90     10  347.3  348.0  347.3
  270.0  10511  -34.2  -48.5     22   0.18     80     11  347.4  348.1  347.4
  250.0  11050  -39.1  -48.1     38   0.20     65     14  347.8  348.6  347.8
  247.0  11132  -39.9  -48.9     38   0.18     65     16  347.8  348.6  347.8
  217.0  11990  -46.6                          65     32  350.5         350.5
  200.0  12530  -50.9                          85     35  352.0         352.0
  164.0  13779  -61.5                         115     32  354.7         354.7
  150.0  14340  -66.3                         120     37  355.7         355.7
  146.0  14502  -67.9                         116     37  355.7         355.7
  141.0  14707  -69.4                         110     36  356.5         356.5
  128.0  15275  -73.7                          90     49  358.8         358.8
  123.0  15509  -75.5                          88     50  359.7         359.7
  115.0  15893  -76.9                          85     52  364.1         364.1
  100.0  16690  -79.7                          65     19  373.5         373.5
   98.0  16803  -80.4                          60     18  374.2         374.2
   93.0  17095  -82.3                          20     15  376.2         376.2
   88.0  17404  -84.3                           5     18  378.2         378.2
   87.0  17468  -84.7                          10     20  378.6         378.6
   84.0  17664  -82.0                         355     15  387.9         387.9
   81.9  17805  -80.1                         318     15  394.6         394.6
   79.0  18008  -80.4                         265     16  398.0         398.0
   75.3  18279  -80.9                         228     21  402.5         402.5
   75.0  18301  -80.9                         225     21  403.0         403.0
   71.0  18610  -80.4                         160     21  410.4         410.4
   70.0  18690  -80.3                         145     23  412.3         412.3
   65.5  19070  -76.7                         130     25  428.0         428.0
   62.0  19385  -78.3                         118     27  431.2         431.2
   59.5  19624  -73.7                         109     28  446.6         446.6
   52.0  20424  -68.3                          80     33  476.7         476.7
   51.7  20459  -68.1                          77     32  478.0         478.0
   50.0  20660  -68.1                          60     25  482.6         482.6
   45.0  21294  -67.5                          70     19  498.9         498.9
   39.5  22078  -66.7                          81     26  519.7         519.7
   36.6  22543  -61.5                          87     30  544.6         544.6
   33.0  23187  -60.1                          95     36  564.6         564.6
   32.0  23378  -59.7                         103     33  570.7         570.7
   30.0  23780  -60.1                         120     27  580.2         580.2
   28.9  24012  -61.5                         116     30  582.6         582.6
   24.4  25072  -56.1                          97     45  627.0         627.0
   22.0  25732  -55.1                          85     54  649.0         649.0
   20.0  26340  -54.1                          80     52  669.8         669.8
   19.8  26404  -53.9                          80     52  672.4         672.4
   18.5  26844  -50.3                          79     52  696.8         696.8
   15.0  28225  -47.1                          75     53  750.6         750.6
   14.1  28632  -46.1                          79     57  767.2         767.2
   12.0  29718  -41.4                          90     66  820.2         820.2
   11.5  30005  -40.1                                     834.7         834.7
