-----------------------------------------------------------------------------
   PRES   HGHT   TEMP   DWPT   RELH   MIXR   DRCT   SKNT   THTA   THTE   THTV
    hPa     m      C      C      %    g/kg    deg   knot     K      K      K 
-----------------------------------------------------------------------------
 1006.0     24   29.0   24.1     75  19.21      0      0  301.6  358.6  305.1
 1000.0     78   28.8   23.9     75  19.09    305      5  301.9  358.6  305.4
  975.0    301   26.9   22.4     77  17.88    315     10  302.2  355.3  305.5
  943.0    596   24.4   20.5     79  16.38    309     12  302.6  351.3  305.6
  925.0    764   23.6   19.5     78  15.68    305     13  303.4  350.2  306.3
  850.0   1503   19.2   14.9     76  12.69    285     12  306.2  344.6  308.6
  830.0   1707   17.6   14.6     83  12.75    288     12  306.6  345.2  309.0
  821.0   1800   17.3   13.9     80  12.29    290     12  307.3  344.6  309.5
  722.0   2890   13.4    5.4     58   7.85    285     15  314.5  339.4  316.0
  713.0   2995   12.8    5.2     60   7.81    285     15  314.9  339.7  316.4
  700.0   3149   11.8    4.8     62   7.76    275     12  315.5  340.2  317.0
  688.0   3294   10.6    5.7     72   8.43    265     11  315.8  342.5  317.4
  678.0   3416    9.6    6.5     81   9.03    267     10  315.9  344.6  317.7
  640.0   3889    7.0    3.7     80   7.84    275      4  318.2  343.4  319.7
  617.0   4188    5.3    1.9     79   7.15    255      4  319.6  342.8  321.0
  595.0   4486    3.6    0.1     78   6.51    280      5  321.0  342.3  322.3
  573.0   4794    1.9   -1.8     77   5.90    255      8  322.5  341.9  323.6
  552.0   5100    0.2   -3.6     76   5.33    260      5  323.9  341.7  324.9
  550.0   5130    0.0   -3.8     76   5.28    256      5  324.0  341.6  325.1
  512.0   5701   -3.0   -7.0     74   4.44    175      5  327.1  342.2  328.0
  501.0   5874   -3.9   -8.0     73   4.20    125      3  328.0  342.4  328.9
  500.0   5890   -3.9   -7.6     75   4.34    120      3  328.2  343.1  329.1
  493.0   6001   -4.4   -9.6     67   3.76    110      2  328.9  341.9  329.7
  475.0   6294   -5.8  -14.9     49   2.55    210      6  330.7  339.8  331.2
  471.0   6360   -6.1  -16.1     45   2.32    210      7  331.1  339.4  331.6
  457.0   6595   -7.7  -17.7     45   2.10    210     12  332.0  339.6  332.5
  428.0   7103  -11.1  -21.1     44   1.67    188     10  333.9  340.1  334.3
  416.0   7321  -12.7  -19.7     56   1.94    178      9  334.6  341.7  335.0
  406.0   7507  -13.7  -21.9     50   1.64    170      8  335.7  341.7  336.0
  400.0   7620  -14.3  -23.3     46   1.47    185      7  336.3  341.8  336.6
  396.0   7696  -14.3  -25.3     39   1.24    192      8  337.3  342.0  337.5
  391.0   7792  -15.0  -25.8     39   1.21    200      9  337.6  342.2  337.8
  375.0   8107  -17.3  -27.3     41   1.09    209      9  338.6  342.8  338.8
  369.0   8228  -18.5  -24.5     59   1.43    212      9  338.6  344.0  338.9
  346.0   8698  -21.7  -26.6     64   1.26    225      9  340.5  345.3  340.7
  332.0   8999  -23.8  -28.0     68   1.15    220      6  341.7  346.1  341.9
  319.0   9291  -25.8  -29.4     72   1.06    235      2  342.8  346.9  343.0
  306.0   9595  -27.9  -30.7     77   0.97      0      1  344.0  347.8  344.2
  300.0   9740  -28.9  -31.4     79   0.93     75      1  344.5  348.2  344.7
  298.0   9788  -29.5  -32.0     79   0.88     82      1  344.3  347.8  344.5
  293.0   9905  -30.5  -33.2     77   0.80    100      1  344.6  347.8  344.8
  281.0  10196  -32.9  -36.2     72   0.62    140      5  345.3  347.8  345.4
  258.0  10791  -37.9  -42.3     63   0.36    155     10  346.5  348.0  346.6
  250.0  11010  -39.7  -44.6     59   0.29    150     12  346.9  348.1  347.0
  248.0  11065  -40.1  -45.0     59   0.28    149     12  347.1  348.3  347.2
  200.0  12490  -51.7                         110     17  350.7         350.7
  179.0  13184  -57.4                          95     19  352.7         352.7
  150.0  14290  -66.5                          75     32  355.3         355.3
  149.0  14330  -66.7                          75     33  355.7         355.7
  133.0  14988  -71.1                          70     48  359.5         359.5
  108.0  16194  -79.3                         100     30  366.1         366.1
  100.0  16640  -82.3                         100     30  368.5         368.5
   91.1  17156  -87.1                         105     29  368.9         368.9
   83.0  17666  -85.5                         115     39  382.2         382.2
   82.2  17720  -85.3                         108     37  383.6         383.6
   78.7  17964  -77.9                          76     30  403.7         403.7
   78.0  18016  -77.7                          70     29  405.1         405.1
   71.0  18558  -75.6                          15     12  420.6         420.6
   70.0  18640  -75.3                           5     12  423.0         423.0
   68.0  18809  -73.7                         329     14  429.9         429.9
   67.0  18895  -74.1                         310     15  430.8         430.8
   61.1  19430  -76.9                         272      9  436.2         436.2
   60.0  19536  -76.4                         265      8  439.6         439.6
   57.0  19834  -74.9                         105     12  449.4         449.4
   54.0  20149  -73.4                         100     14  459.9         459.9
   53.4  20214  -73.1                         113     10  462.1         462.1
   52.0  20370  -73.2                         145      2  465.4         465.4
   50.0  20600  -73.3                         175      3  470.4         470.4
   47.0  20959  -75.0                          85     17  474.6         474.6
   46.9  20972  -75.1                          85     17  474.7         474.7
   42.4  21559  -72.1                         103     25  496.0         496.0
   42.0  21616  -71.5                         105     26  498.8         498.8
   37.5  22293  -64.5                          76     36  533.1         533.1
   36.0  22547  -62.9                          65     39  543.5         543.5
   33.0  23086  -59.6                         100     43  566.0         566.0
   30.8  23514  -56.9                          82     36  584.5         584.5
   30.0  23680  -56.9                          75     34  588.9         588.9
   29.0  23892  -57.7                          70     20  592.5         592.5
   25.2  24771  -60.9                          80     24  607.6         607.6
   25.0  24821  -60.5                          80     30  610.1         610.1
   23.6  25181  -57.5                          87     45  629.0         629.0
   23.0  25344  -57.1                          90     52  634.8         634.8
   20.0  26230  -54.9                         100     55  667.4         667.4
   19.6  26359  -54.9                         100     56  671.2         671.2
   16.4  27511  -49.7                          97     62  723.1         723.1
   14.1  28506  -47.6                          95     68  762.1         762.1
   14.0  28553  -47.5                          95     68  764.0         764.0
   13.2  28941  -46.7                                     779.7         779.7
