-----------------------------------------------------------------------------
   PRES   HGHT   TEMP   DWPT   RELH   MIXR   DRCT   SKNT   THTA   THTE   THTV
    hPa     m      C      C      %    g/kg    deg   knot     K      K      K 
-----------------------------------------------------------------------------
 1000.0   -366   22.6   19.1     81  14.12    290     18  295.8  336.5  298.2
  925.0    538   18.6   16.0     85  12.51    275     20  298.3  334.9  300.6
  850.0   1265   17.0    5.0     45   6.47    285     13  303.9  323.7  305.1
  700.0   2894    8.4   -4.6     39   3.90    270     20  311.8  324.4  312.5
  500.0   6600   -6.5  -41.5      4   0.20    200      8  325.1  325.9  325.1
  400.0   8310  -17.1  -34.1     21   0.54     55      5  332.7  334.8  332.8
  300.0  10400  -32.3  -52.3     12   0.10     30     22  339.7  340.2  339.8
  250.0  11660  -42.5                          65     32  342.7         342.7
  200.0  13130  -54.7                         120     35  346.0         346.0
  150.0  14900  -70.5                          95     41  348.5         348.5
  100.0     24   28.6   24.4     78 274.09      0      1  582.610716.2  658.8
   87.1   1083  -90.3                          63     18  367.2         367.2
   82.0   1410  -87.8                          90     25  378.8         378.8
   78.1   1674  -85.7                                     388.4         388.4
