-----------------------------------------------------------------------------
   PRES   HGHT   TEMP   DWPT   RELH   MIXR   DRCT   SKNT   THTA   THTE   THTV
    hPa     m      C      C      %    g/kg    deg   knot     K      K      K 
-----------------------------------------------------------------------------
 1008.0     24   29.4   25.7     81  21.16    320      7  301.9  364.8  305.7
 1000.0     90   28.4   23.4     74  18.51    310      9  301.6  356.4  304.9
  952.0    528   24.6   21.0     80  16.75    294     11  302.0  351.6  305.0
  925.0    782   22.8   19.9     84  16.09    285     12  302.6  350.4  305.5
  882.0   1194   21.6   16.0     70  13.12    275     11  305.5  345.1  307.9
  861.0   1403   21.0   14.0     64  11.80    275     10  307.0  342.9  309.2
  850.0   1514   20.2   13.2     64  11.34    275     10  307.3  341.8  309.4
  822.0   1799   18.5   11.9     65  10.75    255     11  308.5  341.4  310.5
  766.0   2400   15.1    9.1     68   9.57    205     10  311.0  340.7  312.8
  700.0   3167   10.6    5.6     71   8.21    190     13  314.2  340.1  315.8
  664.0   3597    8.0    3.0     71   7.22    190     13  316.1  339.1  317.4
  563.0   4942    0.0   -5.0     69   4.71    184     15  321.9  337.5  322.8
  533.0   5377   -2.1  -11.1     50   3.09    182     16  324.4  335.0  325.0
  524.0   5512   -2.5  -14.5     39   2.39    182     16  325.5  333.9  326.0
  515.0   5648   -3.7  -13.7     46   2.59    181     17  325.7  334.7  326.2
  500.0   5880   -5.1  -12.1     58   3.04    180     17  326.8  337.3  327.4
  473.0   6315   -7.9  -13.9     62   2.78    180     15  328.5  338.2  329.1
  458.0   6566   -8.7  -13.7     67   2.91    180     13  330.6  340.8  331.1
  456.0   6600   -8.7  -14.3     64   2.79    180     13  331.0  340.8  331.5
  451.0   6686   -8.7  -15.7     57   2.51    176     12  332.0  341.0  332.5
  439.0   6894   -9.8  -17.9     52   2.14    165      8  333.2  341.0  333.6
  422.0   7198  -11.4  -21.1     44   1.69    130      6  335.0  341.2  335.3
  400.0   7610  -13.5  -25.5     36   1.21    120     10  337.4  341.9  337.6
  367.0   8261  -17.5  -30.5     31   0.83    128      9  340.4  343.7  340.6
  360.0   8403  -18.6  -31.3     32   0.78    130      9  340.8  343.9  341.0
  319.0   9291  -25.5  -36.3     36   0.54    140      9  343.2  345.4  343.3
  304.0   9645  -28.3  -38.3     38   0.46    128      8  344.1  346.0  344.2
  300.0   9740  -28.7  -39.7     34   0.41    125      8  344.8  346.5  344.9
  283.0  10156  -32.1  -45.1     26   0.24    109     18  345.7  346.8  345.8
  269.0  10509  -35.1  -45.7     33   0.24     95     26  346.4  347.4  346.4
  250.0  11020  -39.5  -46.5     47   0.24    105     26  347.2  348.2  347.2
  248.0  11075  -39.9  -45.9     53   0.25    102     27  347.4  348.5  347.5
  247.0  11101  -40.1                         100     27  347.5         347.5
  216.0  11990  -47.9                          75     22  349.1         349.1
  200.0  12500  -52.3                          70     26  349.8         349.8
  150.0  14300  -66.7                          80     37  355.0         355.0
  120.0  15582  -76.2                          85     35  361.0         361.0
  102.0  16516  -83.1                          90     40  364.9         364.9
  100.0  16630  -83.9                         100     40  365.4         365.4
   97.0  16798  -84.5                         115     43  367.4         367.4
   91.2  17139  -85.7                         120     47  371.6         371.6
   87.0  17399  -85.2                         105     48  377.7         377.7
   83.6  17619  -84.7                          94     36  382.9         382.9
   80.4  17836  -81.5                          83     25  393.8         393.8
   78.0  18007  -81.1                          75     16  398.1         398.1
   74.0  18304  -80.4                         165      5  405.5         405.5
   72.1  18451  -80.1                         132      6  409.2         409.2
   70.6  18571  -77.5                         106      8  417.2         417.2
   70.0  18620  -77.5                          95      8  418.3         418.3
   63.0  19225  -77.3                          85     11  431.5         431.5
   62.5  19270  -77.3                          92     11  432.5         432.5
   60.0  19507  -74.1                         130      9  444.6         444.6
   59.2  19585  -73.1                         130      8  448.6         448.6
   57.1  19797  -73.3                         130      7  452.9         452.9
   57.0  19807  -73.2                         130      7  453.4         453.4
   53.9  20139  -68.3                         104     16  471.9         471.9
   50.0  20590  -68.3                          70     28  482.1         482.1
   49.8  20614  -68.3                          70     28  482.7         482.7
   49.0  20712  -67.3                          70     30  487.4         487.4
   47.2  20938  -64.9                          70     28  498.3         498.3
   44.0  21362  -66.6                          70     24  504.3         504.3
   40.2  21907  -68.7                         110     26  512.1         512.1
   40.0  21936  -68.6                         110     26  513.0         513.0
   37.2  22371  -67.7                         107     30  526.2         526.2
   35.0  22742  -64.1                         105     34  544.8         544.8
   34.4  22847  -63.1                         106     34  550.1         550.1
   31.0  23487  -62.5                         115     31  568.3         568.3
   30.0  23690  -60.5                          95     38  579.1         579.1
   28.5  24012  -57.1                          95     39  597.1         597.1
   21.7  25733  -57.5                          95     43  644.2         644.2
   20.0  26250  -55.5                          95     44  665.5         665.5
   19.0  26579  -53.5                          90     47  681.5         681.5
   18.5  26750  -52.5                          89     47  689.9         689.9
   17.0  27295  -53.3                          87     47  704.2         704.2
   16.0  27688  -50.6                          85     47  725.2         725.2
   15.8  27770  -50.1                                     729.6         729.6
