-----------------------------------------------------------------------------
   PRES   HGHT   TEMP   DWPT   RELH   MIXR   DRCT   SKNT   THTA   THTE   THTV
    hPa     m      C      C      %    g/kg    deg   knot     K      K      K 
-----------------------------------------------------------------------------
 1010.0     24   27.0   24.4     86  19.49      0      0  299.3  356.5  302.8
 1000.0    109   26.4   23.3     83  18.39    265     15  299.6  353.5  302.8
  979.0    296   24.3   22.4     89  17.82    265     20  299.3  351.5  302.4
  978.0    305   24.2   22.4     90  17.79    265     20  299.2  351.4  302.4
  926.0    784   21.8   20.4     92  16.59    270     17  301.5  350.6  304.5
  925.0    793   21.6   20.1     91  16.29    270     17  301.4  349.6  304.3
  913.0    907   22.2   19.9     87  16.30    267     16  303.1  351.7  306.1
  883.0   1196   19.6   18.0     91  14.90    260     14  303.3  347.7  306.0
  879.0   1236   19.2   17.7     91  14.72    253     14  303.3  347.2  306.0
  853.0   1494   18.1   16.7     91  14.24    210     16  304.8  347.5  307.4
  850.0   1524   18.0   16.6     92  14.18    210     16  305.0  347.6  307.6
  827.0   1760   17.6   15.5     87  13.57    210     16  307.0  348.1  309.5
  757.0   2511   13.0    6.0     62   7.80    210     14  309.8  334.1  311.3
  747.0   2623   12.6    7.6     72   8.84    210     14  310.6  338.0  312.2
  728.0   2839   12.2    2.2     50   6.20    210     14  312.4  332.1  313.6
  700.0   3167   10.2    4.2     66   7.44    210     13  313.8  337.3  315.2
  689.0   3299    9.4    5.5     77   8.29    215     12  314.3  340.4  315.9
  618.0   4197    5.1   -3.6     53   4.75    215      8  319.2  334.9  320.1
  614.0   4251    4.8   -4.2     52   4.59    209      7  319.5  334.7  320.4
  595.0   4506    3.0   -3.0     65   5.17    180      3  320.2  337.3  321.2
  574.0   4797    0.8   -1.7     83   5.91     85      1  321.1  340.5  322.2
  566.0   4911    0.0   -1.2     92   6.23     25      2  321.4  341.8  322.6
  553.0   5096   -0.8   -1.9     92   6.04    285      4  322.5  342.4  323.7
  532.0   5405   -2.2   -3.1     94   5.74    290      8  324.4  343.5  325.6
  513.0   5695   -3.6   -4.3     95   5.46    275     10  326.2  344.6  327.3
  500.0   5900   -4.5   -5.1     96   5.27    285     10  327.5  345.3  328.5
  445.0   6806   -9.3  -10.6     90   3.85    294      9  332.5  346.0  333.3
  440.0   6893   -9.8  -11.2     89   3.71    295      9  333.0  346.0  333.7
  423.0   7193  -11.6  -13.4     86   3.23    265      9  334.5  345.9  335.1
  406.0   7506  -13.4  -15.7     83   2.79    260      7  336.0  346.1  336.6
  400.0   7620  -14.1  -16.5     82   2.65    255      8  336.6  346.1  337.1
  391.0   7792  -15.1  -17.6     82   2.48    235      8  337.4  346.4  337.9
  363.0   8352  -18.5  -21.0     81   1.99    247      6  340.2  347.5  340.6
  347.0   8683  -20.8  -23.6     78   1.65    255      5  341.4  347.6  341.8
  333.0   8985  -22.9  -26.0     76   1.38    240      3  342.6  347.9  342.9
  319.0   9300  -25.1  -28.5     73   1.15    315      1  343.8  348.2  344.0
  306.0   9605  -27.3  -30.9     71   0.95     25      7  344.9  348.6  345.1
  300.0   9750  -28.3  -32.1     70   0.87     35      7  345.4  348.8  345.6
  289.0  10017  -30.1  -33.1     75   0.82     47      8  346.5  349.8  346.7
  270.0  10492  -34.0  -38.8     61   0.49     70     11  347.7  349.8  347.8
  258.0  10810  -36.5  -42.6     53   0.35     65      9  348.5  349.9  348.6
  250.0  11030  -38.3  -45.3     48   0.27     50      7  349.0  350.1  349.0
  244.0  11196  -39.9  -45.9     53   0.26     43      7  349.0  350.1  349.1
  237.0  11390  -41.6                          35      7  349.4         349.4
  207.0  12291  -49.3                          90     14  351.0         351.0
  200.0  12520  -51.3                         100     12  351.4         351.4
  171.0  13497  -60.9                         115     23  351.6         351.6
  152.0  14231  -68.1                         102     28  351.2         351.2
  150.0  14310  -68.9                         100     29  351.2         351.2
  127.0  15262  -75.0                         100     43  357.4         357.4
  114.0  15880  -78.9                          95     56  361.2         361.2
  100.0  16630  -83.7                          70     61  365.8         365.8
   97.0  16799  -83.3                          75     61  369.8         369.8
   92.0  17094  -82.6                          70     48  376.8         376.8
   91.6  17118  -82.5                                     377.4         377.4
