-----------------------------------------------------------------------------
   PRES   HGHT   TEMP   DWPT   RELH   MIXR   DRCT   SKNT   THTA   THTE   THTV
    hPa     m      C      C      %    g/kg    deg   knot     K      K      K 
-----------------------------------------------------------------------------
 1010.0     24   27.8   25.7     88  21.12      0      0  300.1  362.4  303.9
 1000.0    110   27.4   23.5     79  18.63    300      5  300.6  355.5  303.9
  979.0    297   26.1   22.4     80  17.82    285     16  301.1  353.8  304.3
  925.0    796   22.8   19.6     82  15.78    290     21  302.6  349.5  305.5
  883.0   1202   20.9   16.7     77  13.77    290     22  304.7  346.1  307.2
  850.0   1534   19.4   14.4     73  12.28    280     21  306.4  343.6  308.7
  832.0   1719   18.8   11.8     64  10.56    278     20  307.7  339.9  309.7
  795.0   2105   16.8   10.5     66  10.10    275     17  309.6  340.7  311.5
  716.0   2994   12.2    7.4     72   9.08    300     16  313.9  342.5  315.6
  700.0   3186   11.2    6.7     74   8.87    300     15  314.9  342.9  316.5
  666.0   3598    9.2    4.5     72   7.97    315      8  317.1  342.6  318.7
  642.0   3902    7.8    2.8     71   7.36    335      7  318.8  342.6  320.3
  636.0   3980    7.4    2.4     71   7.21    326      6  319.3  342.6  320.7
  619.0   4200    5.9    1.2     72   6.81    300      5  320.0  342.2  321.3
  597.0   4493    3.9   -0.3     74   6.30    305      3  321.0  341.6  322.2
  575.0   4798    1.8   -1.9     76   5.81    245      5  322.0  341.2  323.1
  557.0   5056    0.0   -3.3     78   5.42    266      5  322.9  340.8  323.9
  554.0   5099   -0.3   -3.5     79   5.37    270      5  323.0  340.8  324.1
  500.0   5910   -5.7   -7.2     89   4.48    265      5  326.0  341.2  326.9
  495.0   5989   -6.2   -7.6     90   4.39    270      4  326.3  341.2  327.2
  476.0   6296   -8.2   -9.1     93   4.05      0      0  327.5  341.4  328.3
  468.0   6429   -9.1   -9.8     95   3.91    314      2  328.0  341.4  328.8
  458.0   6597  -10.0  -11.1     92   3.61    255      5  328.9  341.4  329.6
  453.0   6683  -10.5  -11.7     91   3.47    253      6  329.3  341.4  330.0
  431.0   7068  -11.9  -18.9     56   2.00    245     12  332.3  339.5  332.7
  407.0   7507  -14.1  -20.3     59   1.89    235     19  335.0  341.9  335.4
  400.0   7640  -14.7  -20.7     60   1.85    235     16  335.8  342.6  336.2
  378.0   8065  -16.9  -24.9     50   1.35    237     11  338.4  343.5  338.6
  347.0   8699  -21.9  -24.8     77   1.48    240      4  340.0  345.6  340.3
  333.0   8996  -24.1  -27.1     76   1.25    295      2  341.0  345.8  341.2
  320.0   9284  -26.2  -29.4     75   1.06     25      5  341.9  346.0  342.1
  306.0   9607  -28.6  -31.9     74   0.87     70     11  342.9  346.4  343.1
  300.0   9750  -29.7  -33.0     73   0.80     75     13  343.4  346.6  343.6
  251.0  11003  -39.9  -42.6     75   0.36     90     14  346.2  347.7  346.3
  250.0  11030  -40.1                          90     14  346.3         346.3
  226.0  11699  -45.7                         105      8  347.9         347.9
  200.0  12510  -52.5                          85     14  349.5         349.5
  188.0  12897  -55.4                          85     22  351.1         351.1
  150.0  14310  -65.9                         100     28  356.4         356.4
  121.0  15569  -76.6                         105     33  359.4         359.4
  116.0  15816  -78.7                          96     32  359.8         359.8
  108.0  16218  -80.4                          80     31  364.0         364.0
  100.0  16650  -82.3                         100     30  368.5         368.5
   86.3  17465  -88.1                         125     21  372.6         372.6
   83.0  17681  -84.0                         125     27  385.1         385.1
   81.2  17803  -81.7                         117     27  392.3         392.3
   76.8  18116  -82.1                          98     26  397.8         397.8
   74.0  18329  -78.2                          85     26  410.2         410.2
   71.7  18510  -74.9                          70     15  420.9         420.9
   71.0  18567  -74.7                          65     12  422.5         422.5
   70.0  18650  -74.5                          55     10  424.7         424.7
   69.6  18683  -74.9                          40     10  424.5         424.5
   68.0  18819  -71.5                         339     11  434.7         434.7
   67.0  18906  -71.8                         300     12  435.9         435.9
   64.0  19174  -72.7                         275     23  439.6         439.6
   61.0  19454  -73.6                         245     12  443.6         443.6
   59.6  19590  -74.1                         204     12  445.6         445.6
   58.0  19750  -73.5                         155     11  450.3         450.3
   55.0  20061  -72.5                         110      9  459.7         459.7
   52.0  20390  -71.3                          90     11  469.8         469.8
   50.0  20620  -70.5                         100     20  476.9         476.9
   49.2  20715  -70.3                          99     20  479.6         479.6
   47.0  20989  -67.3                          95     21  493.0         493.0
   46.4  21066  -66.5                          96     22  496.9         496.9
   39.8  21996  -64.1                         108     30  525.1         525.1
   39.0  22120  -64.7                         110     31  526.6         526.6
   37.1  22423  -66.3                         104     35  530.2         530.2
   33.0  23132  -65.6                          90     43  550.0         550.0
   31.1  23490  -65.3                          99     41  560.3         560.3
   30.0  23710  -63.1                         105     39  572.0         572.0
   29.4  23835  -61.3                         103     40  580.3         580.3
   25.0  24842  -61.0                          85     45  608.7         608.7
   23.8  25147  -60.9                          83     49  617.6         617.6
   22.0  25643  -56.2                          80     56  645.6         645.6
   21.6  25758  -55.1                          81     56  652.3         652.3
   20.0  26250  -54.7                          85     54  668.0         668.0
   16.6  27454  -50.1                          88     63  719.4         719.4
   14.0  28562  -51.0                          90     72  752.2         752.2
   12.2  29458  -51.7                          85     72  779.9         779.9
   12.0                                        85     72                     
