-----------------------------------------------------------------------------
   PRES   HGHT   TEMP   DWPT   RELH   MIXR   DRCT   SKNT   THTA   THTE   THTV
    hPa     m      C      C      %    g/kg    deg   knot     K      K      K 
-----------------------------------------------------------------------------
 1010.0     24   29.0   24.9     79  20.10    290      8  301.3  360.8  304.9
 1000.0    111   27.4   22.9     76  17.94    300      9  300.6  353.4  303.8
  978.0    307   25.6   22.0     81  17.35    296     14  300.6  351.8  303.8
  946.0    599   23.7   20.7     83  16.53    290     21  301.6  350.5  304.6
  925.0    795   22.4   19.8     85  15.98    285     20  302.2  349.6  305.1
  850.0   1528   18.4   13.7     74  11.72    260     20  305.4  340.8  307.6
  824.0   1793   17.1   12.6     74  11.21    260     17  306.8  340.8  308.9
  790.0   2152   15.4   11.0     75  10.54    266     11  308.6  341.0  310.6
  767.0   2399   13.7    9.8     78  10.04    270      6  309.4  340.3  311.3
  740.0   2699   11.6    8.4     81   9.45    240      4  310.3  339.5  312.1
  714.0   2998    9.5    7.0     85   8.89    230      7  311.2  338.8  312.9
  701.0   3152    8.4    6.3     87   8.61    230      7  311.6  338.5  313.2
  700.0   3164    8.2    6.3     88   8.63    230      7  311.5  338.4  313.1
  646.0   3829    7.0    3.9     81   7.90    262     15  317.4  342.7  318.9
  595.0   4501    3.4    0.3     80   6.64    295     23  320.8  342.4  322.1
  566.0   4909    1.2   -1.8     80   5.96    294     22  322.8  342.5  324.0
  548.0   5170    0.0   -6.0     64   4.48    293     21  324.4  339.5  325.2
  518.0   5620   -3.1   -5.1     86   5.08    291     20  325.9  343.0  326.9
  500.0   5900   -4.7   -7.8     79   4.28    290     19  327.2  341.8  328.1
  440.0   6893  -10.9  -11.4     96   3.66    290     16  331.6  344.3  332.3
  406.0   7507  -13.8  -17.8     72   2.34    300     17  335.5  344.0  336.0
  405.0   7526  -13.9  -18.0     71   2.30    300     17  335.6  344.0  336.1
  400.0   7620  -14.7  -19.1     69   2.12    300     17  335.8  343.5  336.2
  375.0   8105  -18.5  -20.1     88   2.09    310     19  337.0  344.6  337.4
  369.0   8226  -19.5  -20.3     93   2.08    307     19  337.2  344.9  337.7
  354.0   8534  -20.3  -24.7     68   1.47    300     18  340.2  345.7  340.5
  300.0   9740  -29.1  -36.1     51   0.59    270     14  344.2  346.6  344.4
  290.0   9982  -30.5  -40.5     37   0.39    262     11  345.6  347.2  345.7
  281.0  10203  -32.4  -42.2     37   0.34    255      9  346.1  347.4  346.1
  250.0  11020  -39.3  -48.3     38   0.19    200      7  347.5  348.3  347.5
  247.0  11102  -39.9  -48.9     38   0.18    190      7  347.8  348.6  347.8
  236.0  11404  -42.3                         155     10  348.7         348.7
  200.0  12500  -51.1                         135     21  351.7         351.7
  171.0  13485  -60.3                         125     21  352.5         352.5
  156.0  14063  -65.7                         102     27  352.7         352.7
  155.0  14102  -66.0                         100     27  352.8         352.8
  150.0  14300  -67.7                         100     32  353.3         353.3
  126.0  15330  -75.9                          96     39  356.5         356.5
  120.0  15606  -77.5                          95     41  358.5         358.5
  100.0  16640  -83.7                          95     42  365.8         365.8
   92.4  17076  -86.5                          95     44  368.6         368.6
   90.7  17178  -86.3                          93     42  370.9         370.9
   89.8  17233  -83.1                          93     41  378.4         378.4
   87.0  17411  -82.4                          90     38  383.2         383.2
   85.0  17541  -81.9                          80     26  386.8         386.8
   83.0  17676  -78.3                          70     13  396.7         396.7
   82.0  17745  -76.5                          83     12  401.8         401.8
   78.0  18034  -76.9                         135      8  406.8         406.8
   75.9  18191  -77.1                         117     10  409.5         409.5
   70.0  18660  -74.3                          65     16  425.1         425.1
   68.5  18786  -73.3                          53     16  429.9         429.9
   64.0  19181  -75.5                          15     15  433.6         433.6
   63.1  19264  -75.9                          14     14  434.4         434.4
   61.0  19461  -75.3                          10     10  439.8         439.8
   58.0  19755  -74.5                          50     10  448.1         448.1
   55.0  20064  -73.7                          75      7  456.9         456.9
   52.0  20391  -72.7                         135     15  466.4         466.4
   50.0  20620  -72.1                         110     16  473.2         473.2
   47.9  20872  -72.3                          93     24  478.5         478.5
   47.0  20983  -71.7                          85     27  482.6         482.6
   46.1  21097  -71.1                          83     26  486.7         486.7
   43.8  21404  -64.7                          78     24  509.5         509.5
   40.8  21839  -62.1                          72     22  526.4         526.4
   40.0  21961  -62.1                          70     21  529.3         529.3
   39.0  22117  -62.2                         100     30  533.0         533.0
   36.6  22508  -62.3                         100     34  542.5         542.5
   35.0  22786  -60.2                         100     37  554.9         554.9
   33.6  23040  -58.3                         114     29  566.5         566.5
   32.0  23346  -58.6                         130     20  573.7         573.7
   30.0  23750  -58.9                         110      9  583.5         583.5
   29.0  23961  -59.4                         100     14  587.9         587.9
   26.7  24476  -60.5                          94     26  598.7         598.7
   25.0  24888  -57.9                          90     35  617.5         617.5
   24.1  25117  -56.5                          90     35  628.1         628.1
   20.7  26081  -55.1                          90     35  660.2         660.2
   20.0  26300  -55.7                          90     35  664.9         664.9
   19.5  26461  -56.3                          90     37  667.9         667.9
   18.8  26693  -56.3                          89     40  674.9         674.9
   18.2  26901  -52.5                          88     42  693.1         693.1
   17.9  27008  -51.1                          88     43  700.9         700.9
   16.4  27575  -53.1                          87     50  712.1         712.1
   15.0  28159  -50.2                          85     57  740.1         740.1
   14.0  28610  -48.0                          95     63  762.4         762.4
   13.6  28800  -47.1                          95     63  771.9         771.9
   13.2  28995  -46.1                                     781.8         781.8
