-----------------------------------------------------------------------------
   PRES   HGHT   TEMP   DWPT   RELH   MIXR   DRCT   SKNT   THTA   THTE   THTV
    hPa     m      C      C      %    g/kg    deg   knot     K      K      K 
-----------------------------------------------------------------------------
 1006.0     30   28.0   25.4     86  20.82    300      3  300.6  362.1  304.4
 1000.0     83   27.4   25.1     87  20.56    310      5  300.6  361.3  304.2
  961.0    435   25.6   21.4     78  17.04    305     11  302.2  352.8  305.3
  939.0    639   24.6   19.3     72  15.23    285     14  303.2  348.6  305.9
  926.0    763   24.0   18.0     69  14.23    285     14  303.8  346.3  306.3
  925.0    772   23.8   17.8     69  14.06    285     14  303.6  345.7  306.2
  852.0   1488   19.3   16.1     81  13.65    300     12  306.2  347.4  308.7
  850.0   1508   19.2   16.0     82  13.64    300     12  306.2  347.4  308.8
  832.0   1692   17.7   16.0     90  13.94    285     11  306.6  348.7  309.1
  828.0   1734   17.4   16.0     91  14.01    288     11  306.6  349.0  309.2
  812.0   1901   17.1   13.4     79  12.01    300     10  308.0  344.6  310.2
  808.0   1943   17.0   12.7     76  11.55    299     10  308.4  343.7  310.5
  801.0   2018   16.2   14.8     91  13.39    297     11  308.3  349.1  310.8
  793.0   2103   16.6    6.6     52   7.77    295     11  309.6  333.7  311.1
  779.0   2255   15.0   14.6     97  13.60    292     12  309.5  351.1  312.0
  771.0   2343   14.8   13.6     92  12.85    290     12  310.2  349.7  312.6
  768.0   2376   14.8   13.2     90  12.57    293     12  310.5  349.2  312.9
  757.0   2498   15.5    4.4     47   6.98    305     13  312.6  334.6  313.9
  756.0   2510   15.6    3.6     45   6.60    304     13  312.8  333.7  314.0
  745.0   2634   15.2    0.2     36   5.24    298     14  313.6  330.5  314.6
  739.0   2702   14.7    2.0     42   6.02    295     15  313.8  333.0  315.0
  724.0   2875   13.4    6.6     63   8.50    315     14  314.2  341.1  315.8
  722.0   2899   13.2    7.2     67   8.90    313     14  314.3  342.3  316.0
  706.0   3087   13.2   -9.8     19   2.59    295     13  316.3  325.0  316.8
  700.0   3159   12.4   -2.6     35   4.54    295     14  316.2  331.0  317.1
  665.0   3587    9.0    5.7     80   8.71    321     12  317.0  344.8  318.7
  659.0   3663    8.7    4.5     75   8.06    325     12  317.5  343.3  319.0
  647.0   3815    8.0    2.0     66   6.88    323     12  318.4  340.6  319.7
  612.0   4273    5.2    0.1     69   6.33    315     12  320.3  340.9  321.5
  607.0   4340    4.8   -0.2     70   6.25    319     12  320.6  341.0  321.8
  592.0   4544    3.2    1.3     88   7.15    330     12  320.9  344.2  322.3
  587.0   4613    2.6    1.8     94   7.48    325     13  321.1  345.4  322.5
  560.0   4994    1.6   -4.2     65   5.02    295     17  324.3  341.1  325.3
  554.0   5081    1.4   -5.6     60   4.57    294     17  325.0  340.4  325.9
  515.0   5666   -2.9   -5.4     83   5.00    284     18  326.7  343.5  327.7
  500.0   5900   -4.1   -9.1     68   3.86    280     19  328.0  341.2  328.7
  490.0   6059   -4.9  -11.9     58   3.15    278     20  328.9  339.9  329.5
  476.0   6286   -6.9   -9.7     80   3.87    275     20  329.2  342.5  329.9
  455.0   6637   -9.1  -14.1     67   2.84    271     22  330.7  340.7  331.2
  451.0   6705   -9.7  -14.1     70   2.86    270     22  330.7  340.8  331.3
  435.0   6983  -12.3  -14.3     85   2.92    263     19  330.9  341.2  331.5
  417.0   7305  -14.2  -15.4     90   2.78    255     16  332.5  342.4  333.1
  408.0   7470  -15.1  -16.0     93   2.71    279     14  333.4  343.0  333.9
  400.0   7620  -15.9  -17.2     90   2.50    300     13  334.2  343.2  334.7
  378.0   8045  -17.7  -20.8     77   1.94    338      3  337.3  344.4  337.7
  374.0   8124  -16.9  -21.7     66   1.81    345      1  339.4  346.1  339.8
  360.0   8407  -18.8  -23.7     65   1.58     50     10  340.5  346.5  340.8
  331.0   9029  -23.1  -28.1     64   1.15     43     11  342.9  347.4  343.2
  318.0   9320  -25.5  -29.7     68   1.03     40     11  343.5  347.5  343.7
  312.0   9458  -26.7  -30.4     71   0.98     42     11  343.8  347.6  344.0
  300.0   9740  -28.3  -35.3     51   0.64     45     12  345.4  347.9  345.5
  292.0   9933  -29.5  -38.5     41   0.47     49     13  346.4  348.3  346.4
  283.0  10156  -31.3  -41.3     37   0.36     55     15  346.9  348.4  347.0
  260.0  10750  -36.9  -43.9     48   0.30     69     18  347.1  348.4  347.2
  251.0  10993  -38.5  -51.5     24   0.13     74     20  348.3  348.9  348.3
  250.0  11020  -38.7  -51.7     24   0.13     75     20  348.4  349.0  348.4
  249.0  11047  -38.9  -51.4     25   0.13     75     19  348.4  349.0  348.5
  240.0  11299  -41.1  -49.1     42   0.18     86     18  348.9  349.7  348.9
  221.0  11847  -45.6  -55.4     32   0.09    110     17  350.2  350.6  350.2
  200.0  12510  -51.1  -63.1     23   0.04    110     25  351.7  351.9  351.7
  183.0  13082  -55.5  -70.5     14   0.02    115     26  353.6  353.7  353.6
  163.0  13810  -61.7  -72.7     22   0.01    122     27  355.1  355.1  355.1
  155.0  14119  -64.2  -72.8     30   0.01    125     27  355.9  355.9  355.9
  150.0  14320  -65.9  -72.9     37   0.01    125     29  356.4  356.4  356.4
  143.0  14609  -67.5  -79.5     17   0.01    121     36  358.5  358.5  358.5
  134.0  14993  -70.8  -79.6     26   0.01    115     46  359.4  359.4  359.4
  123.0  15499  -75.1  -79.7     49   0.01    110     42  360.4  360.4  360.4
  119.0  15691  -76.1  -82.1     38   0.00    108     41  362.0  362.0  362.0
  114.0  15935  -77.5  -83.5     38   0.00    105     39  363.9  363.9  363.9
  106.0  16349  -79.8  -85.8     37   0.00     85     31  367.1  367.1  367.1
  100.0  16680  -81.7  -87.7     36   0.00     90     25  369.6  369.6  369.6
   93.0  17083  -84.1  -89.2     41   0.00    120     18  372.7  372.7  372.7
   91.3  17185  -84.7  -89.6     42   0.00    120     20  373.4  373.4  373.4
   85.0  17583  -82.5  -88.4     36   0.00    115     33  385.6  385.6  385.6
   79.2  17977  -80.3  -87.3     31   0.00     81     36  398.0  398.0  398.0
   79.0  17991  -80.4  -87.4     31   0.00     80     36  398.1  398.2  398.1
   76.0  18208  -81.3  -88.8     28   0.00     95     37  400.6  400.6  400.6
   72.3  18487  -82.5  -90.5     25   0.00     81     25  403.8  403.8  403.8
   72.0  18511  -81.8  -90.3     23   0.00     80     24  405.7  405.7  405.7
   70.0  18670  -77.3  -89.3     13   0.00     95     25  418.7  418.7  418.7
   68.9  18761  -75.3  -88.3     12   0.00     98     19  424.9  424.9  424.9
   68.0  18838  -74.7  -88.6     10   0.00    100     14  427.9  427.9  427.9
   67.0  18924  -73.9  -89.0      8   0.00     80     13  431.3  431.3  431.3
   64.3  19165  -71.9  -89.9      5   0.00     30     11  440.8  440.8  440.8
   62.0  19377  -73.5  -90.0      7   0.00    345     10  441.9  442.0  441.9
   61.0  19472  -74.2  -90.0      7   0.00    340     11  442.4  442.4  442.4
   59.7  19598  -75.1  -90.1      8   0.00     35      8  443.1  443.1  443.1
   59.0  19667  -73.9  -90.0      7   0.00     65      7  447.3  447.3  447.3
   57.3  19839  -70.9  -89.9      5   0.00    129     15  457.8  457.8  457.8
   57.0  19870  -70.8  -89.9      5   0.00    140     16  458.8  458.8  458.8
   56.0  19975  -70.3  -89.8      4   0.00    125      9  462.1  462.1  462.1
   52.4  20370  -68.7  -89.7      3   0.00    125     26  474.8  474.8  474.8
   50.0  20650  -69.9  -89.9      4   0.00    125     38  478.4  478.4  478.4
   47.3  20979  -70.7  -90.7      4   0.00     95     29  484.1  484.1  484.1
   46.0  21146  -68.6  -90.2      3   0.00     80     24  493.1  493.1  493.1
   44.9  21291  -66.7  -89.7      3   0.00     80     27  501.1  501.1  501.1
   40.6  21899  -66.3  -89.3      3   0.00     77     37  516.7  516.7  516.7
   37.2  22428  -66.9  -90.9      2   0.00     76     47  528.2  528.2  528.2
   36.0  22627  -63.0  -88.9      2   0.00     75     50  543.2  543.2  543.2
   35.9  22644  -62.7  -88.7      2   0.00     75     50  544.5  544.5  544.5
   34.0  22982  -61.4  -88.1      2   0.00     80     45  556.5  556.6  556.5
   32.0  23358  -59.9  -87.5      2   0.01    115     42  570.3  570.3  570.3
   31.3  23495  -59.3  -87.3      2   0.01    112     38  575.4  575.4  575.4
   31.0  23555  -59.5  -87.2      2   0.01    110     36  576.5  576.5  576.5
   30.0  23760  -60.1  -87.1      2   0.01    105     37  580.2  580.3  580.2
   27.0  24414  -61.1  -87.5      2   0.01     90     46  595.1  595.2  595.1
   24.9  24917  -61.9  -87.9      2   0.01     89     49  606.8  606.8  606.8
   20.4  26167  -56.1  -85.1      1   0.01     85     57  660.0  660.1  660.0
   20.0                                        85     58                     
