-----------------------------------------------------------------------------
   PRES   HGHT   TEMP   DWPT   RELH   MIXR   DRCT   SKNT   THTA   THTE   THTV
    hPa     m      C      C      %    g/kg    deg   knot     K      K      K 
-----------------------------------------------------------------------------
 1005.0     30   27.2   23.7     81  18.76    225      5  299.9  355.1  303.3
 1000.0     78   27.2   24.1     83  19.33    195      3  300.4  357.3  303.8
  986.0    203   25.6   23.5     88  18.90    197      4  300.0  355.5  303.3
  968.0    366   24.8   21.5     82  16.99    199      4  300.7  350.8  303.8
  953.0    503   26.2   16.2     54  12.30    201      5  303.5  340.3  305.7
  925.0    766   25.0   15.0     54  11.72    205      6  304.9  340.2  307.0
  906.0    947   24.0   14.9     57  11.93    205     11  305.6  341.7  307.8
  860.0   1402   21.4   14.8     66  12.48    155     17  307.5  345.5  309.8
  850.0   1504   20.8   14.8     69  12.61    155     21  307.9  346.3  310.2
  818.0   1836   19.2   12.2     64  11.03    146     23  309.6  343.5  311.7
  797.0   2059   17.4   11.4     68  10.73    140     25  310.0  343.1  312.0
  780.0   2242   15.9   11.3     74  10.92    135     26  310.3  344.0  312.4
  730.0   2804   11.4   11.1     98  11.50    135     29  311.3  346.9  313.5
  708.0   3059    9.6    9.1     97  10.35    135     30  312.1  344.2  314.0
  700.0   3154    9.6    4.6     71   7.65    135     31  313.1  337.2  314.5
  693.0   3238    9.4    3.4     66   7.10    132     32  313.8  336.2  315.1
  687.0   3310    9.1    3.4     68   7.17    130     33  314.2  336.9  315.5
  669.0   3530    8.0    3.5     73   7.41    126     31  315.4  338.9  316.8
  639.0   3906    5.7    2.5     80   7.21    120     27  316.9  340.0  318.3
  601.0   4408    2.6    1.1     90   6.94    127     21  318.9  341.4  320.3
  584.0   4640    2.1   -0.5     83   6.38    130     18  321.0  341.9  322.2
  552.0   5096    1.2   -3.5     71   5.38    106     16  325.1  343.1  326.2
  548.0   5155    1.4   -5.6     60   4.62    103     16  326.0  341.7  326.9
  544.0   5214    1.2   -5.7     60   4.62    100     16  326.4  342.1  327.4
  533.0   5378    0.6   -6.0     62   4.63    110     15  327.6  343.4  328.5
  521.0   5561   -0.1   -6.2     63   4.63    150     12  328.9  344.8  329.9
  518.0   5608   -0.3   -6.3     64   4.64    151     12  329.3  345.1  330.2
  500.0   5890   -2.9   -6.9     74   4.59    160     11  329.4  345.1  330.4
  491.0   6033   -4.0   -7.3     78   4.52    180     10  329.8  345.3  330.7
  487.0   6098   -4.5   -7.5     80   4.50    196     10  330.0  345.4  330.9
  486.0   6114   -4.5   -7.7     78   4.43    200     10  330.2  345.5  331.1
  476.0   6277   -3.9   -9.9     63   3.81    198     10  332.9  346.2  333.6
  433.0   7014  -10.1  -12.5     83   3.40    191      9  334.1  346.1  334.8
  416.0   7321  -11.5  -17.5     61   2.34    188      9  336.2  344.7  336.6
  400.0   7620  -13.5  -16.3     79   2.69    185      9  337.4  347.1  337.9
  377.0   8068  -16.9  -18.5     87   2.37    180      9  338.6  347.3  339.1
  330.0   9058  -22.7  -28.7     58   1.09    168      9  343.8  348.0  344.0
  300.0   9750  -28.3  -34.3     56   0.70    160      9  345.4  348.2  345.5
  279.0  10266  -32.7  -36.1     72   0.63    146      7  346.3  348.8  346.4
  268.0  10548  -34.3  -47.3     26   0.20    138      7  347.9  348.8  348.0
  262.0  10706  -35.5  -47.5     28   0.20    134      6  348.4  349.3  348.5
  250.0  11030  -38.7  -47.7     38   0.21    125      5  348.4  349.3  348.4
  221.0  11864  -46.3  -50.1     65   0.18     37      4  349.2  350.0  349.2
  210.0  12202  -49.5  -55.5     49   0.10    360      4  349.3  349.8  349.3
  207.0  12296  -50.3  -52.7     76   0.14    350      4  349.5  350.1  349.5
  205.0  12359  -50.9  -57.9     43   0.07    343      4  349.5  349.9  349.6
  200.0  12520  -52.3  -57.0     57   0.09    325      4  349.8  350.2  349.8
  197.0  12617  -53.5  -57.8     59   0.08    337      4  349.4  349.8  349.4
  187.0  12949  -56.1  -59.4     66   0.07     19      2  350.4  350.8  350.4
  180.0  13189  -58.2  -62.2     60   0.05     50      1  350.9  351.1  350.9
  173.0  13438  -60.3  -65.1     53   0.03     61      7  351.4  351.5  351.4
  163.0  13805  -62.9  -80.9      7   0.00     77     15  353.0  353.1  353.0
  158.0  13994  -64.5  -78.8     12   0.01     85     20  353.4  353.4  353.4
  150.0  14310  -67.3  -75.3     31   0.01     80     27  354.0  354.0  354.0
  146.0  14472  -68.9  -73.0     55   0.01     82     31  353.9  354.0  353.9
  140.0  14722  -70.5  -76.5     41   0.01     85     36  355.4  355.4  355.4
  139.0  14765  -70.7  -77.2     38   0.01     85     37  355.8  355.8  355.8
  134.0  14981  -71.7  -80.7     25   0.00     78     41  357.7  357.8  357.7
  126.0  15341  -72.8  -82.8     21   0.00     65     48  362.1  362.1  362.1
  112.0  16029  -75.0  -86.7     15   0.00     10     10  370.4  370.4  370.4
  110.0  16134  -75.3  -87.3     14   0.00    330      9  371.7  371.7  371.7
  108.0  16240  -76.2  -87.6     15   0.00    290      8  372.0  372.0  372.0
  103.0  16511  -78.5  -88.4     19   0.00    235     10  372.7  372.7  372.7
  100.0  16680  -79.9  -88.9     22   0.00    210     11  373.1  373.1  373.1
   96.0  16907  -81.1  -89.6     23   0.00    160     10  375.1  375.1  375.1
   86.0  17520  -84.3  -91.5     28   0.00     80     10  380.6  380.6  380.6
   85.0  17585  -84.7  -91.7     29   0.00     70     10  381.1  381.1  381.1
   82.4  17757  -83.9  -91.9     24   0.00     22     10  386.2  386.2  386.2
   82.0  17784  -82.6  -91.4     21   0.00     15     10  389.4  389.4  389.4
   81.0  17853  -79.3  -90.2     16   0.00    330      5  397.6  397.6  397.6
   80.0  17923  -75.9  -88.9     12   0.00    285     10  405.9  405.9  405.9
   78.4  18040  -75.3  -88.3     12   0.00    273     14  409.5  409.5  409.5
   74.0  18372  -77.0  -88.5     15   0.00    240     25  412.8  412.8  412.8
   72.6  18481  -77.5  -88.5     16   0.00    230     20  413.9  413.9  413.9
   70.0  18690  -76.9  -88.9     13   0.00    210      9  419.6  419.6  419.6
   69.0  18774  -76.2  -89.0     12   0.00    180      7  422.7  422.7  422.7
   68.0  18859  -75.6  -89.1     11   0.00    155     10  425.9  425.9  425.9
   66.0  19034  -74.2  -89.2      8   0.00    145     18  432.5  432.5  432.5
   64.0  19213  -72.8  -89.4      7   0.00    190      3  439.4  439.4  439.4
   61.1  19484  -70.7  -89.7      5   0.00    172      7  449.9  450.0  449.9
   57.0  19894  -72.6  -89.9      6   0.00    145     13  454.7  454.8  454.7
   56.3  19967  -72.9  -89.9      6   0.00    129     15  455.6  455.6  455.6
   55.0  20105  -72.2  -89.9      5   0.00    100     18  460.4  460.4  460.4
   51.0  20553  -69.7  -90.1      4   0.00     80     30  476.1  476.1  476.1
   50.0  20670  -69.1  -90.1      3   0.00     80     30  480.2  480.3  480.2
   48.0  20919  -67.9  -89.7      3   0.00     60     30  488.8  488.8  488.8
   45.0  21312  -65.9  -89.1      3   0.00     60     30  502.6  502.7  502.6
   43.0  21589  -64.5  -88.7      2   0.00     90     23  512.6  512.6  512.6
   42.0  21733  -63.8  -88.5      2   0.00     70     28  517.8  517.8  517.8
   40.0  22030  -62.4  -88.0      2   0.00    105     35  528.8  528.8  528.8
   39.4  22122  -61.9  -87.9      2   0.00    104     36  532.2  532.2  532.2
   36.1  22662  -63.9  -88.9      2   0.00    101     40  540.5  540.5  540.5
   32.3  23354  -58.1  -87.1      1   0.01     97     46  573.4  573.5  573.4
   31.0  23613  -58.7  -86.7      2   0.01     95     48  578.6  578.6  578.6
   30.0  23820  -57.9  -85.9      2   0.01    100     43  586.2  586.3  586.2
   29.0  24035  -57.6  -85.7      2   0.01    100     40  592.8  592.9  592.8
   26.0  24727  -56.5  -85.2      2   0.01     80     38  614.6  614.7  614.6
   23.0  25503  -55.3  -84.7      1   0.01     80     52  640.0  640.2  640.0
   21.0  26080  -54.4  -84.3      1   0.02     85     37  659.6  659.7  659.6
   20.3  26295  -54.1  -84.1      1   0.02     85     49  667.0  667.2  667.0
   20.0  26390  -53.3  -84.3      1   0.02     85     54  672.3  672.4  672.3
   19.0  26727  -51.8  -83.5      1   0.02     85     63  686.8  687.0  686.8
   17.0  27457  -48.7  -81.8      1   0.03    100     61  719.1  719.4  719.1
   14.8  28367  -44.7  -79.7      1   0.05     97     68  761.3  761.9  761.4
   13.8  28834  -45.7  -79.7      1   0.05     96     72  773.3  773.9  773.3
   13.0  29235  -44.9  -79.4      1   0.06     95     75  789.4  790.1  789.5
   10.0  31000  -41.3  -78.3      1   0.09     85     86  864.2  865.4  864.3
    9.0  31715  -41.3  -78.3      1   0.10                890.6  891.9  890.7
