-----------------------------------------------------------------------------
   PRES   HGHT   TEMP   DWPT   RELH   MIXR   DRCT   SKNT   THTA   THTE   THTV
    hPa     m      C      C      %    g/kg    deg   knot     K      K      K 
-----------------------------------------------------------------------------
 1006.0     30   28.8   24.2     76  19.33    215      3  301.4  358.7  304.9
 1000.0     83   28.2   24.4     80  19.69    225      5  301.4  359.7  304.9
  968.0    372   26.0   23.6     87  19.41    245     12  301.9  359.5  305.4
  951.0    529   24.8   23.2     91  19.25    241     15  302.3  359.4  305.7
  928.0    745   24.6   14.6     54  11.38    235     18  304.2  338.4  306.3
  925.0    773   24.6   14.6     54  11.42    235     18  304.5  338.8  306.6
  886.0   1150   23.2   10.2     44   8.89    230     15  306.8  334.0  308.4
  876.0   1250   23.4    6.4     33   6.93    229     14  308.0  329.5  309.3
  850.0   1512   21.8    6.8     38   7.34    225     12  309.0  331.8  310.3
  846.0   1553   21.7    7.3     39   7.61    225     12  309.3  332.9  310.7
  843.0   1584   21.6    7.6     40   7.82    223     12  309.5  333.8  310.9
  792.0   2117   17.3    8.9     58   9.13    185     10  310.5  338.8  312.2
  767.0   2391   15.1    9.6     70   9.88    140     11  310.9  341.5  312.8
  745.0   2640   13.1   10.2     83  10.61    125     13  311.3  344.2  313.3
  742.0   2674   12.8   10.3     85  10.71    125     13  311.4  344.6  313.4
  700.0   3163   10.6    5.9     73   8.39    130      9  314.2  340.6  315.8
  698.0   3187   10.6    5.8     72   8.35    131      9  314.4  340.8  316.0
  674.0   3476    8.6    5.3     80   8.36    140      7  315.4  341.9  317.0
  654.0   3725    6.9    4.9     87   8.36    140     11  316.2  342.8  317.8
  636.0   3955    5.4    4.5     94   8.37    110     12  317.0  343.6  318.6
  623.0   4126    4.2    4.2    100   8.37    111     13  317.5  344.2  319.1
  577.0   4747    0.2    0.2    100   6.79    115     15  319.9  341.9  321.2
  569.0   4860   -0.5   -0.5    100   6.53    110     15  320.3  341.6  321.6
  559.0   5002    0.0   -3.4     78   5.36    104     15  322.5  340.3  323.6
  540.0   5279   -1.1  -10.1     50   3.30     92     16  324.4  335.7  325.1
  522.0   5548   -2.5   -9.8     58   3.51     80     16  325.9  337.9  326.6
  500.0   5890   -4.3   -9.3     68   3.80     80     15  327.7  340.8  328.5
  499.0   5906   -4.3   -8.4     73   4.09     80     15  327.9  341.9  328.7
  478.0   6243   -6.3  -14.3     53   2.66     80     16  329.5  338.9  330.0
  472.0   6342   -6.4  -22.4     27   1.35     80     16  330.5  335.5  330.8
  469.0   6392   -6.5  -26.5     19   0.94     84     16  331.1  334.6  331.2
  463.0   6492   -7.3  -14.3     57   2.74     92     16  331.3  341.0  331.8
  456.0   6611   -7.7  -12.6     68   3.20    102     16  332.2  343.5  332.9
  450.0   6714   -7.8  -12.8     68   3.20    110     16  333.3  344.6  334.0
  446.0   6783   -7.9  -12.9     67   3.20    110     16  334.1  345.4  334.7
  426.0   7138  -10.3  -17.3     57   2.32    110     16  335.4  343.9  335.9
  407.0   7488  -12.7  -15.3     81   2.88    110     17  336.7  347.1  337.3
  400.0   7620  -13.5  -16.4     79   2.67    110     17  337.4  347.0  337.9
  352.0   8577  -19.8  -23.2     74   1.69     95     22  341.4  347.8  341.8
  333.0   8992  -22.5  -26.1     72   1.37     98     20  343.2  348.4  343.5
  300.0   9750  -28.7  -31.0     81   0.97    105     16  344.8  348.6  345.0
  286.0  10090  -31.5  -32.2     94   0.90    111     15  345.6  349.1  345.7
  280.0  10240  -31.9  -37.9     55   0.52    114     14  347.1  349.2  347.2
  275.0  10367  -32.9  -39.9     50   0.43    116     14  347.4  349.2  347.5
  266.0  10600  -34.5  -43.5     40   0.31    121     13  348.4  349.7  348.5
  257.0  10839  -36.6  -45.6     39   0.25    125     12  348.7  349.8  348.8
  250.0  11030  -38.3  -47.3     38   0.22    125     14  349.0  349.9  349.0
  227.0  11685  -43.5  -62.5     10   0.04    107     15  350.8  351.0  350.8
  218.0  11954  -46.0  -62.5     14   0.04    100     16  350.9  351.1  351.0
  213.0  12108  -47.5  -62.5     16   0.04    101     17  351.0  351.2  351.0
  210.0  12202  -48.3  -54.3     50   0.11    102     17  351.2  351.7  351.2
  203.0  12423  -50.5  -61.5     26   0.05    104     18  351.1  351.4  351.1
  200.0  12520  -51.3  -60.3     33   0.06    105     19  351.4  351.6  351.4
  198.0  12585  -52.1  -59.1     43   0.07    104     19  351.1  351.4  351.1
  193.0  12750  -52.9  -68.9     13   0.02    102     20  352.4  352.5  352.4
  175.0  13372  -58.3  -75.3     10   0.01     93     23  353.5  353.6  353.5
  160.0  13927  -63.3  -74.3     21   0.01     85     26  354.2  354.3  354.2
  156.0  14082  -64.5  -77.5     15   0.01     83     27  354.8  354.8  354.8
  151.0  14280  -66.2  -77.5     19   0.01     80     28  355.2  355.3  355.2
  150.0  14320  -66.5  -77.5     20   0.01     80     28  355.3  355.4  355.3
  141.0  14684  -69.3  -78.5     25   0.01     90     24  356.7  356.7  356.7
  140.0  14726  -69.7  -78.6     26   0.01    105     23  356.9  356.9  356.9
  137.0  14854  -70.7  -79.0     29   0.01    120     27  357.3  357.4  357.3
  128.0  15254  -73.8  -80.0     38   0.01    135     34  358.7  358.7  358.7
  116.0  15834  -78.3  -81.6     59   0.00    117     44  360.6  360.6  360.6
  115.0  15883  -78.6  -82.0     58   0.00    115     45  360.8  360.9  360.8
  108.0  16237  -81.1  -84.6     55   0.00    105     43  362.7  362.8  362.7
  100.0  16670  -84.1  -87.9     52   0.00    110     45  365.0  365.0  365.0
   94.0  17009  -85.9  -89.7     51   0.00    110     52  368.0  368.0  368.0
   89.0  17308  -87.5  -91.3     50   0.00    105     46  370.6  370.6  370.6
   78.9  17979  -77.7  -87.7     19   0.00     82     46  403.8  403.8  403.8
   78.0  18044  -78.0  -87.8     20   0.00     80     46  404.5  404.5  404.5
   74.7  18290  -79.1  -88.1     22   0.00     72     38  407.2  407.2  407.2
   72.0  18500  -78.4  -88.5     18   0.00     65     31  413.0  413.0  413.0
   70.0  18660  -77.9  -88.9     16   0.00     70     23  417.4  417.4  417.4
   68.0  18826  -74.7  -88.7     10   0.00     70     18  427.8  427.8  427.8
   66.0  19001  -74.4  -88.9      9   0.00     90     12  432.1  432.1  432.1
   63.0  19272  -73.9  -89.2      8   0.00    105     18  439.0  439.0  439.0
   55.0  20064  -72.5  -90.0      6   0.00     90     19  459.6  459.6  459.6
   51.0  20504  -71.7  -90.4      5   0.00    110     34  471.5  471.5  471.5
   50.1  20608  -71.5  -90.5      4   0.00    106     34  474.3  474.3  474.3
   50.0  20620  -71.7  -90.7      4   0.00    105     34  474.1  474.1  474.1
   48.7  20775  -72.1  -91.1      4   0.00    100     33  476.8  476.8  476.8
   46.0  21118  -69.4  -90.7      3   0.00     90     31  491.1  491.2  491.1
   45.0  21251  -68.3  -90.5      3   0.00    100     29  496.8  496.8  496.8
   41.0  21811  -63.9  -89.9      2   0.00     90     46  521.2  521.2  521.2
   39.6  22023  -64.7  -89.7      2   0.00     87     52  524.4  524.4  524.4
   39.0  22118  -63.0  -89.4      2   0.00     85     55  530.9  530.9  530.9
   37.9  22295  -59.9  -88.9      1   0.00     80     52  543.2  543.3  543.2
   37.0  22445  -59.5  -88.5      1   0.00     75     49  548.1  548.1  548.1
   34.7  22848  -58.3  -87.3      1   0.01     86     45  561.3  561.3  561.3
   33.0  23163  -59.4  -87.4      2   0.01     95     42  566.5  566.5  566.5
   31.4  23474  -60.5  -87.5      2   0.01     98     45  571.6  571.7  571.6
   30.0  23760  -58.5  -87.5      1   0.01    100     48  584.6  584.6  584.6
   28.3  24128  -57.1  -86.1      1   0.01     97     45  598.3  598.4  598.3
   24.0  25167  -57.9  -86.2      2   0.01     90     37  624.9  625.0  624.9
   21.8  25774  -58.3  -86.3      2   0.01     87     48  641.0  641.1  641.0
   20.0  26320  -54.9  -85.9      1   0.01     85     57  667.4  667.5  667.4
   18.0  27003  -50.8  -83.7      1   0.02     85     65  700.8  701.0  700.8
   17.5  27186  -49.7  -83.0      1   0.02     85     65  710.0  710.2  710.0
   16.9  27412  -48.3  -82.3      1   0.03     86     65  721.5  721.8  721.5
   15.0  28200  -46.8  -80.8      1   0.04     90     65  751.3  751.8  751.4
   14.6  28379  -46.5  -80.5      1   0.04                758.3  758.8  758.3
