-----------------------------------------------------------------------------
   PRES   HGHT   TEMP   DWPT   RELH   MIXR   DRCT   SKNT   THTA   THTE   THTV
    hPa     m      C      C      %    g/kg    deg   knot     K      K      K 
-----------------------------------------------------------------------------
 1000.0     30   28.4   26.0     87  21.73    350      9  301.6  366.1  305.4
  997.0     57   28.2   25.9     88  21.73    335     10  301.6  366.1  305.5
  962.0    374   25.9   25.3     96  21.63    320     30  302.4  366.9  306.3
  948.0    504   25.0   25.0    100  21.59    314     32  302.7  367.1  306.6
  925.0    720   23.6   23.1     97  19.68    305     35  303.4  362.2  307.0
  907.0    892   22.9   19.8     83  16.34    300     36  304.5  353.4  307.4
  903.0    931   22.8   19.1     80  15.67    300     35  304.7  351.7  307.6
  850.0   1458   19.8   18.3     91  15.83    295     26  306.9  354.8  309.8
  796.0   2023   16.2   15.6     96  14.21    290     25  308.8  352.2  311.5
  773.0   2273   16.4    9.4     63   9.67    287     25  311.6  341.7  313.5
  749.0   2541   15.0    8.0     63   9.04    285     24  312.9  341.2  314.6
  743.0   2609   14.6    7.6     63   8.89    288     24  313.2  341.1  314.9
  735.0   2701   14.6    5.6     55   7.82    292     24  314.2  338.9  315.7
  708.0   3017   12.4    4.4     58   7.46    306     24  315.2  338.9  316.6
  702.0   3088   12.0    8.6     80  10.09    309     24  315.5  347.3  317.4
  701.0   3100   12.1    7.4     73   9.30    310     24  315.7  345.1  317.5
  700.0   3112   12.2    6.2     67   8.57    310     24  316.0  343.2  317.6
  693.0   3197   12.4    5.4     62   8.18    308     24  317.1  343.2  318.7
  628.0   4017    7.8    1.6     65   6.89    290     23  320.9  343.4  322.2
  612.0   4231    6.6    0.6     66   6.58    290     24  321.9  343.4  323.2
  593.0   4491    6.4   -0.6     61   6.22    290     25  324.6  345.2  325.8
  549.0   5121    2.4   -6.6     51   4.27    290     27  327.1  341.6  327.9
  547.0   5150    2.2   -6.5     53   4.32    290     27  327.1  341.8  328.0
  519.0   5573   -1.3   -5.3     74   5.00    298     26  327.9  344.8  328.9
  512.0   5681   -2.0   -6.2     73   4.73    300     26  328.3  344.4  329.2
  505.0   5791   -2.7   -7.1     72   4.47    309     23  328.8  344.1  329.6
  500.0   5870   -2.9  -10.9     54   3.35    315     20  329.4  341.1  330.1
  498.0   5902   -2.9  -10.9     54   3.36    317     20  329.8  341.5  330.5
  484.0   6127   -4.5   -6.4     87   4.93    328     18  330.6  347.4  331.5
  482.0   6160   -4.6   -7.8     79   4.45    330     18  330.8  346.1  331.7
  457.0   6578   -6.3  -25.3     21   1.08    321     19  333.8  337.8  334.0
  452.0   6664   -6.7  -20.7     32   1.64    320     19  334.3  340.3  334.6
  444.0   6803   -7.3  -35.3      9   0.43    317     19  335.3  337.0  335.4
  439.0   6891   -7.8  -34.7     10   0.46    315     19  335.7  337.5  335.8
  431.0   7034   -8.7  -33.7     11   0.52    317     20  336.3  338.4  336.4
  427.0   7107   -8.5  -19.5     41   1.92    318     21  337.5  344.6  337.9
  418.0   7271   -9.7  -18.7     48   2.10    320     23  338.0  345.8  338.4
  414.0   7346  -10.1  -21.1     40   1.73    321     23  338.4  344.9  338.8
  410.0   7420  -10.9  -13.3     82   3.37    322     24  338.3  350.4  339.0
  406.0   7496  -11.7  -13.5     86   3.34    323     25  338.2  350.3  338.9
  400.0   7610  -11.9  -13.9     85   3.28    325     26  339.4  351.3  340.1
  393.0   7744  -12.6  -15.0     83   3.06    330     26  340.2  351.3  340.8
  361.0   8387  -16.1  -20.1     71   2.17    315     19  343.9  352.1  344.4
  359.0   8429  -16.3  -20.4     71   2.12    317     19  344.2  352.1  344.6
  332.0   9004  -20.6  -23.7     77   1.72    345     17  346.0  352.6  346.4
  320.0   9275  -22.7  -25.2     80   1.55    335     13  346.8  352.8  347.1
  310.0   9509  -24.5  -26.5     83   1.42    355     17  347.5  353.0  347.8
  300.0   9750  -26.3  -27.9     86   1.29    350     18  348.2  353.3  348.5
  289.0  10020  -28.1  -28.9     93   1.22    354     16  349.4  354.2  349.6
  273.0  10426  -30.9  -34.9     68   0.73      0     12  351.0  354.0  351.2
  254.0  10939  -34.5  -42.5     44   0.36    336     14  353.0  354.6  353.1
  253.0  10966  -34.8  -42.5     45   0.36    335     14  353.1  354.6  353.1
  250.0  11050  -35.5  -42.5     49   0.36    335     14  353.1  354.7  353.2
  234.0  11506  -39.7  -44.7     59   0.31    339     15  353.5  354.8  353.6
  229.0  11653  -40.8  -46.6     53   0.25    340     15  354.1  355.2  354.1
  222.0  11864  -42.3  -49.3     46   0.19     20     10  354.9  355.7  354.9
  218.0  11987  -43.5  -51.5     41   0.15     34      8  354.9  355.6  354.9
  203.0  12461  -47.8  -55.0     43   0.11     90      1  355.4  355.9  355.4
  200.0  12560  -48.7  -55.7     44   0.10    180      2  355.5  355.9  355.5
  185.0  13065  -53.2  -58.3     54   0.08    185     10  356.2  356.6  356.2
  179.0  13278  -55.1  -59.4     59   0.07    181     10  356.5  356.8  356.5
  169.0  13637  -58.4  -62.5     60   0.05    175     10  356.9  357.1  356.9
  150.0  14380  -65.3  -68.8     62   0.02    205     14  357.4  357.5  357.4
  146.0  14542  -66.8  -70.2     62   0.02    215     17  357.5  357.6  357.5
  136.0  14968  -70.9  -73.9     64   0.01    211     22  357.6  357.7  357.6
  133.0  15098  -71.8  -74.8     65   0.01    210     23  358.3  358.4  358.3
  124.0  15508  -74.7  -77.5     65   0.01    205     15  360.3  360.4  360.3
  121.0  15651  -75.7  -78.4     66   0.01    190     13  361.0  361.1  361.0
  119.0  15747  -76.9  -80.3     58   0.01    180     12  360.5  360.6  360.5
  116.0  15891  -77.8  -81.3     57   0.00    130     11  361.5  361.6  361.5
  115.0  15940  -78.1  -81.7     56   0.00    125     11  361.9  361.9  361.9
  109.0  16243  -79.9  -83.8     53   0.00     95     20  364.0  364.0  364.0
  100.0  16730  -82.9  -87.2     48   0.00     95     21  367.3  367.3  367.3
   92.0  17192  -85.0  -89.8     43   0.00     90     27  372.0  372.0  372.0
   89.5  17345  -85.7  -90.7     41   0.00     86     17  373.6  373.6  373.6
   89.0  17376  -85.8  -90.7     41   0.00     85     15  374.1  374.1  374.1
   87.0  17501  -86.0  -90.9     42   0.00    115     10  376.1  376.1  376.1
   85.0  17628  -86.2  -91.0     42   0.00    145     11  378.1  378.1  378.1
   82.0  17825  -86.5  -91.2     43   0.00    145     13  381.3  381.3  381.3
   81.0  17893  -86.6  -91.3     43   0.00    125     11  382.4  382.4  382.4
   80.5  17927  -86.7  -91.3     44   0.00    108     12  383.0  383.0  383.0
   79.0  18031  -85.9  -90.6     43   0.00     55     15  386.7  386.7  386.7
   77.0  18172  -84.8  -89.6     43   0.00     30     20  391.8  391.8  391.8
   74.3  18369  -83.3  -88.3     42   0.00     49     20  399.0  399.0  399.0
   70.0  18700  -85.3  -89.8     45   0.00     80     20  401.6  401.6  401.6
   69.7  18724  -85.3  -89.9     44   0.00                402.1  402.1  402.1
