-----------------------------------------------------------------------------
   PRES   HGHT   TEMP   DWPT   RELH   MIXR   DRCT   SKNT   THTA   THTE   THTV
    hPa     m      C      C      %    g/kg    deg   knot     K      K      K 
-----------------------------------------------------------------------------
 1004.0     30   29.8   25.1     76  20.48    270      9  302.6  363.6  306.3
 1000.0     65   29.6   25.2     77  20.69    270     10  302.8  364.4  306.5
  956.0    467   26.0   24.2     90  20.37    270     20  303.0  363.8  306.7
  935.0    663   24.8   21.8     83  17.91    270     25  303.7  357.2  307.0
  925.0    758   24.2   20.6     80  16.82    265     25  304.1  354.3  307.1
  898.0   1017   22.4   19.5     84  16.16    260     24  304.8  353.3  307.7
  850.0   1495   20.8   12.8     60  11.04    250     21  307.9  341.6  310.0
  839.0   1608   20.6    6.6     40   7.34    247     21  308.9  331.6  310.2
  837.0   1628   20.6    7.6     43   7.88    247     21  309.1  333.5  310.5
  823.0   1774   19.2   12.2     64  10.96    243     21  309.1  342.7  311.1
  764.0   2409   15.2    0.2     36   5.11    226     21  311.4  327.7  312.4
  711.0   3012   10.9   -7.4     27   3.11    210     21  313.1  323.4  313.7
  700.0   3143   10.0   -9.0     25   2.78    215     16  313.5  322.7  314.1
  697.0   3179   10.0  -10.0     23   2.58    222     16  313.9  322.5  314.4
  694.0   3214   10.8  -19.2     10   1.21    230     16  315.2  319.4  315.4
  686.0   3310   10.4  -20.4     10   1.10    250     17  315.8  319.7  316.0
  627.0   4052    7.6  -30.1      5   0.50    210     21  320.8  322.7  320.9
  616.0   4198    7.0  -32.0      4   0.43    219     19  321.7  323.4  321.8
  603.0   4371    5.9  -29.4      6   0.56    230     17  322.4  324.5  322.5
  555.0   5045    1.6  -19.4     19   1.49    209     15  325.1  330.4  325.4
  546.0   5175    1.3  -22.0     16   1.21    205     14  326.2  330.6  326.4
  513.0   5675   -0.1  -32.0      7   0.51    165     18  330.5  332.5  330.6
  502.0   5848   -0.5  -35.5      5   0.37    169     18  332.0  333.5  332.1
  501.0   5864   -0.5  -37.5      4   0.31    170     18  332.2  333.4  332.2
  500.0   5880   -0.7  -38.7      4   0.27    170     18  332.1  333.2  332.2
  469.0   6382   -4.1  -40.4      4   0.24    200     19  334.0  335.0  334.0
  446.0   6776   -6.8  -41.8      4   0.22    195     15  335.4  336.3  335.4
  430.0   7063   -8.8  -42.8      5   0.21    160     13  336.4  337.3  336.5
  400.0   7630  -12.7  -44.7      5   0.18    140     15  338.4  339.1  338.4
  389.0   7840  -13.9  -45.1      5   0.18    130     16  339.5  340.2  339.5
  353.0   8571  -18.3  -46.3      7   0.17    132     16  343.2  343.9  343.2
  344.0   8763  -19.9  -48.9      6   0.13    133     16  343.5  344.1  343.6
  326.0   9158  -22.9  -39.9     20   0.37    134     16  344.7  346.2  344.8
  317.0   9362  -24.5  -29.5     63   1.05    135     16  345.3  349.4  345.5
  302.0   9712  -27.5  -32.5     62   0.83    130     11  345.9  349.2  346.0
  300.0   9760  -27.9  -32.9     62   0.80    135      9  345.9  349.1  346.1
  288.0  10052  -30.5  -36.5     56   0.59    149     10  346.3  348.7  346.4
  287.0  10077  -30.5  -37.5     50   0.53    150     10  346.6  348.8  346.8
  286.0  10102  -30.7  -40.7     37   0.38    151     10  346.7  348.3  346.8
  284.0  10152  -30.9  -34.1     73   0.76    154     10  347.1  350.1  347.3
  283.0  10177  -30.9  -36.0     61   0.63    155     10  347.5  350.1  347.6
  279.0  10278  -30.7  -43.7     27   0.29    137      9  349.2  350.4  349.2
  276.0  10355  -31.1  -44.1     27   0.28    124      8  349.7  350.9  349.7
  275.0  10381  -31.1  -44.1     27   0.28    119      8  350.0  351.2  350.1
  250.0  11050  -36.9  -46.9     35   0.22      0      0  351.1  352.1  351.1
  240.0  11331  -39.3  -45.3     53   0.28     68      6  351.6  352.8  351.6
  234.0  11500  -40.7  -46.1     56   0.26    110     10  352.0  353.1  352.1
  227.0  11704  -42.4  -47.0     61   0.25    140     14  352.5  353.6  352.6
  221.0  11883  -43.9  -47.8     65   0.23    135     19  352.9  353.9  353.0
  212.0  12162  -46.2  -49.0     72   0.21    115     20  353.6  354.5  353.6
  204.0  12420  -48.3  -50.2     81   0.19    118     21  354.1  354.9  354.1
  200.0  12550  -49.3  -52.1     72   0.16    120     21  354.5  355.2  354.6
  184.0  13086  -54.1  -57.2     69   0.09    125     24  355.2  355.6  355.2
  169.0  13632  -59.1  -62.4     65   0.05    110     27  355.7  356.0  355.7
  163.0  13858  -61.1  -62.5     83   0.05    104     28  356.1  356.3  356.1
  157.0  14090  -62.9  -66.2     64   0.03     98     29  356.8  357.0  356.9
  154.0  14209  -63.7  -65.4     80   0.04     95     30  357.4  357.6  357.5
  150.0  14370  -65.1  -68.2     65   0.03     90     31  357.7  357.9  357.8
  117.0  15836  -78.3  -82.5     51   0.00     95     43  359.7  359.7  359.7
  114.0  15984  -79.3  -83.5     50   0.00     91     45  360.5  360.5  360.5
  113.0  16033  -79.6  -83.8     50   0.00     90     45  360.9  361.0  360.9
  100.0  16720  -83.1  -87.4     48   0.00     80     15  366.9  366.9  366.9
   96.0  16946  -84.7  -88.8     49   0.00     80     17  368.1  368.1  368.1
   93.7  17080  -85.7  -89.7     49   0.00    100     14  368.7  368.7  368.7
   93.0  17122  -85.4  -89.6     47   0.00    115     16  370.1  370.1  370.1
   88.0  17434  -83.2  -89.2     35   0.00     70     30  380.5  380.5  380.5
   83.0  17763  -80.8  -88.7     26   0.00     50     27  391.7  391.7  391.7
   76.0  18260  -77.2  -88.0     17   0.00     65     10  409.1  409.1  409.1
   75.0  18335  -76.7  -87.9     16   0.00    100      2  411.8  411.8  411.8
   73.2  18472  -75.7  -87.7     14   0.00    133      7  416.8  416.8  416.8
   72.0  18567  -75.8  -88.1     13   0.00    155     10  418.6  418.6  418.6
   71.0  18648  -75.8  -88.5     12   0.00    140     12  420.1  420.1  420.1
   70.0  18730  -75.9  -88.9     12   0.00    145      9  421.7  421.7  421.7
   65.0  19159  -75.5  -89.6     10   0.00    235      1  431.5  431.5  431.5
   63.0  19340  -75.4  -89.9      9   0.00     95     17  435.7  435.7  435.7
   57.0  19919  -74.9  -90.9      7   0.00                449.4  449.5  449.4
