-----------------------------------------------------------------------------
   PRES   HGHT   TEMP   DWPT   RELH   MIXR   DRCT   SKNT   THTA   THTE   THTV
    hPa     m      C      C      %    g/kg    deg   knot     K      K      K 
-----------------------------------------------------------------------------
 1005.0     30   23.6   22.9     96  17.85    130     11  296.3  348.0  299.5
 1000.0     78   23.6   22.9     96  17.94    130     14  296.8  348.8  299.9
  972.0    327   23.5   21.6     89  17.00    125     34  299.1  348.8  302.1
  954.0    491   23.4   20.7     85  16.40    120     36  300.6  348.9  303.5
  937.0    648   22.4   20.1     87  16.04    115     38  301.1  348.4  303.9
  925.0    760   21.6   19.6     88  15.78    120     35  301.4  348.0  304.2
  890.0   1094   19.4   18.7     96  15.50    130     29  302.5  348.5  305.3
  871.0   1281   18.2   18.2    100  15.34    137     33  303.1  348.8  305.9
  850.0   1491   17.4   17.2     99  14.75    145     37  304.4  348.5  307.1
  841.0   1582   17.2   16.5     95  14.22    150     38  305.1  347.8  307.7
  820.0   1799   16.8   14.7     87  13.03    145     43  306.9  346.4  309.3
  797.0   2042   16.4   12.8     79  11.79    145     40  308.9  345.0  311.1
  748.0   2578   13.4   11.3     87  11.40    145     32  311.3  346.5  313.4
  711.0   3006   10.9   10.2     95  11.08    165     26  313.2  347.7  315.3
  700.0   3138   10.2    9.8     97  10.98    180     21  313.8  348.1  315.8
  692.0   3234    9.4    9.4    100  10.81    202     22  313.9  347.7  315.9
  691.0   3246    9.3    9.3    100  10.79    205     22  314.0  347.7  316.0
  664.0   3570    7.8    7.8    100  10.07    200     24  315.8  347.6  317.7
  641.0   3857    6.4    6.4    100   9.47    230     17  317.4  347.5  319.2
  619.0   4142    5.0    5.0    100   8.90    230     11  319.0  347.5  320.7
  588.0   4560    2.9    2.9    100   8.11    205     13  321.3  347.6  322.9
  572.0   4785    1.8    1.8    100   7.70    220     18  322.6  347.7  324.1
  556.0   5016    0.7    0.7    100   7.30    235     13  323.9  347.9  325.3
  530.0   5406   -1.2   -1.2    100   6.67    220     15  326.1  348.2  327.4
  519.0   5576   -2.0   -2.0    100   6.40    235     14  327.0  348.4  328.3
  505.0   5799   -3.1   -3.1    100   6.07    230     12  328.2  348.7  329.5
  500.0   5880   -3.5   -3.5    100   5.95    240     11  328.7  348.8  329.9
  496.0   5943   -3.7   -3.7    100   5.91    247     11  329.2  349.2  330.4
  484.0   6135   -4.8   -4.8    100   5.59    270     12  330.2  349.2  331.3
  466.0   6431   -6.4   -6.4    100   5.12    285      1  331.8  349.4  332.8
  448.0   6739   -8.1   -8.1    100   4.67    251     10  333.4  349.6  334.3
  440.0   6879   -9.0   -9.6     95   4.23    235     14  334.0  348.8  334.9
  435.0   6967   -9.5  -10.5     92   3.98    218     12  334.4  348.4  335.2
  434.0   6985   -9.6  -10.6     92   3.96    215     11  334.6  348.5  335.4
  417.0   7291  -10.9  -11.9     92   3.70    280     10  336.7  349.9  337.4
  408.0   7458  -11.6  -12.6     92   3.57    280     13  337.9  350.6  338.6
  400.0   7610  -12.3  -13.3     92   3.45    260     15  338.9  351.3  339.6
  396.0   7686  -12.8  -13.8     92   3.34    250     13  339.3  351.3  340.0
  386.0   7879  -13.9  -15.2     90   3.07    280     12  340.2  351.4  340.9
  378.0   8037  -14.9  -16.2     89   2.86    275     12  341.0  351.5  341.6
  371.0   8178  -15.7  -17.2     88   2.69    250     11  341.7  351.6  342.3
  365.0   8302  -16.5  -18.1     87   2.54    260     13  342.3  351.7  342.9
  361.0   8385  -17.0  -18.6     87   2.45    250     17  342.8  351.8  343.3
  340.0   8837  -19.7  -21.8     83   1.98    260     10  345.0  352.5  345.4
  334.0   8972  -20.5  -22.7     83   1.86    282     11  345.6  352.7  346.0
  332.0   9016  -20.8  -23.0     83   1.82    290     11  345.8  352.7  346.1
  326.0   9150  -21.8  -23.9     83   1.71    280     10  346.2  352.7  346.6
  300.0   9760  -26.3  -28.2     84   1.26    280      7  348.2  353.1  348.5
  268.0  10561  -32.3  -35.0     77   0.74      0      0  350.9  353.9  351.0
  259.0  10804  -34.1  -37.0     75   0.62     32      4  351.7  354.2  351.8
  250.0  11050  -36.3  -39.4     73   0.50     65      8  352.0  354.1  352.1
  243.0  11241  -38.0  -41.1     72   0.43     70     10  352.3  354.1  352.4
  237.0  11409  -39.5  -42.6     72   0.38     55     10  352.5  354.1  352.6
  211.0  12190  -46.5  -49.7     69   0.19     70     13  353.6  354.4  353.6
  200.0  12550  -49.7  -53.0     68   0.14     60     13  353.9  354.5  353.9
  192.0  12815  -52.2  -55.4     69   0.11     60     10  354.0  354.5  354.0
  190.0  12883  -52.9  -56.0     69   0.10     64     11  354.0  354.4  354.0
  185.0  13050  -54.4  -57.6     68   0.09     75     15  354.2  354.6  354.3
  178.0  13291  -56.6  -59.8     67   0.07     65     19  354.6  354.9  354.6
  155.0  14155  -64.4  -67.9     62   0.03     75     21  355.5  355.7  355.5
  150.0  14360  -66.3  -69.8     61   0.02     70     23  355.7  355.8  355.7
  130.0  15209  -74.7  -78.3     57   0.01     70     30  355.5  355.5  355.5
  119.0  15714  -78.6  -81.9     59   0.00     70     34  357.4  357.4  357.4
  115.0  15909  -80.1  -83.2     60   0.00     85     34  358.1  358.1  358.1
  112.0  16060  -81.3  -84.3     61   0.00     76     36  358.6  358.6  358.6
  110.0  16162  -80.6  -83.8     59   0.00     70     38  361.8  361.8  361.8
  106.0  16371  -79.1  -82.8     55   0.00     49     29  368.5  368.5  368.5
  104.0  16479  -79.9  -82.8     62   0.00     38     25  368.9  369.0  368.9
  100.0  16700  -80.9  -84.4     56   0.00     15     16  371.2  371.2  371.2
   98.0  16813  -81.5  -85.3     53   0.00     15     12  372.2  372.2  372.2
   97.0  16870  -81.8  -85.7     51   0.00    345     11  372.8  372.8  372.8
   91.1  17221  -83.5  -88.5     42   0.00      5     12  376.0  376.1  376.0
   91.0                                         5     12                     
