-----------------------------------------------------------------------------
   PRES   HGHT   TEMP   DWPT   RELH   MIXR   DRCT   SKNT   THTA   THTE   THTV
    hPa     m      C      C      %    g/kg    deg   knot     K      K      K 
-----------------------------------------------------------------------------
 1005.0     30   30.0   26.6     82  22.43    270      9  302.7  369.7  306.8
 1000.0     71   29.8   26.8     84  22.82    275      8  302.9  371.2  307.1
  963.0    408   26.6   26.0     97  22.60    278     11  303.0  370.6  307.1
  937.0    651   25.1   23.9     93  20.40    280     13  303.9  364.9  307.5
  925.0    765   24.4   22.9     91  19.44    270     12  304.2  362.5  307.8
  891.0   1094   22.9   20.6     87  17.44    255     11  305.9  358.5  309.1
  890.0   1103   22.8   20.5     87  17.38    255     11  306.0  358.4  309.1
  878.0   1222   23.7   16.1     62  13.25    250     10  308.1  348.5  310.6
  864.0   1363   24.8   10.8     41   9.50    252      6  310.7  340.1  312.4
  850.0   1506   24.0   11.0     44   9.79    255      2  311.3  341.7  313.1
  836.0   1649   22.8   11.3     48  10.15      0      1  311.5  343.0  313.4
  794.0   2094   19.1   12.2     64  11.37    110     10  312.1  347.4  314.3
  784.0   2203   18.2   12.4     69  11.69    135     12  312.3  348.6  314.5
  742.0   2678   14.2   13.4     95  13.20    114     12  312.9  353.9  315.4
  734.0   2769   13.7   11.7     88  11.93    110     12  313.3  350.5  315.6
  700.0   3169   11.4    4.4     62   7.55    115     18  315.1  339.1  316.5
  688.0   3314   10.4    1.4     54   6.19    115     20  315.5  335.4  316.7
  670.0   3531    8.8    0.6     56   5.99    115     23  316.2  335.5  317.3
  597.0   4475    2.0   -3.0     69   5.17    125     11  318.9  335.8  319.9
  588.0   4600    1.1   -3.5     71   5.07    140      9  319.2  335.8  320.2
  579.0   4726    0.2   -3.9     74   4.96    155     11  319.6  335.9  320.5
  576.0   4768   -0.1   -4.1     74   4.93    152     11  319.7  335.9  320.6
  561.0   4981    1.0  -10.0     44   3.20    138     11  323.4  334.3  324.0
  555.0   5067    1.8  -28.2      9   0.68    133     11  325.3  327.9  325.5
  551.0   5125    1.2  -13.8     32   2.40    129     10  325.3  333.7  325.8
  527.0   5481   -1.2  -19.0     25   1.63    105     10  326.5  332.4  326.9
  500.0   5900   -4.1  -25.1     18   1.00    110      9  328.0  331.7  328.2
  490.0   6058   -5.4  -25.9     18   0.95    115     10  328.3  331.9  328.5
  479.0   6235   -6.8  -26.8     19   0.89    135     10  328.7  332.1  328.9
  478.0   6251   -6.9  -26.9     19   0.89    134     10  328.8  332.1  328.9
  474.0   6317   -7.3  -29.3     15   0.72    131     10  329.1  331.8  329.2
  460.0   6549   -7.7  -28.7     17   0.78    121     10  331.4  334.4  331.6
  456.0   6617   -8.1  -16.1     53   2.40    119     10  331.7  340.3  332.2
  449.0   6736   -8.9  -13.7     68   2.97    113     10  332.2  342.7  332.8
  443.0   6840   -9.5  -13.9     70   2.97    109     10  332.7  343.2  333.3
  437.0   6945  -10.1  -16.1     61   2.51    104     10  333.2  342.2  333.8
  435.0   6980   -9.7  -29.7     18   0.75    103     10  334.2  337.1  334.3
  429.0   7087  -10.3  -33.3     13   0.54     98     10  334.8  336.9  334.9
  425.0   7159  -10.9  -27.0     25   0.99     95     10  334.9  338.7  335.1
  422.0   7213  -11.3  -22.3     40   1.52     96     10  335.1  340.7  335.4
  410.0   7433  -12.5  -41.5      7   0.25    101      9  336.3  337.3  336.3
  407.0   7489  -12.9  -26.9     30   1.04    102      9  336.5  340.4  336.7
  400.0   7620  -14.3  -38.3     11   0.35    105      9  336.3  337.7  336.4
  399.0   7639  -14.3  -50.3      3   0.10    106      9  336.6  337.0  336.6
  382.0   7969  -16.7  -25.7     46   1.24    119     10  337.6  342.3  337.9
  377.0   8068  -17.1  -30.1     31   0.84    123     10  338.4  341.6  338.5
  373.0   8148  -17.7  -21.7     71   1.82    127     10  338.6  345.3  339.0
  362.0   8372  -19.3  -25.3     59   1.36    136     11  339.4  344.5  339.6
  357.0   8476  -19.6  -42.3     12   0.26    140     11  340.3  341.4  340.3
  356.0   8497  -19.7  -45.7      8   0.18    140     11  340.4  341.2  340.5
  354.0   8539  -20.1  -30.1     41   0.89    139     11  340.5  343.9  340.6
  349.0   8644  -20.7  -36.7     22   0.47    138     11  341.0  342.9  341.1
  344.0   8751  -21.7  -30.7     44   0.87    136     11  341.1  344.5  341.3
  340.0   8837  -22.5  -32.8     39   0.72    135     11  341.1  344.0  341.3
  335.0   8946  -23.5  -35.5     32   0.56    139     10  341.2  343.4  341.3
  334.0   8968  -23.1  -25.1     84   1.50    140     10  342.1  347.8  342.4
  300.0   9750  -27.5  -33.5     57   0.76    170      6  346.5  349.6  346.7
  280.0  10241  -31.1  -38.1     50   0.51     90      3  348.2  350.3  348.3
  259.0  10784  -36.0  -44.5     41   0.28      0      0  348.9  350.1  348.9
  252.0  10975  -37.7  -46.7     38   0.23     27      2  349.1  350.1  349.1
  250.0  11030  -38.5  -48.5     34   0.19     35      3  348.7  349.5  348.7
  246.0  11140  -39.3  -56.3     15   0.08     49      4  349.1  349.4  349.1
  238.0  11366  -41.3  -54.3     23   0.10     76      7  349.4  349.9  349.4
  235.0  11452  -41.9  -46.9     58   0.24     87      8  349.8  350.8  349.8
  226.0  11713  -44.1  -48.0     66   0.22    120     11  350.2  351.2  350.3
  220.0  11894  -45.7  -48.7     72   0.21    150     12  350.6  351.5  350.6
  216.0  12015  -46.8  -50.3     68   0.18    170     12  350.7  351.5  350.8
  205.0  12359  -49.9  -54.7     57   0.11    139     11  351.1  351.6  351.1
  200.0  12520  -51.3  -55.7     59   0.10    125     11  351.4  351.8  351.4
  198.0  12585  -51.7  -56.2     58   0.10    115     13  351.7  352.1  351.7
  190.0  12851  -53.5  -58.5     54   0.08    119     13  353.0  353.4  353.0
  181.0  13162  -55.7  -67.7     21   0.02    124     14  354.4  354.5  354.4
  180.0  13196  -56.0  -67.8     21   0.02    125     14  354.4  354.6  354.5
  159.0  13968  -62.5  -71.0     31   0.02     90     16  356.3  356.4  356.3
  150.0  14330  -65.5  -72.5     37   0.01     90     20  357.1  357.1  357.1
  146.0  14494  -66.7  -71.0     55   0.02     92     22  357.7  357.8  357.8
  140.0  14745  -69.1  -76.1     36   0.01     95     25  357.9  357.9  357.9
  139.0  14788  -69.5  -76.2     37   0.01     95     25  358.0  358.0  358.0
  136.0  14918  -70.5  -76.5     41   0.01     88     27  358.4  358.4  358.4
  130.0  15178  -72.6  -78.3     42   0.01     75     30  359.3  359.3  359.3
  108.0  16247  -81.1  -85.5     47   0.00     80     36  362.8  362.8  362.8
  107.0  16300  -81.5  -85.9     48   0.00     82     36  362.9  362.9  362.9
  100.0  16680  -80.9  -85.5     46   0.00    100     40  371.2  371.2  371.2
   92.2  17137  -83.1  -89.1     35   0.00    100     32  375.5  375.6  375.5
   88.0  17398  -83.2  -89.5     33   0.00    105     21  380.4  380.5  380.4
   83.0  17725  -83.2  -90.0     31   0.00    125     30  386.7  386.7  386.7
   79.9  17938  -83.3  -90.3     29   0.00    102     35  390.8  390.8  390.8
   79.0  18002  -82.7  -90.2     27   0.00     95     36  393.3  393.3  393.3
   76.0  18222  -80.7  -89.6     22   0.00     70     27  401.8  401.8  401.8
   74.0  18374  -79.4  -89.3     19   0.00     75     18  407.8  407.8  407.8
   71.0  18609  -77.2  -88.7     15   0.00     95     28  417.1  417.2  417.1
   70.0  18690  -76.5  -88.5     14   0.00    100     23  420.4  420.4  420.4
   69.0  18774  -76.0  -88.6     12   0.00    120     21  423.3  423.3  423.3
   67.0  18944  -74.8  -88.7     10   0.00    110     15  429.3  429.3  429.3
   63.7  19238  -72.9  -88.9      7   0.00     89     18  439.8  439.8  439.8
   60.3  19558  -74.1  -91.1      6   0.00     67     21  444.1  444.1  444.1
   60.0                                        65     21                     
