-----------------------------------------------------------------------------
   PRES   HGHT   TEMP   DWPT   RELH   MIXR   DRCT   SKNT   THTA   THTE   THTV
    hPa     m      C      C      %    g/kg    deg   knot     K      K      K 
-----------------------------------------------------------------------------
 1004.0     30   27.4   25.6     90  21.12    110      4  300.2  362.5  304.0
 1000.0     66   27.2   25.8     92  21.47    125      3  300.4  363.7  304.2
  976.0    282   26.2   25.1     94  21.08    166      2  301.4  363.9  305.2
  942.0    595   24.9   21.8     83  17.80    225      1  303.2  356.2  306.4
  925.0    756   24.2   20.1     78  16.29    290      3  304.1  352.8  307.0
  850.0   1494   20.4   16.7     79  14.28    305      4  307.5  350.8  310.1
  700.0   3148   11.6    7.7     77   9.51     15      7  315.3  345.3  317.1
  663.0   3601    9.0    4.4     73   7.97      5      9  317.3  342.8  318.8
  655.0   3702    8.0    6.6     91   9.42      2     10  317.3  347.2  319.1
  647.0   3801    7.5    6.1     91   9.19      0     10  317.8  347.1  319.6
  541.0   5256    0.2   -1.7     88   6.31      0     17  325.8  346.8  327.0
  522.0   5547   -1.3   -3.2     87   5.82    349     14  327.3  346.9  328.5
  502.0   5858   -2.5   -5.9     77   4.93    336     11  329.6  346.4  330.5
  500.0   5890   -2.3   -6.6     72   4.69    335     11  330.2  346.3  331.1
  498.0   5922   -2.3   -7.1     70   4.53    334     11  330.6  346.2  331.4
  485.0   6130   -3.6   -8.7     68   4.10    325     13  331.4  345.6  332.2
  462.0   6513   -6.1  -11.7     64   3.39    340     12  333.0  344.9  333.6
  446.0   6791   -7.9  -13.9     62   2.95    340     12  334.1  344.6  334.7
  440.0   6896   -8.7  -13.6     68   3.06    340     12  334.4  345.3  335.0
  423.0   7201  -10.9  -12.7     87   3.43    323     13  335.3  347.5  336.0
  415.0   7347  -11.5  -13.6     84   3.24    315     13  336.4  347.9  337.0
  400.0   7630  -12.7  -15.4     80   2.90    345     10  338.4  348.9  339.0
  392.0   7782  -13.8  -16.1     83   2.80     15     11  338.9  349.1  339.5
  373.0   8156  -16.4  -17.8     89   2.56     10     10  340.3  349.7  340.8
  352.0   8592  -19.5  -19.7     98   2.29     17     10  341.8  350.3  342.3
  313.0   9451  -25.1  -27.6     80   1.27     30     11  345.6  350.6  345.9
  303.0   9688  -26.7  -29.8     75   1.07     11     12  346.6  350.9  346.9
  300.0   9760  -27.3  -30.3     76   1.03      5     12  346.8  350.9  347.0
  299.0   9784  -27.5  -30.6     75   1.01      5     13  346.9  350.9  347.1
  292.0   9955  -28.7  -32.7     68   0.84     14     11  347.5  350.9  347.7
  291.0   9979  -28.9  -32.9     69   0.83     15     11  347.6  350.9  347.7
  257.0  10858  -35.9  -38.1     80   0.56     15     10  349.8  352.1  349.9
  250.0  11050  -37.5  -40.4     74   0.45     15     10  350.2  352.1  350.3
  248.0  11105  -38.0  -40.8     74   0.44     20     10  350.3  352.1  350.4
  233.0  11532  -41.5  -44.0     77   0.33    327      7  351.2  352.6  351.3
  229.0  11650  -42.3  -47.2     59   0.24    312      6  351.8  352.8  351.8
  208.0  12292  -48.0  -51.5     67   0.16    230      2  352.6  353.3  352.6
  207.0  12324  -48.3  -51.7     68   0.16    226      3  352.6  353.3  352.7
  201.0  12517  -49.7  -52.6     71   0.15    204      6  353.4  354.1  353.4
  200.0  12550  -49.9  -53.2     68   0.14    200      7  353.6  354.2  353.6
  197.0  12647  -50.6  -54.8     61   0.11    205     10  354.0  354.5  354.0
  192.0  12813  -51.8  -57.5     50   0.08    180     13  354.7  355.1  354.7
  185.0  13053  -53.5  -61.5     37   0.05    185     19  355.7  356.0  355.7
  177.0  13334  -56.0  -60.9     54   0.06    190     27  356.2  356.4  356.2
  176.0  13370  -56.3  -60.8     57   0.06    189     27  356.2  356.5  356.2
  172.0  13515  -56.9  -65.9     31   0.03    186     27  357.6  357.7  357.6
  150.0  14360  -65.1  -70.0     51   0.02    165     27  357.7  357.8  357.8
  147.0  14483  -66.3  -71.8     46   0.02    165     28  357.8  357.8  357.8
  145.0  14566  -67.1  -73.1     42   0.01    162     27  357.8  357.8  357.8
  127.0  15338  -72.7  -78.1     44   0.01    130     16  361.5  361.6  361.5
  100.0  16730  -82.7  -87.0     48   0.00    130     36  367.7  367.7  367.7
   93.7  17091  -84.9  -89.6     44   0.00    140     32  370.3  370.3  370.3
   92.0  17191  -84.9  -89.6     44   0.00    135     28  372.1  372.2  372.1
   82.0  17825  -85.1  -89.9     43   0.00    105     22  384.2  384.2  384.2
   78.0  18100  -85.2  -90.0     43   0.00     75     23  389.5  389.5  389.5
   74.7  18338  -85.3  -90.1     43   0.00     75     22  394.2  394.2  394.2
   74.0  18390  -84.5  -89.8     40   0.00     75     22  396.9  396.9  396.9
   70.0  18700  -79.9  -87.9     26   0.00     55     20  413.1  413.1  413.1
   68.0  18866  -78.1  -88.1     19   0.00     35     20  420.5  420.5  420.5
   66.1  19027  -76.3  -88.3     14   0.00     35     15  427.8  427.8  427.8
   66.0  19036  -76.3  -88.3     14   0.00     35     15  428.0  428.1  428.0
   63.0  19307  -75.2  -89.0     10   0.00     55      2  436.1  436.1  436.1
   60.0  19591  -74.1  -89.8      8   0.00    115     12  444.6  444.6  444.6
   57.0  19890  -73.0  -90.5      6   0.00    130     19  453.8  453.8  453.8
   54.8  20119  -72.1  -91.1      4   0.00    112     22  460.9  461.0  460.9
   52.1  20415  -73.9  -91.9      5   0.00     89     25  463.5  463.5  463.5
   50.1  20645  -71.3  -90.3      5   0.00     71     28  474.8  474.8  474.8
   50.0                                        70     28                     

