-----------------------------------------------------------------------------
   PRES   HGHT   TEMP   DWPT   RELH   MIXR   DRCT   SKNT   THTA   THTE   THTV
    hPa     m      C      C      %    g/kg    deg   knot     K      K      K 
-----------------------------------------------------------------------------
 1005.0     30   30.0   25.3     76  20.71    280      9  302.7  364.5  306.4
 1000.0     75   29.8   25.5     78  21.08    280      8  302.9  365.9  306.8
  957.0    468   26.2   24.4     90  20.64    290     15  303.2  364.8  306.9
  952.0    514   25.8   24.3     91  20.59    285     15  303.2  364.6  306.9
  940.0    627   26.2   18.2     61  14.19    274     13  304.7  347.3  307.3
  925.0    769   25.0   20.2     75  16.40    260     12  304.9  354.1  307.9
  920.0    817   24.7   20.1     76  16.42    255     12  305.1  354.4  308.1
  898.0   1029   23.6   19.9     79  16.53    255     10  306.0  355.9  309.0
  879.0   1217   22.6   19.6     83  16.63    245      7  306.9  357.2  309.9
  863.0   1377   21.8   16.9     74  14.24    237      5  307.6  350.9  310.3
  850.0   1509   20.6   17.9     85  15.43    230      3  307.7  354.6  310.6
  842.0   1590   20.1   17.4     85  15.12    160      1  308.0  353.9  310.8
  786.0   2175   16.1   14.1     88  13.01     90     10  309.8  349.7  312.2
  715.0   2981   10.6    9.4     92  10.49     90     16  312.3  344.9  314.3
  700.0   3162    9.4    8.4     93   9.98    100     17  312.9  344.0  314.7
  699.0   3174    9.3    8.4     94   9.98    100     17  312.9  344.0  314.8
  689.0   3294    8.4    8.2     99  10.00    108     16  313.2  344.4  315.1
  681.0   3391    8.0    6.9     93   9.25    114     16  313.8  342.8  315.5
  667.0   3562    7.8    0.7     61   6.07    125     15  315.4  334.9  316.6
  665.0   3587    7.8   -0.2     57   5.70    129     15  315.7  334.1  316.8
  639.0   3916    6.9    0.4     64   6.22    180     10  318.2  338.4  319.4
  632.0   4007    6.6    0.6     66   6.37    177     10  318.9  339.6  320.2
  578.0   4735    1.2   -0.8     87   6.29    153     10  320.9  341.4  322.1
  551.0   5119   -0.9   -9.9     50   3.29    140     10  322.8  334.0  323.4
  545.0   5207   -1.5   -4.9     78   4.90    149     11  323.1  339.4  324.1
  532.0   5399   -2.4   -5.2     81   4.89    170     12  324.2  340.6  325.2
  523.0   5535   -3.1   -5.5     83   4.88    160     11  325.0  341.4  325.9
  519.0   5596   -3.4  -12.7     49   2.80    155     11  325.4  335.1  325.9
  514.0   5672   -3.7  -21.7     23   1.32    155     11  325.9  330.6  326.1
  507.0   5781   -4.7   -8.3     76   4.06    155     12  325.9  339.7  326.8
  503.0   5843   -5.3   -8.5     78   4.02    155     12  326.0  339.6  326.8
  500.0   5890   -5.5  -10.2     69   3.54    155     12  326.3  338.4  327.0
  497.0   5937   -5.9   -9.9     73   3.65    155     12  326.3  338.8  327.1
  493.0   6001   -5.9  -15.9     45   2.26    154     12  327.1  335.1  327.5
  487.0   6097   -6.7  -13.7     57   2.74    153     12  327.3  336.8  327.8
  485.0   6129   -7.3   -7.4     99   4.55    153     12  326.9  342.4  327.8
  479.0   6226   -8.3   -8.3    100   4.29    152     12  326.8  341.4  327.7
  473.0   6324   -8.9  -13.9     67   2.78    152     12  327.3  336.9  327.8
  470.0   6373   -9.1   -9.1    100   4.11    151     12  327.6  341.7  328.4
  464.0   6472   -9.7   -9.7    100   3.97    150     12  328.1  341.7  328.9
  462.0   6506  -10.3  -19.3     48   1.81    150     12  327.7  334.2  328.1
  461.0   6523   -9.7  -13.0     77   3.07    150     12  328.7  339.4  329.3
  459.0   6556   -9.7  -12.1     83   3.31    148     11  329.1  340.6  329.8
  452.0   6675  -10.1  -26.1     26   1.01    142     10  330.0  333.8  330.2
  445.0   6795  -10.1  -14.3     71   2.86    136      8  331.5  341.6  332.1
  443.0   6830  -10.3  -19.3     48   1.88    135      7  331.7  338.5  332.1
  439.0   6900  -10.9  -22.9     37   1.39    131      6  331.8  336.9  332.1
  436.0   6953  -11.1  -19.1     52   1.95    129      5  332.2  339.2  332.6
  432.0   7023  -11.4  -26.7     27   1.00    125      4  332.7  336.5  332.9
  430.0   7059  -11.5  -30.5     19   0.71    123      4  333.0  335.7  333.1
  429.0   7077  -11.7  -16.7     66   2.43    122      4  333.0  341.7  333.5
  424.0   7167  -12.3  -19.3     56   1.97    118      5  333.3  340.5  333.7
  422.0   7203  -12.3  -32.3     17   0.61    116      6  333.8  336.1  333.9
  409.0   7441  -14.1  -21.1     55   1.75    104      8  334.4  340.9  334.8
  400.0   7610  -15.1  -25.1     42   1.25     95      9  335.3  340.0  335.5
  394.0   7724  -15.5  -26.6     38   1.10     85     10  336.3  340.4  336.5
  390.0   7801  -15.7  -27.7     35   1.01     75     11  336.9  340.8  337.1
  386.0   7878  -16.3  -25.6     44   1.24     65     12  337.1  341.8  337.4
  378.0   8035  -17.5  -21.4     72   1.84     65     11  337.6  344.4  337.9
  372.0   8154  -17.7  -27.7     41   1.06     65     11  338.9  342.9  339.1
  361.0   8378  -18.7  -20.7     84   2.05     65     10  340.4  348.0  340.9
  357.0   8461  -18.7  -23.5     66   1.62     61     10  341.5  347.6  341.9
  353.0   8544  -19.3  -21.1     86   2.02     57     10  341.8  349.4  342.2
  342.0   8778  -21.2  -22.5     89   1.85     45     10  342.4  349.3  342.8
  339.0   8843  -21.7  -22.9     90   1.80     48     11  342.5  349.3  342.9
  323.0   9196  -23.9  -28.4     66   1.15     65     15  344.2  348.7  344.5
  316.0   9356  -24.9  -30.9     57   0.93     55     14  345.0  348.7  345.2
  313.0   9425  -25.5  -30.8     61   0.94     50     14  345.1  348.9  345.3
  306.0   9588  -26.9  -30.5     71   0.99     61     13  345.4  349.3  345.6
  300.0   9730  -27.5  -39.5     31   0.41     70     13  346.5  348.2  346.6
  299.0   9754  -27.7  -40.7     28   0.37     70     13  346.6  348.1  346.6
  290.0   9972  -29.5  -34.5     62   0.71     62     13  347.0  349.9  347.2
  277.0  10297  -32.2  -41.3     40   0.37     50     12  347.6  349.2  347.7
  274.0  10374  -32.9  -42.9     36   0.32     51     13  347.8  349.1  347.9
  267.0  10555  -34.7  -39.5     62   0.47     54     15  347.7  349.7  347.8
  253.0  10927  -37.2  -41.1     66   0.41     60     19  349.5  351.2  349.6
  250.0  11010  -37.7  -41.5     67   0.40     60     19  349.9  351.6  350.0
  238.0  11347  -40.3  -43.5     71   0.34     50     20  350.9  352.4  351.0
  227.0  11668  -42.8  -46.3     68   0.27     40     21  351.9  353.1  352.0
  222.0  11818  -43.9  -47.6     67   0.23     42     19  352.4  353.4  352.5
  205.0  12346  -48.5  -52.3     64   0.15     50     14  353.3  354.0  353.4
  200.0  12510  -49.9  -53.8     63   0.13     65     17  353.6  354.2  353.6
  195.0  12673  -51.5  -55.2     64   0.11     70     20  353.6  354.1  353.6
  179.0  13225  -56.9  -60.1     67   0.07     72     22  353.5  353.8  353.5
  162.0  13847  -62.5  -66.8     56   0.03     75     25  354.3  354.4  354.3
  157.0  14042  -64.3  -68.9     53   0.02     71     25  354.5  354.6  354.5
  150.0  14320  -66.7  -71.0     55   0.02     65     24  355.0  355.1  355.0
  135.0  14949  -72.3  -77.1     48   0.01     63     34  355.9  356.0  355.9
  119.0  15664  -78.8  -82.8     52   0.00     60     45  357.1  357.1  357.1
  100.0  16650  -87.7  -90.6     59   0.00     85     39  358.1  358.1  358.1
   96.0  16870  -89.1  -93.6     43   0.00     85     46  359.6  359.6  359.6
   94.8  16938  -89.5  -94.5     39   0.00     85     42  360.0  360.0  360.0
   93.1  17038  -78.1  -88.1     19   0.00     74     37  384.4  384.4  384.4
   92.0  17106  -75.9  -82.9     33   0.00     67     33  390.0  390.0  390.0
   87.7  17382  -75.3  -87.3     14   0.00     37     20  396.6  396.6  396.6
   86.0  17494  -75.4  -87.4     14   0.00     25     14  398.6  398.6  398.6
   85.0  17562  -75.4  -87.4     14   0.00     30     10  399.9  399.9  399.9
   83.0  17699  -75.5  -87.5     14   0.00     80      4  402.4  402.4  402.4
   82.0  17769  -75.6  -87.6     14   0.00    125     10  403.7  403.7  403.7
   78.0  18057  -75.8  -87.8     14   0.00    125     21  409.0  409.0  409.0
   74.0  18360  -76.0  -88.0     14   0.00    100     23  414.7  414.7  414.7
   70.0  18680  -76.3  -88.3     14   0.00     85     28  420.8  420.9  420.8
   68.0  18847  -76.1  -88.4     13   0.00     80     23  424.8  424.8  424.8
   64.3  19170  -75.7  -88.7     12   0.00     89     16  432.5  432.5  432.5
   64.0                                        90     15                     
