-----------------------------------------------------------------------------
   PRES   HGHT   TEMP   DWPT   RELH   MIXR   DRCT   SKNT   THTA   THTE   THTV
    hPa     m      C      C      %    g/kg    deg   knot     K      K      K 
-----------------------------------------------------------------------------
 1003.0     30   26.6   24.1     86  19.27    255      8  299.5  356.1  302.9
 1000.0     59   26.8   24.5     87  19.82    260      5  299.9  358.3  303.5
  971.0    320   27.2   20.2     66  15.60    264     19  302.9  349.3  305.7
  966.0    366   26.8   20.8     70  16.26    265     22  302.9  351.4  305.9
  951.0    505   25.6   22.5     83  18.42    260     20  303.1  358.0  306.4
  925.0    750   25.4   20.4     74  16.61    250     16  305.3  355.2  308.3
  888.0   1108   23.7   17.4     67  14.25    240     10  307.1  350.3  309.8
  872.0   1267   23.0   16.0     65  13.29    223      7  308.0  348.4  310.4
  861.0   1378   22.6   15.6     65  13.11    212      5  308.7  348.7  311.1
  850.0   1490   21.8   14.8     64  12.61    200      3  309.0  347.5  311.3
  812.0   1881   19.0   13.6     71  12.17    170      1  310.1  347.5  312.4
  725.0   2851   12.2   10.5     89  11.12     91      8  312.8  347.4  314.9
  708.0   3050   11.4    6.8     73   8.82     75     10  314.0  341.8  315.7
  700.0   3145   11.0    5.0     66   7.87     75     11  314.6  339.6  316.1
  680.0   3387    9.0    7.6     91   9.72     80     11  315.0  345.6  316.9
  679.0   3399    9.0    7.4     90   9.60     80     11  315.1  345.4  317.0
  636.0   3940    6.5    2.8     77   7.41     90     10  318.2  342.1  319.7
  628.0   4045    6.0    1.9     75   7.04    100     11  318.8  341.6  320.2
  612.0   4256    4.5    2.4     86   7.47    120     13  319.4  343.6  320.9
  607.0   4323    4.0    2.5     90   7.61    117     14  319.6  344.2  321.1
  591.0   4541    3.2   -1.8     70   5.71    106     16  321.2  339.9  322.3
  590.0   4554    3.1   -1.5     72   5.83    105     16  321.1  340.3  322.3
  580.0   4693    1.6    1.1     96   7.20    111     17  321.0  344.4  322.4
  574.0   4777    1.8   -7.2     51   3.90    115     17  322.2  335.3  323.0
  569.0   4848    1.4   -6.6     55   4.12    118     18  322.5  336.4  323.4
  566.0   4890    1.3  -15.2     28   2.09    120     18  322.9  330.2  323.3
  563.0   4933    1.2  -23.8     14   1.00    119     18  323.3  326.9  323.5
  557.0   5019    1.0  -10.0     44   3.23    118     19  324.0  335.1  324.7
  527.0   5463   -1.3  -22.3     19   1.22    111     23  326.4  330.9  326.7
  501.0   5864   -4.5  -10.5     63   3.45    105     26  327.3  339.2  328.0
  500.0   5880   -4.3  -13.3     50   2.76    105     26  327.7  337.4  328.3
  498.0   5911   -4.3  -18.3     33   1.83    104     26  328.1  334.6  328.5
  490.0   6038   -4.9  -22.9     23   1.24    102     25  328.9  333.5  329.1
  465.0   6447   -6.9  -33.9     10   0.47     93     22  331.4  333.2  331.5
  457.0   6581   -7.9  -30.1     15   0.69     90     21  331.7  334.4  331.9
  444.0   6804   -9.6  -23.9     30   1.26    100     29  332.3  337.0  332.6
  442.0   6839   -9.9  -22.9     34   1.38    100     29  332.4  337.5  332.7
  435.0   6961  -10.3  -33.3     13   0.53     98     27  333.4  335.5  333.5
  433.0   6997  -10.5  -31.5     16   0.64     98     27  333.6  336.1  333.7
  432.0   7014  -10.7  -19.7     48   1.87     97     26  333.6  340.4  333.9
  429.0   7068  -11.1  -27.1     25   0.97     97     26  333.7  337.4  333.9
  421.0   7211  -12.0  -16.7     68   2.47     95     24  334.4  343.3  334.9
  420.0   7230  -12.1  -15.4     76   2.76     93     24  334.5  344.4  335.0
  409.0   7431  -13.2  -20.1     56   1.90     75     22  335.6  342.6  336.0
  400.0   7600  -14.1  -24.1     43   1.37     85     21  336.6  341.7  336.9
  390.0   7792  -15.2  -28.3     32   0.96     90     24  337.6  341.3  337.8
  378.0   8028  -16.5  -33.5     22   0.60     82     20  338.9  341.3  339.0
  370.0   8188  -18.1  -24.1     59   1.48     77     18  338.8  344.4  339.1
  360.0   8393  -19.2  -23.2     71   1.66     70     15  340.1  346.3  340.4
  350.0   8603  -20.3  -22.2     85   1.85     61     22  341.3  348.2  341.7
  344.0   8730  -21.0  -22.8     85   1.78     55     26  342.0  348.7  342.4
  335.0   8927  -22.1  -23.8     86   1.68     62     17  343.1  349.5  343.5
  332.0   8992  -22.6  -24.3     86   1.62     65     14  343.4  349.5  343.7
  326.0   9125  -23.5  -25.4     85   1.50     30      9  343.8  349.6  344.1
  321.0   9237  -24.3  -26.3     84   1.40     20     10  344.2  349.6  344.5
  310.0   9491  -26.2  -28.4     82   1.20     25     11  345.1  349.8  345.4
  301.0   9706  -27.7  -30.1     80   1.05     60     11  345.9  350.0  346.1
  300.0   9730  -27.9  -30.3     80   1.03     65     11  345.9  350.0  346.2
  277.0  10292  -32.2  -34.9     77   0.72     75     15  347.6  350.6  347.8
  265.0  10605  -34.6  -37.4     76   0.58     60     14  348.6  350.9  348.7
  259.0  10766  -35.9  -38.7     75   0.52     69     12  349.0  351.2  349.1
  255.0  10873  -36.9  -39.4     78   0.50     75     11  349.1  351.2  349.2
  250.0  11010  -38.1  -40.2     81   0.46     60      9  349.3  351.2  349.4
  249.0  11038  -38.3  -40.2     82   0.46     61      9  349.4  351.3  349.5
  221.0  11839  -45.2  -48.3     71   0.22     85      7  350.9  351.9  351.0
  200.0  12510  -50.9  -55.0     62   0.11     85     10  352.0  352.5  352.0
  198.0  12575  -51.4  -55.7     60   0.10     85     11  352.2  352.6  352.2
  197.0  12608  -51.7  -56.0     60   0.10     86     11  352.2  352.7  352.3
  188.0  12908  -54.5  -58.2     63   0.08     94     13  352.5  352.8  352.5
  172.0  13461  -59.3  -63.9     55   0.04    110     17  353.6  353.8  353.6
  150.0  14310  -66.7  -72.7     43   0.01     95     20  355.0  355.1  355.0
  148.0  14391  -67.3  -73.3     42   0.01     95     20  355.3  355.4  355.3
  144.0  14555  -68.7  -74.7     42   0.01     95     21  355.7  355.7  355.7
  139.0  14758  -70.2  -76.1     42   0.01     95     22  356.6  356.6  356.6
  111.0  16050  -80.0  -84.8     45   0.00    105     35  362.0  362.0  362.0
  100.0  16650  -84.5  -88.9     46   0.00     85     45  364.2  364.2  364.2
   95.2  16921  -85.7  -90.0     47   0.00                367.0  367.0  367.0
   94.0  16990  -85.3  -89.9     44   0.00                369.1  369.2  369.1
