-----------------------------------------------------------------------------
   PRES   HGHT   TEMP   DWPT   RELH   MIXR   DRCT   SKNT   THTA   THTE   THTV
    hPa     m      C      C      %    g/kg    deg   knot     K      K      K 
-----------------------------------------------------------------------------
 1004.0     30   27.4   22.6     75  17.54    235      3  300.2  351.8  303.4
 1000.0     68   27.4   21.4     70  16.33    250      3  300.6  348.7  303.5
  974.0    302   28.4   17.4     51  13.00    224      7  303.8  342.8  306.2
  956.0    467   27.5   17.5     55  13.38    205     10  304.5  344.7  306.9
  934.0    673   26.3   17.7     59  13.86    230     10  305.3  347.1  307.9
  925.0    759   25.8   17.8     61  14.06    220      8  305.7  348.1  308.3
  908.0    922   24.9   16.9     61  13.54    180     10  306.4  347.4  308.9
  877.0   1226   23.3   15.3     61  12.60    160     15  307.8  346.1  310.1
  850.0   1500   21.8   13.8     60  11.80    160     15  309.0  345.1  311.2
  819.0   1822   19.8   11.8     60  10.73    155     18  310.1  343.2  312.1
  756.0   2506   14.0   10.1     77  10.37    144     24  311.0  343.1  313.0
  733.0   2765   12.3    8.1     75   9.32    140     26  312.0  341.0  313.7
  700.0   3152    9.8    5.1     73   7.93    145     20  313.3  338.3  314.8
  685.0   3330    8.7    4.6     75   7.80    150     19  314.0  338.6  315.5
  656.0   3686    6.5    3.5     81   7.54    135     21  315.4  339.4  316.8
  616.0   4204    3.2    1.9     91   7.18    135     20  317.4  340.4  318.8
  612.0   4257    3.3    1.5     88   7.02    135     20  318.1  340.7  319.4
  600.0   4419    3.5    0.3     80   6.57    135     15  320.1  341.5  321.4
  595.0   4487    3.6   -0.2     76   6.38    143     12  321.0  341.9  322.2
  579.0   4708    2.5   -1.8     73   5.82    170      4  322.2  341.4  323.4
  560.0   4978    1.2   -3.8     69   5.19    200     10  323.8  341.1  324.8
  523.0   5524   -3.4   -6.9     76   4.38    200     17  324.7  339.4  325.5
  522.0   5540   -3.5   -7.0     77   4.36    201     17  324.7  339.4  325.5
  507.0   5770   -4.7   -4.7    100   5.35    213     12  325.9  343.9  327.0
  504.0   5817   -4.8   -5.0     98   5.25    215     11  326.4  344.1  327.4
  500.0   5880   -4.9   -5.5     96   5.11    215     10  327.0  344.2  328.0
  456.0   6594   -8.7   -9.6     93   4.08    140     10  331.0  345.1  331.8
  444.0   6800   -9.8  -10.8     92   3.81    145     10  332.1  345.4  332.9
  430.0   7049  -11.1  -12.2     92   3.51    177     10  333.5  345.9  334.2
  417.0   7283  -11.5  -14.7     77   2.95    208     10  335.9  346.5  336.5
  412.0   7375  -12.2  -15.0     80   2.92    220     10  336.2  346.7  336.8
  400.0   7600  -13.9  -15.6     87   2.85    230      6  336.8  347.1  337.4
  387.0   7851  -16.1  -16.2     99   2.81    250      7  337.1  347.3  337.7
  344.0   8731  -20.9  -24.1     75   1.59    320     10  342.2  348.2  342.6
  342.0   8775  -21.1  -24.5     74   1.55    322     11  342.5  348.4  342.8
  327.0   9102  -23.6  -26.9     74   1.30    340     15  343.4  348.4  343.7
  305.0   9610  -27.6  -30.6     75   0.98    325     12  344.8  348.6  345.0
  300.0   9730  -28.5  -31.5     75   0.92    330     11  345.1  348.7  345.3
  272.0  10422  -34.1  -38.1     67   0.53    295      5  346.7  348.9  346.8
  262.0  10686  -36.3  -40.6     64   0.42    322      6  347.3  349.0  347.4
  250.0  11010  -38.5  -48.5     34   0.19    355      8  348.7  349.5  348.7
  245.0  11148  -39.5  -54.5     19   0.10    358      8  349.2  349.6  349.2
  227.0  11665  -43.5  -66.5      6   0.02      7     10  350.8  350.9  350.8
  205.0  12337  -49.8  -65.5     14   0.03     20     12  351.3  351.4  351.3
  200.0  12500  -51.3  -65.3     17   0.03     35     12  351.4  351.5  351.4
  192.0  12760  -53.7  -67.5     17   0.02     45     13  351.6  351.7  351.6
  170.0  13534  -60.9  -73.9     16   0.01     52     17  352.1  352.2  352.1
  150.0  14300  -67.9  -73.9     42   0.01     60     22  352.9  353.0  352.9
  141.0  14668  -71.3  -75.0     58   0.01     56     23  353.3  353.3  353.3
  138.0  14793  -72.1  -76.0     56   0.01     55     23  354.0  354.0  354.0
  121.0  15557  -77.2  -81.8     48   0.00     65     43  358.2  358.2  358.2
  119.0  15654  -77.9  -82.6     47   0.00     68     41  358.7  358.7  358.7
  114.0  15897  -78.6  -84.2     41   0.00     75     37  361.7  361.8  361.7
  104.0  16418  -80.2  -87.5     29   0.00     40     19  368.3  368.3  368.3
  100.0  16640  -80.9  -88.9     25   0.00     70      7  371.2  371.2  371.2
   96.0  16868  -81.7  -89.3     27   0.00    185     11  373.9  373.9  373.9
   94.0  16986  -82.2  -89.5     28   0.00    185     11  375.3  375.3  375.3
   91.6  17131  -82.7  -89.7     30   0.00    145     16  377.0  377.0  377.0
   91.0  17168  -82.5  -89.7     29   0.00    145     17  378.1  378.1  378.1
   89.0  17293  -81.9  -89.5     27   0.00    115     21  381.8  381.8  381.8
   86.0  17485  -80.9  -89.2     24   0.00    110     27  387.6  387.6  387.6
   82.0  17753  -79.5  -88.8     21   0.00    105     12  395.7  395.8  395.7
   81.0  17822  -79.1  -88.7     20   0.00    110     12  397.9  397.9  397.9
   79.3  17942  -78.5  -88.5     19   0.00     87     15  401.6  401.6  401.6
   77.0  18113  -76.1  -88.7     12   0.00     55     19  410.0  410.0  410.0
   72.0  18504  -70.5  -89.0      5   0.00     40     10  429.8  429.8  429.8
   71.0  18586  -69.3  -89.1      4   0.00     35      4  434.0  434.0  434.0
   70.8  18602  -69.1  -89.1      4   0.00     40      4  434.8  434.8  434.8
   70.0  18670  -69.1  -90.1      3   0.00     60      5  436.2  436.2  436.2
   68.2  18825  -68.7  -89.7      3   0.00     82     10  440.3  440.4  440.3
   68.0  18843  -68.7  -89.7      3   0.00     85     10  440.8  440.8  440.8
   67.0  18932  -68.6  -89.7      3   0.00     80     14  442.9  442.9  442.9
   66.0  19022  -68.4  -89.7      3   0.00    100     19  445.1  445.1  445.1
   64.0  19207  -68.2  -89.7      3   0.00     75     16  449.5  449.5  449.5
   62.0  19398  -67.9  -89.6      3   0.00     65     10  454.2  454.2  454.2
   58.0  19798  -67.4  -89.6      3   0.00     85     16  464.1  464.1  464.1
   56.0  20009  -67.1  -89.6      3   0.00     75     10  469.4  469.5  469.4
   54.0  20227  -66.8  -89.5      3   0.00     85      3  475.0  475.0  475.0
   51.8  20477  -66.5  -89.5      3   0.00      7      7  481.5  481.5  481.5
   50.0  20690  -67.3  -89.3      3   0.00    300     11  484.5  484.5  484.5
   49.0  20812  -67.7  -89.7      3   0.00    295     10  486.3  486.3  486.3
   47.7  20973  -68.3  -90.3      3   0.00    269      6  488.6  488.7  488.7
   47.0  21064  -67.8  -90.2      3   0.00    255      4  491.9  491.9  491.9
   46.0  21195  -67.1  -90.0      3   0.00    175     10  496.7  496.7  496.7
   44.0  21468  -65.6  -89.6      2   0.00    125     16  506.6  506.6  506.6
   41.0  21900  -63.3  -89.0      2   0.00     80     31  522.8  522.8  522.8
   38.0  22365  -60.7  -88.4      2   0.00     85     24  540.7  540.7  540.7
   37.5  22446  -60.3  -88.3      1   0.00     83     25  543.9  543.9  543.9
   35.8  22734  -62.3  -88.3      2   0.00     74     29  546.0  546.0  546.0
   34.0  23054  -61.8  -88.4      2   0.00     65     34  555.3  555.3  555.3
   30.0  23830  -60.7  -88.7      1   0.01     85     36  578.6  578.6  578.6
   27.0  24484  -61.0  -88.2      2   0.01     90     29  595.3  595.4  595.3
   26.5  24600  -61.1  -88.1      2   0.01     90     35  598.3  598.4  598.3
   26.0  24720  -60.5  -87.9      2   0.01     90     42  603.3  603.4  603.3
   24.0  25227  -58.0  -87.1      1   0.01    105     36  624.5  624.6  624.5
   20.0  26380  -52.3  -85.3      1   0.01     95     54  675.3  675.5  675.3
   17.5  27250  -49.1  -83.1      1   0.02     93     61  711.8  712.0  711.8
   16.4  27680  -43.9  -79.9      1   0.04     92     64  741.9  742.4  741.9
   15.0  28276  -44.4  -80.2      1   0.04     90     69  759.3  759.8  759.3
   13.0  29231  -45.3  -80.8      1   0.05     80     60  788.0  788.6  788.1
   10.6  30593  -46.5  -81.5      1   0.05     84     70  830.9  831.5  830.9
   10.0  30980  -45.7  -81.7      1   0.05     85     73  847.8  848.5  847.9
    9.4  31394  -43.9  -80.9      1   0.06     88     76  869.8  870.6  869.8
    8.2  32304  -46.9  -81.9      1   0.06     94     83  892.6  893.4  892.6
    8.0  32468  -46.4  -81.7      1   0.06     95     84  900.8  901.7  900.8
    7.9  32552  -46.2  -81.5      1   0.07     95     84  905.0  905.9  905.1
    7.4  32987  -44.9  -80.9      1   0.08     95     83  927.3  928.4  927.3
    7.0                                        95     82                     
