-----------------------------------------------------------------------------
   PRES   HGHT   TEMP   DWPT   RELH   MIXR   DRCT   SKNT   THTA   THTE   THTV
    hPa     m      C      C      %    g/kg    deg   knot     K      K      K 
-----------------------------------------------------------------------------
 1009.0     14   26.0   24.5     91  19.63      0      0  298.4  355.8  301.9
 1001.0     85   25.2   23.1     88  18.15     36      3  298.3  351.2  301.5
 1000.0     94   25.4   23.1     87  18.17     40      3  298.6  351.6  301.8
  991.0    174   26.2   23.4     85  18.68     17      7  300.1  355.1  303.5
  977.0    300   25.8   22.5     82  17.97    340     13  300.9  354.0  304.1
  965.0    410   25.4   21.8     80  17.37    337     14  301.6  353.0  304.7
  925.0    783   22.4   19.6     84  15.78    325     18  302.2  349.0  305.1
  886.0   1157   20.0   17.6     86  14.51    322     18  303.5  346.7  306.1
  851.0   1504   18.6   15.5     82  13.15    320     18  305.6  345.2  308.0
  850.0   1514   18.6   15.4     82  13.11    325     18  305.6  345.1  308.0
  805.0   1979   16.4   13.0     80  11.83    312     17  308.1  344.1  310.2
  780.0   2246   14.4   13.3     93  12.46    305     16  308.7  346.8  311.0
  765.0   2409   12.8   10.3     85  10.39    300     16  308.7  340.5  310.6
  759.0   2475   11.8    7.5     75   8.64    300     15  308.3  334.9  309.9
  741.0   2676   13.2    8.6     74   9.55    298     13  312.0  341.7  313.8
  700.0   3152   10.2    8.2     87   9.84    295      9  313.8  344.6  315.6
  698.0   3176   10.0    7.5     84   9.40    294      9  313.8  343.3  315.6
  666.0   3567   10.2    2.2     58   6.78    281      6  318.2  340.1  319.6
  664.0   3591   10.1    1.9     57   6.68    280      6  318.4  340.0  319.7
  608.0   4319    6.4   -5.6     42   4.16    252      4  322.3  336.2  323.1
  595.0   4495    5.1   -5.7     46   4.23    245      3  322.8  337.0  323.6
  574.0   4786    3.0   -5.8     52   4.34     15      5  323.6  338.3  324.5
  545.0   5206    0.0   -6.0     64   4.51     15      6  324.9  340.1  325.8
  532.0   5398   -1.4   -6.9     66   4.30     15      6  325.4  340.0  326.3
  512.0   5702   -3.7   -8.4     70   3.99     50      4  326.2  339.8  327.0
  500.0   5890   -5.1   -9.3     72   3.80     50      5  326.8  339.8  327.5
  493.0   5999   -5.8   -9.8     73   3.72     50      7  327.3  340.1  328.0
  457.0   6588   -9.3  -12.2     79   3.30      0     11  330.0  341.6  330.7
  439.0   6899  -11.2  -13.5     83   3.10     30     12  331.5  342.4  332.1
  432.0   7024  -11.9  -14.0     84   3.02     24     12  332.1  342.7  332.7
  422.0   7202  -12.8  -15.3     82   2.77     15     12  333.1  343.0  333.7
  406.0   7497  -14.3  -17.5     77   2.40    355     13  334.9  343.5  335.4
  400.0   7610  -14.9  -18.3     75   2.27      0     12  335.5  343.8  336.0
  396.0   7686  -15.1  -18.9     73   2.18    359     12  336.2  344.2  336.7
  360.0   8392  -20.5  -23.2     78   1.65    345      9  338.4  344.5  338.7
  346.0   8686  -22.7  -25.0     81   1.46      5     11  339.2  344.7  339.5
  335.0   8925  -24.5  -26.5     83   1.32     32     10  339.9  344.9  340.1
  318.0   9301  -26.6  -29.3     78   1.07     75      8  342.0  346.2  342.2
  308.0   9532  -27.9  -31.0     75   0.94     61     10  343.4  347.0  343.6
  300.0   9720  -29.5  -33.1     71   0.79     50     12  343.7  346.8  343.9
  293.0   9886  -30.9  -34.5     70   0.70     40     14  344.1  346.9  344.2
  257.0  10806  -38.5  -42.5     66   0.35     65     11  346.0  347.4  346.0
  250.0  11000  -40.1  -44.2     65   0.30     75      7  346.3  347.6  346.4
  246.0  11107  -41.0                          90      4  346.6         346.6
  235.0  11410  -43.4                         170      5  347.5         347.5
  215.0  12000  -48.1                         155     11  349.2         349.2
  206.0  12284  -50.3                         125     18  349.9         349.9
  200.0  12480  -51.9                         115     21  350.4         350.4
  154.0  14106  -66.1                          90     40  353.4         353.4
  150.0  14270  -67.5                          90     41  353.6         353.6
  130.0  15114  -75.3                          98     42  354.4         354.4
  113.0  15908  -79.7                         105     43  360.7         360.7
  100.0  16600  -83.5                         110     50  366.2         366.2
   93.8  16955  -84.7                         105     53  370.6         370.6
   92.0  17063  -83.6                         105     51  374.9         374.9
   88.5  17279  -81.3                          83     39  383.6         383.6
   82.0  17709  -81.0                          40     16  392.6         392.6
   78.8  17934  -80.9                          12     14  397.3         397.3
   78.0  17992  -80.4                           5     14  399.4         399.4
   74.0  18292  -78.1                         290     12  410.5         410.5
   72.4  18416  -77.1                         280     14  415.1         415.1
   70.0  18610  -76.9                         265     17  419.6         419.6
   67.0  18860  -79.2                         250      7  419.9         419.9
   66.1  18937  -79.9                         256      8  420.0         420.0
   62.3  19272  -80.1                         280     12  426.7         426.7
   60.0  19489  -77.7                         295     14  436.7         436.7
   57.0  19786  -74.4                         345      9  450.5         450.5
   54.8  20013  -71.9                         326     12  461.4         461.4
   51.0  20434  -73.9                         290     18  466.2         466.2
   50.0  20550  -74.5                         280     14  467.5         467.5
   49.0  20667  -74.7                         240      9  469.9         469.9
   47.5  20848  -74.9                         201     11  473.5         473.5
   46.0  21034  -74.5                         160     14  478.7         478.7
   44.1  21279  -74.1                         122     23  485.6         485.6
   44.0  21292  -73.7                         120     23  486.8         486.8
   42.5  21497  -68.1                         105     30  505.5         505.5
   40.0  21863  -66.7                          80     42  518.0         518.0
   38.4  22109  -65.7                          74     38  526.5         526.5
   36.9  22351  -64.3                          69     34  536.1         536.1
   36.0  22504  -61.0                          65     32  548.5         548.5
   35.6  22573  -59.5                          67     33  554.1         554.1
   33.2  23011  -57.1                          79     37  571.6         571.6
   33.0  23049  -57.2                          80     37  572.4         572.4
   30.0  23650  -58.1                          75      5  585.7         585.7
   28.0  24082  -59.3                         135      7  593.9         593.9
   26.8  24356  -60.1                         131     18  599.2         599.2
   25.0  24792  -57.8                         125     36  617.8         617.8
   24.6  24894  -57.3                         121     37  622.1         622.1
   23.6  25155  -57.9                         111     40  627.8         627.8
   22.2  25544  -54.3                          97     43  649.6         649.6
   22.0  25601  -54.4                          95     44  650.9         650.9
   20.0  26210  -55.5                          90     43  665.5         665.5
   19.0  26535  -56.1                          85     47  673.5         673.5
   17.4  27092  -57.1                          85     52  687.5         687.5
   15.5  27831  -51.1                          85     59  730.3         730.3
   12.1  29441  -49.7                          85     73  788.8         788.8
   12.0  29496  -49.5                          85     73  791.5         791.5
   11.6  29720  -48.5                          85     73  802.6         802.6
   10.0  30700  -44.3                          95     66  853.1         853.1
    9.3  31191  -41.1                         100     73  883.0         883.0
    9.0  31413  -39.7                                     896.8         896.8
