-----------------------------------------------------------------------------
   PRES   HGHT   TEMP   DWPT   RELH   MIXR   DRCT   SKNT   THTA   THTE   THTV
    hPa     m      C      C      %    g/kg    deg   knot     K      K      K 
-----------------------------------------------------------------------------
 1011.0     14   25.4   23.4     89  18.30      0      0  297.6  350.9  300.9
 1000.0    109   26.6   20.6     70  15.53    110      2  299.8  345.4  302.5
  995.0    154   27.2   20.2     66  15.22    118      2  300.8  345.7  303.5
  979.0    297   26.0   20.3     71  15.56    145      3  300.9  346.9  303.7
  946.0    600   23.4   20.5     84  16.32    250      3  301.2  349.5  304.2
  944.0    619   23.2   20.5     85  16.37    250      3  301.3  349.6  304.2
  925.0    797   22.8   19.4     81  15.58    255      5  302.6  348.9  305.4
  883.0   1201   20.8   14.6     68  11.98    250      6  304.6  340.6  306.8
  871.0   1320   20.2   13.2     64  11.06    256      7  305.2  338.6  307.2
  853.0   1501   18.8   12.7     67  10.92    265      9  305.6  338.6  307.6
  850.0   1531   18.6   12.6     68  10.90    265      9  305.6  338.6  307.6
  824.0   1797   16.8   12.1     74  10.87    240      5  306.5  339.5  308.5
  809.0   1955   15.8   11.8     77  10.86    261      6  307.0  340.0  309.0
  796.0   2092   15.3    9.8     70   9.65    280      7  307.9  337.4  309.7
  783.0   2232   14.8    7.8     63   8.55    278      6  308.8  335.2  310.4
  771.0   2363   13.8   10.0     78  10.10    276      5  309.1  340.1  311.0
  741.0   2696   11.9    8.4     79   9.42    270      3  310.6  339.7  312.3
  715.0   2996   10.2    7.0     80   8.84    205      4  311.9  339.4  313.5
  700.0   3174    9.2    6.1     81   8.51    215      3  312.6  339.3  314.2
  689.0   3305    8.4    5.0     80   8.03    240      2  313.1  338.4  314.6
  674.0   3488    7.2    3.6     78   7.41    290      2  313.8  337.2  315.2
  665.0   3598    7.0    2.7     74   7.05    320      2  314.8  337.2  316.1
  642.0   3888    6.4    0.4     65   6.17    325      7  317.3  337.2  318.5
  641.0   3901    6.3    0.3     66   6.16    325      7  317.4  337.2  318.5
  618.0   4198    4.7   -0.9     67   5.85    310      5  318.8  337.8  319.9
  557.0   5042    0.0   -4.3     73   5.02    312      6  322.9  339.6  323.8
  500.0   5900   -5.1  -10.1     68   3.57    315      7  326.8  339.0  327.5
  493.0   6010   -5.7  -10.7     68   3.45    310      7  327.4  339.3  328.0
  457.0   6600   -8.9  -13.9     67   2.88    235     11  330.6  340.7  331.1
  450.0   6720   -9.5  -14.5     67   2.78    245     11  331.2  341.0  331.8
  433.0   7017  -10.7  -21.7     40   1.57    270     10  333.4  339.1  333.7
  423.0   7195  -12.1  -22.7     41   1.46    285      9  333.8  339.2  334.1
  408.0   7470  -14.3  -24.3     42   1.32    290      9  334.4  339.3  334.7
  407.0   7489  -14.4  -25.0     40   1.24    290      9  334.5  339.1  334.8
  403.0   7564  -14.9  -27.9     32   0.96    287     10  334.8  338.5  335.0
  402.0   7582  -15.1  -29.1     29   0.86    286     10  334.8  338.1  335.0
  400.0   7620  -15.3  -27.3     35   1.02    285     10  335.0  338.9  335.2
  399.0   7639  -15.5  -24.5     46   1.33    284     10  335.0  339.9  335.3
  391.0   7791  -16.5  -24.5     50   1.35    274     10  335.6  340.7  335.9
  375.0   8103  -18.1  -29.3     37   0.91    255     10  337.6  341.1  337.7
  371.0   8183  -18.5  -30.5     34   0.82    254     10  338.1  341.2  338.2
  346.0   8698  -21.8  -33.8     33   0.64    245     10  340.4  342.9  340.5
  338.0   8871  -22.9  -34.9     33   0.59    222     10  341.2  343.5  341.3
  319.0   9288  -26.5  -34.5     47   0.65    165      9  341.9  344.4  342.0
  305.0   9612  -29.3  -34.2     62   0.70    154      7  342.4  345.1  342.5
  300.0   9730  -30.3  -33.6     73   0.75    150      6  342.6  345.5  342.7
  293.0   9898  -31.7  -34.7     75   0.69    145      2  342.9  345.7  343.1
  281.0  10195  -34.1  -36.6     78   0.60    350      6  343.6  345.9  343.7
  278.0  10271  -34.7  -36.8     81   0.59    344      6  343.8  346.1  343.9
  276.0  10322  -35.1  -37.3     80   0.56    340      7  343.9  346.2  344.0
  274.0  10373  -35.3  -39.6     65   0.45    336      7  344.3  346.1  344.4
  273.0  10399  -35.3  -42.3     49   0.34    333      7  344.7  346.1  344.7
  269.0  10501  -36.1  -43.3     48   0.31    325      8  344.9  346.2  345.0
  258.0  10791  -38.5  -46.2     44   0.24    325      7  345.5  346.5  345.6
  251.0  10983  -40.1  -48.1     42   0.20    325      5  345.9  346.8  346.0
  250.0  11010  -40.3                         325      5  346.0         346.0
  247.0  11090  -41.0                         350      5  346.2         346.2
  236.0  11392  -43.4                          30      9  347.1         347.1
  206.0  12294  -50.7                          80     13  349.3         349.3
  200.0  12490  -52.3                          80     18  349.8         349.8
  150.0  14270  -68.9                          85     31  351.2         351.2
  140.0  14673  -71.8                          80     41  353.1         353.1
  120.0  15574  -78.3                          70     55  357.0         357.0
  119.0  15623  -78.7                          70     53  357.2         357.2
  117.0  15720  -76.7                          64     48  362.6         362.6
  102.0  16506  -78.3                          15      9  374.1         374.1
  100.0  16620  -78.5                          15      5  375.8         375.8
   97.0  16793  -79.1                         220      3  377.9         377.9
   92.0  17092  -80.2                         145     10  381.6         381.6
   83.0  17675  -82.3                         100     18  388.7         388.7
   82.0  17744  -82.5                         100     18  389.6         389.6
   78.0  18026  -81.3                          80     12  397.7         397.7
   74.0  18324  -80.0                           5     10  406.4         406.4
   72.4  18447  -79.5                           5      9  410.0         410.0
   71.0  18559  -78.6                           5      9  414.3         414.3
   70.0  18640  -77.9                           0      8  417.4         417.4
   68.4  18772  -77.7                         357      7  420.6         420.6
   67.0  18892  -73.9                         355      6  431.4         431.4
   66.8  18909  -73.3                         360      6  433.0         433.0
   64.0  19160  -72.9                          70      2  439.2         439.2
   60.0  19539  -72.3                         130      8  448.7         448.7
   57.0  19840  -71.8                         110     12  456.4         456.4
   56.2  19923  -71.7                          82     12  458.6         458.6
   55.0  20051  -70.4                          40     11  464.3         464.3
   53.6  20204  -68.9                          22     13  471.3         471.3
   52.0  20385  -68.5                           0     15  476.2         476.2
   50.0  20620  -68.1                         355     15  482.6         482.6
   49.3  20705  -67.5                         352     14  486.0         486.0
   45.0  21247  -70.7                         330      7  490.9         490.9
   43.8  21408  -71.7                         310      4  492.4         492.4
   42.0  21655  -71.6                         165      4  498.6         498.6
   40.7  21840  -71.5                         126     10  503.3         503.3
   40.0  21943  -70.4                         105     13  508.6         508.6
   38.2  22217  -67.5                          87     24  522.7         522.7
   38.0  22249  -67.3                          85     25  524.0         524.0
   36.0  22576  -65.4                          95     20  537.1         537.1
   35.5  22661  -64.9                         115     21  540.5         540.5
   35.0  22747  -65.1                         135     21  542.2         542.2
   33.0  23104  -65.9                         137     26  549.3         549.3
   31.2  23447  -61.3                         139     30  570.5         570.5
   30.0  23690  -61.3                         140     33  577.0         577.0
   29.5  23794  -61.9                         131     32  578.1         578.1
   28.6  23985  -61.7                         115     31  583.8         583.8
   25.6  24685  -51.7                          58     27  631.0         631.0
   24.0  25100  -53.0                          25     25  638.9         638.9
   22.6  25487  -54.3                          73     27  646.2         646.2
   22.0  25659  -54.0                          95     28  652.0         652.0
   20.0  26270  -53.1                         100     39  672.9         672.9
   19.2  26534  -50.3                          95     42  689.4         689.4
   17.0  27328  -50.0                          80     52  714.8         714.8
   15.0  28144  -49.7                          80     58  741.8         741.8
   13.0  29078  -49.3                          90     47  774.0         774.0
   10.0  30790  -48.7                          95     69  836.7         836.7
    9.4  31198  -47.1                          90     75  857.6         857.6
    9.0                                        90     75                     
