-----------------------------------------------------------------------------
   PRES   HGHT   TEMP   DWPT   RELH   MIXR   DRCT   SKNT   THTA   THTE   THTV
    hPa     m      C      C      %    g/kg    deg   knot     K      K      K 
-----------------------------------------------------------------------------
 1010.0     14   25.2   22.6     86  17.43      0      0  297.5  348.2  300.6
 1002.0     84   26.6   21.6     74  16.51     72      5  299.6  348.0  302.5
 1000.0    102   26.6   20.6     70  15.53     90      6  299.8  345.4  302.5
  978.0    299   25.3   20.9     77  16.19     80      3  300.4  348.0  303.3
  950.0    556   23.6   21.3     87  17.10    330      6  301.1  351.6  304.2
  945.0    603   23.4   20.6     84  16.46    310      6  301.4  350.1  304.4
  925.0    791   22.6   17.8     74  14.06    310     10  302.4  344.2  305.0
  888.0   1146   21.2   13.2     60  10.85    289     16  304.5  337.2  306.5
  882.0   1204   20.8   13.4     62  11.04    285     17  304.7  337.9  306.7
  850.0   1523   18.6   14.2     76  12.12    290     17  305.6  342.2  307.8
  714.0   2997   11.5    6.8     73   8.78    280     18  313.4  341.0  315.1
  705.0   3105   11.0    6.3     73   8.56    283     17  314.0  341.0  315.6
  700.0   3164   10.6    5.6     71   8.21    285     16  314.2  340.1  315.8
  618.0   4184    4.5    1.7     82   7.04    280     14  318.6  341.3  319.9
  574.0   4789    0.9   -0.7     90   6.40    310     12  321.1  342.1  322.4
  564.0   4933    0.0   -1.2     92   6.25    310     11  321.7  342.2  322.9
  532.0   5399   -2.9   -4.4     89   5.21    310      9  323.7  341.0  324.7
  519.0   5596   -4.1   -5.8     88   4.81    318     10  324.5  340.6  325.4
  500.0   5890   -4.7   -7.6     80   4.34    330     12  327.2  342.0  328.1
  474.0   6310   -6.5   -9.7     78   3.89    348      9  330.1  343.5  330.8
  457.0   6592   -8.2  -11.1     79   3.60      0      7  331.4  344.0  332.1
  439.0   6902  -10.0  -12.7     81   3.30    260      3  332.9  344.6  333.6
  400.0   7620  -14.3  -16.3     85   2.69    230     10  336.3  346.0  336.9
  391.0   7791  -15.3  -17.6     83   2.48    230     11  337.2  346.2  337.7
  376.0   8086  -17.1  -19.7     80   2.15    239     10  338.6  346.5  339.1
  375.0   8106  -17.2  -19.9     80   2.12    240     10  338.7  346.5  339.1
  333.0   8979  -23.2  -26.5     75   1.33    170      8  342.2  347.3  342.5
  312.0   9458  -26.5  -30.1     72   1.01    162      8  344.0  348.0  344.2
  306.0   9598  -27.6  -31.0     72   0.94    160      8  344.4  348.1  344.6
  300.0   9740  -28.7  -32.0     73   0.88    150      8  344.8  348.3  345.0
  281.0  10199  -32.5  -36.0     71   0.64    140     10  345.9  348.4  346.0
  250.0  11020  -39.3  -43.0     68   0.34    180     13  347.5  348.9  347.6
  247.0  11103  -39.9  -44.0     64   0.31    185     13  347.8  349.1  347.9
  246.0  11130  -40.1  -44.4     63   0.30    184     13  347.9  349.2  348.0
  226.0  11696  -44.9                         160     13  349.2         349.2
  206.0  12313  -50.0                         150     16  350.4         350.4
  200.0  12510  -51.7                         135     16  350.7         350.7
  188.0  12898  -55.3                         110     19  351.2         351.2
  159.0  13949  -64.9                         103     26  352.2         352.2
  150.0  14300  -68.3                         100     29  352.2         352.2
  146.0  14461  -69.7                          96     31  352.5         352.5
  140.0  14709  -70.2                          90     35  355.9         355.9
  129.0  15193  -71.3                          58     23  362.4         362.4
  120.0  15609  -73.7                          30     13  365.4         365.4
  114.0  15905  -75.5                         345      9  367.6         367.6
  109.0  16163  -77.0                         305      5  369.5         369.5
  103.0  16490  -78.9                          10      5  371.9         371.9
  100.0  16660  -79.9                          20      8  373.1         373.1
   93.0  17067  -81.9                          75      7  376.9         376.9
   88.0  17377  -83.5                         280      6  379.9         379.9
   86.6  17466  -83.9                         265      7  380.7         380.7
   83.9  17643  -83.1                         261      6  385.8         385.8
   83.0  17703  -80.8                         260      5  391.6         391.6
   82.4  17744  -79.3                         262      6  395.6         395.6
   75.0  18283  -76.5                         290     17  412.2         412.2
   74.0  18360  -76.1                         288     18  414.6         414.6
   71.0  18598  -77.0                         280     21  417.6         417.6
   70.0  18680  -77.3                         275     19  418.7         418.7
   68.9  18771  -77.3                         262     18  420.6         420.6
   67.0  18933  -75.4                         240     16  428.1         428.1
   65.4  19072  -73.7                         244     14  434.8         434.8
   61.0  19478  -74.4                         255      7  442.0         442.0
   60.2  19555  -74.5                         277      8  443.4         443.4
   58.0  19774  -71.8                         340      9  454.1         454.1
   57.4  19835  -71.1                         339      9  457.1         457.1
   52.0  20418  -71.7                         325      8  468.9         468.9
   51.6  20464  -71.7                         325      8  469.9         469.9
   50.0  20650  -70.5                         325      7  476.9         476.9
   47.0  21020  -67.5                         140      5  492.6         492.6
   46.8  21045  -67.3                                     493.7         493.7
