-----------------------------------------------------------------------------
   PRES   HGHT   TEMP   DWPT   RELH   MIXR   DRCT   SKNT   THTA   THTE   THTV
    hPa     m      C      C      %    g/kg    deg   knot     K      K      K 
-----------------------------------------------------------------------------
 1008.0     14   27.8   24.2     81  19.29      0      0  300.3  357.1  303.7
 1000.0     85   27.4   23.4     79  18.51     70      3  300.6  355.1  303.9
  976.0    299   25.7   22.6     83  18.00     20      6  300.9  354.1  304.2
  944.0    592   23.4   21.4     89  17.32    330      9  301.5  352.7  304.6
  925.0    770   22.6   20.5     88  16.71    310     10  302.4  352.0  305.4
  912.0    894   22.0   19.7     87  16.15    300     10  303.1  351.1  306.0
  850.0   1508   19.2   15.9     81  13.55    295     13  306.2  347.2  308.7
  793.0   2100   16.0   14.3     89  13.06    300     11  309.0  348.9  311.4
  765.0   2407   14.4   13.4     94  12.81    270     12  310.4  349.8  312.8
  745.0   2632   13.2   12.8     97  12.63    267     12  311.5  350.5  313.8
  700.0   3155   10.2    8.7     90  10.19    260     13  313.8  345.6  315.7
  697.0   3191    9.6    7.3     86   9.29    261     13  313.5  342.6  315.2
  676.0   3445   10.0    6.0     76   8.75    266     12  316.7  344.5  318.3
  663.0   3606    8.9    5.3     78   8.51    270     11  317.2  344.4  318.9
  640.0   3898    7.0    4.1     82   8.08    250     11  318.2  344.2  319.8
  631.0   4015    6.2    3.6     83   7.92    247     11  318.6  344.1  320.1
  600.0   4428    4.4   -0.6     70   6.14    237     11  321.2  341.3  322.4
  595.0   4496    4.2   -2.8     60   5.26    235     11  321.7  339.1  322.7
  573.0   4800    2.4   -2.9     68   5.43    210      8  323.0  341.1  324.1
  552.0   5102    0.5   -3.0     77   5.60    230      9  324.3  343.0  325.4
  546.0   5190    0.0   -3.0     80   5.65    230      9  324.7  343.6  325.8
  532.0   5398   -1.5   -3.6     86   5.55    230      8  325.3  343.8  326.4
  520.0   5580   -2.9   -4.1     91   5.46    221      9  325.8  344.1  326.8
  500.0   5890   -4.3   -6.9     82   4.59    205     12  327.7  343.4  328.6
  493.0   6001   -4.7   -8.2     77   4.21    195     13  328.5  343.0  329.4
  458.0   6578   -6.9  -14.9     53   2.64    229     11  332.8  342.2  333.3
  457.0   6595   -7.0  -14.9     53   2.65    230     11  332.9  342.3  333.4
  442.0   6854   -8.7  -14.7     62   2.78    221     12  333.9  343.9  334.5
  440.0   6889   -8.8  -15.5     59   2.62    220     12  334.2  343.6  334.7
  436.0   6960   -9.1  -17.1     52   2.31    215     11  334.7  343.1  335.2
  423.0   7193  -10.9  -19.9     47   1.87    200      9  335.3  342.2  335.7
  417.0   7302  -11.7  -17.7     61   2.30    192      8  335.7  344.0  336.1
  408.0   7469  -12.5  -19.5     56   2.01    181      6  336.7  344.1  337.1
  407.0   7488  -12.6  -19.2     58   2.07    180      6  336.9  344.4  337.3
  400.0   7620  -13.3  -16.9     74   2.56    160      3  337.6  346.9  338.1
  391.0   7791  -14.5  -18.0     74   2.38    110      4  338.3  347.0  338.8
  341.0   8817  -21.5  -24.7     75   1.52     63      4  342.2  348.0  342.5
  333.0   8990  -22.8  -26.1     74   1.37     55      4  342.8  348.1  343.1
  306.0   9606  -27.2  -31.1     70   0.94     95      6  344.9  348.6  345.1
  300.0   9750  -28.3  -32.3     68   0.85    110      4  345.4  348.8  345.6
  282.0  10184  -31.6  -36.6     61   0.59    185      3  346.9  349.3  347.0
  258.0  10809  -36.2  -42.7     51   0.34    215      3  348.9  350.3  349.0
  250.0  11030  -37.9  -44.9     48   0.28    235      2  349.6  350.8  349.6
  247.0  11113  -38.6  -45.3     50   0.27    300      2  349.7  350.9  349.7
  242.0  11252  -39.9  -45.9     53   0.26    322      3  349.8  351.0  349.9
  237.0  11391  -41.1                         345      4  350.1         350.1
  227.0  11678  -43.5                          15      3  350.8         350.8
  217.0  11977  -46.1                          50      7  351.4         351.4
  200.0  12520  -50.7                          45     14  352.3         352.3
  198.0  12584  -51.2                          50     15  352.5         352.5
  180.0  13193  -56.4                          80     24  353.8         353.8
  165.0  13749  -61.1                          87     34  354.8         354.8
  150.0  14340  -63.7                          95     44  360.1         360.1
  148.0  14422  -64.1                          95     40  360.9         360.9
  145.0  14546  -64.7                          91     38  361.9         361.9
  121.0  15595  -73.9                          55     21  364.4         364.4
  115.0  15890  -76.4                          40     19  364.9         364.9
  100.0  16700  -83.5                          85     19  366.2         366.2
   98.0  16811  -84.0                          85     20  367.2         367.2
   93.0  17100  -85.5                          80     23  369.9         369.9
   83.8  17674  -88.3                          95     26  375.4         375.4
   83.0  17726  -88.2                          95     27  376.6         376.6
   81.0  17859  -87.9                          88     27  379.9         379.9
   79.0  17997  -84.7                          80     28  389.2         389.2
   77.9  18075  -82.9                          58     21  394.5         394.5
   76.3  18193  -77.7                          26     10  407.7         407.7
   75.0  18292  -77.4                           0      1  410.3         410.3
   71.0  18608  -76.5                         145     10  418.6         418.6
   70.0  18690  -76.3                         140     15  420.8         420.8
   64.0  19205  -76.5                         110     25  431.4         431.4
   62.3  19359  -76.5                          99     18  434.6         434.6
   61.0  19481  -75.2                          90     13  440.2         440.2
   58.8  19694  -72.9                         341      5  450.0         450.0
   58.0  19774  -72.9                         300      2  451.8         451.8
   55.0  20085  -72.7                         355      4  459.0         459.0
   54.2  20171  -72.7                          11      7  461.0         461.0
   52.0  20416  -69.3                          55     14  474.3         474.3
   50.7  20566  -67.3                          65     12  482.6         482.6
   50.0  20650  -66.7                          70     11  485.9         485.9
   47.2  21000  -64.7                          86     15  498.7         498.7
   45.0  21292  -64.5                         100     18  506.2         506.2
   37.0  22491  -63.4                          80     30  538.0         538.0
   35.0  22832  -63.1                          95     26  547.3         547.3
   34.8  22867  -63.1                                     548.3         548.3
