-----------------------------------------------------------------------------
   PRES   HGHT   TEMP   DWPT   RELH   MIXR   DRCT   SKNT   THTA   THTE   THTV
    hPa     m      C      C      %    g/kg    deg   knot     K      K      K 
-----------------------------------------------------------------------------
 1009.0     14   27.0   24.0     84  19.04      0      0  299.4  355.2  302.8
 1008.0     22   27.8   25.2     86  20.52      9      0  300.3  360.8  303.9
 1000.0     89   28.0   24.4     81  19.69     85      1  301.1  359.4  304.7
  977.0    296   26.4   23.1     82  18.63      0      1  301.6  356.8  304.9
  944.0    601   24.2   21.2     84  17.13    290      3  302.2  353.1  305.3
  925.0    781   22.8   20.1     85  16.29    285      5  302.6  351.0  305.6
  868.0   1331   19.6   16.6     83  13.88    277     11  304.8  346.5  307.4
  850.0   1511   19.0   15.9     82  13.55    275     13  306.0  346.9  308.5
  797.0   2065   17.2   11.2     68  10.59    268     13  309.8  342.4  311.8
  740.0   2694   13.7    5.7     58   7.84    260     12  312.7  337.3  314.1
  713.0   3009   12.0    3.0     54   6.70    270      9  314.1  335.4  315.4
  700.0   3163   11.4    4.4     62   7.55    275      7  315.1  339.1  316.5
  690.0   3283   10.8    4.8     66   7.88    280      6  315.7  340.8  317.2
  664.0   3603    9.4    0.9     55   6.20    295      5  317.6  337.7  318.8
  649.0   3793    8.6   -1.4     49   5.35    287      5  318.8  336.3  319.8
  607.0   4343    4.2    0.2     75   6.44    262      4  319.9  340.8  321.1
  595.0   4506    3.4   -1.7     70   5.73    255      4  320.7  339.6  321.9
  584.0   4657    2.6   -3.4     65   5.12    270      5  321.6  338.5  322.6
  573.0   4811    1.6   -3.9     67   5.05    285      6  322.1  338.8  323.1
  565.0   4925    0.8   -4.2     69   4.99    289      6  322.5  339.1  323.5
  563.0   4953    0.8   -6.2     59   4.30    290      6  322.8  337.2  323.7
  552.0   5112    0.1   -3.2     79   5.52    295      5  323.8  342.1  324.9
  551.0   5126    0.0   -2.9     81   5.64    298      5  323.9  342.6  325.0
  532.0   5407   -1.6   -4.0     84   5.36      0      7  325.1  343.1  326.2
  518.0   5620   -2.9   -4.9     86   5.16     11      8  326.1  343.5  327.1
  513.0   5697   -3.2   -7.4     73   4.30     15      8  326.6  341.2  327.5
  512.0   5712   -3.3   -7.9     70   4.14     14      8  326.7  340.9  327.6
  508.0   5774   -3.5   -9.5     63   3.68     11      8  327.2  339.9  327.9
  501.0   5884   -4.1   -7.5     77   4.37      6      7  327.8  342.7  328.7
  500.0   5900   -4.3   -6.2     87   4.84      5      7  327.7  344.2  328.7
  493.0   6009   -4.9   -6.9     86   4.65     15      7  328.3  344.1  329.2
  475.0   6298   -6.5   -8.8     84   4.16    320      3  329.8  344.2  330.7
  457.0   6597   -8.2  -10.8     81   3.70    350      2  331.4  344.3  332.2
  440.0   6891   -9.8  -12.7     79   3.29     55      3  333.0  344.6  333.6
  429.0   7087  -10.9  -14.0     78   3.04    142      4  334.0  344.8  334.6
  423.0   7195  -11.5  -15.4     73   2.74    190      4  334.6  344.4  335.2
  407.0   7488  -13.0  -19.3     59   2.06    230      4  336.3  343.9  336.7
  402.0   7582  -13.5  -20.5     56   1.87    216      5  336.9  343.8  337.3
  400.0   7620  -13.7  -22.7     47   1.55    210      5  337.1  342.9  337.4
  391.0   7792  -14.5  -24.2     44   1.39    180      7  338.2  343.4  338.5
  387.0   7870  -14.9  -24.9     42   1.32    180      8  338.7  343.7  339.0
  376.0   8088  -16.4  -27.3     38   1.09    180     11  339.6  343.8  339.8
  375.0   8108  -16.5  -27.5     38   1.07    184     11  339.7  343.8  339.9
  367.0   8269  -16.9  -22.9     60   1.66    216      8  341.2  347.5  341.6
  361.0   8393  -17.5  -24.3     55   1.49    240      6  342.0  347.6  342.3
  352.0   8582  -18.5  -26.5     49   1.25    288      4  343.2  348.0  343.4
  347.0   8687  -19.4  -26.7     52   1.25    315      3  343.4  348.2  343.6
  333.0   8991  -22.0  -27.3     62   1.23    260      2  343.9  348.7  344.1
  325.0   9170  -23.5  -27.6     69   1.23    317      1  344.2  348.9  344.4
  319.0   9305  -24.5  -28.6     69   1.14      0      1  344.6  349.1  344.8
  306.0   9607  -26.8  -30.7     70   0.98      0      1  345.5  349.4  345.7
  300.0   9750  -27.9  -31.7     70   0.90    130      2  345.9  349.5  346.1
  294.0   9893  -29.0  -32.9     69   0.82    155      3  346.4  349.6  346.5
  282.0  10188  -31.3  -35.4     67   0.67    210      3  347.2  350.0  347.4
  270.0  10495  -33.7  -37.9     65   0.54    235      6  348.1  350.3  348.2
  250.0  11040  -37.9  -42.5     62   0.36    225      6  349.6  351.1  349.7
  248.0  11095  -38.3  -42.9     62   0.35    225      6  349.7  351.2  349.8
  241.0  11290  -39.9  -44.2     63   0.31    165      4  350.3  351.6  350.3
  237.0  11402  -40.9                         130      3  350.5         350.5
  227.0  11688  -43.3                          60      5  351.1         351.1
  217.0  11988  -45.9                          40     11  351.7         351.7
  207.0  12301  -48.5                          60     13  352.3         352.3
  200.0  12530  -50.5                          50     16  352.6         352.6
  180.0  13195  -56.3                          60     23  353.9         353.9
  153.0  14220  -65.3                          87     43  355.4         355.4
  150.0  14340  -66.5                          90     45  355.3         355.3
  148.0  14420  -67.2                          90     47  355.5         355.5
  131.0  15146  -73.3                          90     47  357.2         357.2
  128.0  15280  -73.9                          90     47  358.5         358.5
  109.0  16208  -77.8                         110     33  367.9         367.9
  107.0  16315  -78.3                                     369.0         369.0
