-----------------------------------------------------------------------------
   PRES   HGHT   TEMP   DWPT   RELH   MIXR   DRCT   SKNT   THTA   THTE   THTV
    hPa     m      C      C      %    g/kg    deg   knot     K      K      K 
-----------------------------------------------------------------------------
 1012.0     14   25.0   23.9     94  18.86      0      0  297.1  351.9  300.5
 1000.0    116   24.2   22.0     88  16.96     85      5  297.4  346.6  300.4
  998.0    134   24.0   21.6     86  16.57     84      5  297.3  345.5  300.3
  979.0    303   24.7   21.8     84  17.09     75      4  299.6  349.8  302.7
  976.0    330   24.8   21.8     83  17.17     63      4  300.0  350.5  303.1
  947.0    595   23.2   20.6     85  16.44    305      7  301.0  349.6  304.0
  925.0    801   22.0   19.7     87  15.88    295      9  301.8  348.8  304.7
  850.0   1535   18.0   15.5     85  13.20    280     13  305.0  344.7  307.4
  768.0   2390   13.4   10.6     83  10.59    260      5  309.0  341.5  311.0
  714.0   3005   10.1    7.2     82   8.97    305      4  311.9  339.8  313.6
  700.0   3172    9.2    6.2     82   8.57    300      2  312.6  339.5  314.2
  689.0   3303    8.6    5.9     83   8.53      0      0  313.4  340.2  315.0
  665.0   3597    7.4    5.3     87   8.46    210      2  315.2  342.0  316.8
  658.0   3684    7.0    5.1     88   8.44    210      3  315.7  342.5  317.3
  641.0   3899    6.2    3.3     82   7.62    210      4  317.2  341.6  318.6
  613.0   4266    4.8    0.2     72   6.38    274      5  319.7  340.4  320.9
  596.0   4494    3.3   -0.7     75   6.14    315      5  320.5  340.6  321.7
  574.0   4799    1.2   -1.9     80   5.84    345      6  321.6  340.8  322.7
  561.0   4984    0.0   -2.6     83   5.67     10      6  322.2  340.9  323.3
  553.0   5099   -0.6   -3.2     83   5.51     25      6  322.8  341.1  323.9
  532.0   5407   -2.3   -4.7     83   5.09     20     10  324.4  341.5  325.4
  500.0   5900   -4.9   -7.2     84   4.48     70      8  327.0  342.2  327.9
  493.0   6010   -5.6   -8.2     82   4.20     70      8  327.4  341.8  328.3
  464.0   6483   -8.7  -12.6     73   3.15     83      6  329.3  340.3  329.9
  441.0   6876  -10.9  -11.9     92   3.50     94      4  331.4  343.6  332.1
  439.0   6910  -11.1  -12.1     92   3.46     95      4  331.6  343.7  332.3
  422.0   7212  -12.6  -14.0     89   3.09     70      2  333.4  344.4  334.1
  406.0   7507  -14.0  -15.8     86   2.76      0      0  335.2  345.1  335.8
  403.0   7563  -14.3  -16.2     85   2.69     85      0  335.6  345.3  336.1
  400.0   7620  -14.7  -16.5     86   2.65    170      1  335.8  345.3  336.3
  394.0   7734  -15.3  -19.5     70   2.08    161      2  336.5  344.1  336.9
  390.0   7810  -15.8  -19.9     70   2.03    155      3  336.8  344.2  337.2
  375.0   8102  -17.7  -21.6     72   1.82    180      2  338.1  344.8  338.4
  360.0   8405  -19.7  -23.4     73   1.63      0      1  339.4  345.4  339.7
  346.0   8699  -21.6  -25.1     74   1.45    160      2  340.6  346.1  340.9
  332.0   9006  -23.7  -26.8     75   1.29    200      2  341.9  346.8  342.1
  329.0   9074  -24.1  -27.2     76   1.26    236      2  342.2  347.0  342.4
  319.0   9297  -25.8  -28.8     76   1.12      0      0  342.8  347.1  343.0
  306.0   9597  -28.2  -30.9     78   0.96      0      1  343.6  347.3  343.8
  300.0   9740  -29.3  -31.9     78   0.89      0      1  344.0  347.5  344.1
  293.0   9904  -30.6  -33.3     77   0.79     45      3  344.4  347.5  344.6
  281.0  10196  -33.0  -35.8     76   0.65     35      5  345.1  347.7  345.2
  269.0  10500  -35.5  -38.4     75   0.52      0      2  345.8  347.9  345.9
  258.0  10791  -37.9  -40.8     74   0.42    335      2  346.4  348.2  346.5
  250.0  11010  -39.7  -42.7     73   0.36    275      3  346.9  348.4  347.0
  249.0  11037  -40.1  -42.6     77   0.36    272      3  346.7  348.2  346.8
  247.0  11091  -40.5                         265      3  346.9         346.9
  216.0  11980  -47.5                         285      4  349.6         349.6
  206.0  12294  -50.0                         210     12  350.5         350.5
  200.0  12490  -51.5                         185     12  351.1         351.1
  197.0  12585  -52.3                         165      8  351.3         351.3
  188.0  12877  -54.8                          75     13  352.0         352.0
  179.0  13184  -57.4                          85     19  352.8         352.8
  163.0  13770  -62.3                          75     22  354.0         354.0
  150.0  14290  -66.7                          90     29  355.0         355.0
  126.0  15304  -74.6                         100     47  358.9         358.9
  114.0  15887  -79.1                         100     46  360.9         360.9
  112.0  15990  -79.9                          95     40  361.2         361.2
  108.0  16195  -77.9                          88     27  368.8         368.8
  103.0  16463  -79.4                          80     11  371.0         371.0
  100.0  16630  -80.3                          25     10  372.3         372.3
   92.0  17101  -81.9                         265      4  378.2         378.2
   91.8  17113  -81.9                         255      4  378.4         378.4
   87.0  17417  -81.3                         100     11  385.4         385.4
   83.0  17684  -80.8                          50      9  391.6         391.6
   79.0  17963  -80.3                         330     13  398.2         398.2
   75.0  18257  -79.8                         305     10  405.3         405.3
   72.9  18418  -79.5                         352      8  409.2         409.2
   71.0  18569  -78.5                          35      6  414.5         414.5
   70.0  18650  -77.9                          30      8  417.4         417.4
   67.0  18904  -75.7                          80     10  427.4         427.4
   64.0  19169  -73.4                          90     10  438.1         438.1
   63.1  19251  -72.7                                     441.4         441.4
