-----------------------------------------------------------------------------
   PRES   HGHT   TEMP   DWPT   RELH   MIXR   DRCT   SKNT   THTA   THTE   THTV
    hPa     m      C      C      %    g/kg    deg   knot     K      K      K 
-----------------------------------------------------------------------------
 1012.0     14   25.8   23.6     88  18.51      0      0  297.9  351.9  301.2
 1002.0     97   26.4   21.4     74  16.30     58      3  299.4  347.2  302.3
 1000.0    114   27.0   21.0     70  15.93     70      4  300.1  347.0  303.0
  993.0    177   27.0   22.3     75  17.41     70      4  300.8  352.1  303.9
  979.0    302   26.1   21.6     76  16.90     70      3  301.1  351.0  304.1
  947.0    597   23.9   20.0     79  15.76      0      0  301.7  348.4  304.6
  925.0    805   22.4   18.8     80  15.00      0      0  302.2  346.7  304.9
  915.0    900   21.8   18.2     80  14.55      0      0  302.6  345.8  305.2
  894.0   1102   20.6   16.8     79  13.65    278      2  303.3  344.0  305.8
  883.0   1209   20.1   16.2     79  13.32    235      3  303.8  343.7  306.2
  854.0   1498   18.6   14.7     78  12.48    245      4  305.2  342.8  307.5
  850.0   1539   18.4   14.5     78  12.36    240      5  305.4  342.7  307.7
  824.0   1802   16.9   13.2     79  11.75    225      6  306.5  342.1  308.7
  741.0   2699   11.6    9.0     84   9.81    260      4  310.2  340.5  312.1
  700.0   3180    8.8    6.7     87   8.87    290      4  312.2  339.9  313.9
  682.0   3396    8.8    5.1     78   8.14    290      4  314.5  340.3  316.1
  665.0   3604    7.3    4.1     80   7.78    290      4  315.1  339.9  316.6
  650.0   3792    6.0    3.2     82   7.47    335      2  315.7  339.5  317.1
  642.0   3893    6.2    0.8     69   6.36      0      1  317.0  337.5  318.2
  640.0   3919    6.2    0.2     65   6.10      1      1  317.3  337.1  318.5
  617.0   4217    4.0   -0.2     74   6.15     13      5  318.1  338.1  319.3
  596.0   4498    2.9   -3.3     64   5.06     25      8  320.0  336.6  321.0
  577.0   4760    1.8   -6.2     55   4.19     51     12  321.7  335.8  322.5
  574.0   4802    1.6   -6.2     56   4.22     55     13  321.9  336.0  322.7
  556.0   5058    0.0   -6.0     64   4.42     55     13  323.0  337.8  323.9
  553.0   5101   -0.2   -6.2     64   4.36     55     13  323.2  337.9  324.1
  547.0   5188   -0.7   -6.7     64   4.26     49     12  323.7  338.0  324.5
  542.0   5261   -0.3  -18.3     24   1.68     44     11  325.0  331.0  325.4
  533.0   5395   -1.3  -15.1     34   2.23     35      9  325.4  333.2  325.8
  523.0   5545   -2.5  -11.5     50   3.05     55      8  325.7  336.2  326.3
  514.0   5682   -3.7   -9.7     63   3.58     73      6  325.9  338.1  326.6
  513.0   5698   -3.7   -9.9     62   3.52     75      6  326.0  338.1  326.7
  509.0   5760   -3.9  -10.9     58   3.29     78      6  326.6  337.9  327.2
  500.0   5900   -4.7  -11.7     58   3.14     85      6  327.2  338.1  327.9
  475.0   6304   -7.2  -12.2     67   3.18    105      6  329.0  340.1  329.6
  470.0   6387   -7.7  -12.3     70   3.18    100      6  329.4  340.5  330.0
  457.0   6605   -9.0  -14.3     66   2.78     85      5  330.4  340.2  330.9
  443.0   6847  -10.5  -16.5     61   2.39    104      5  331.4  340.0  331.9
  439.0   6917  -10.9  -20.9     44   1.66    109      5  331.8  337.8  332.1
  419.0   7276  -13.1  -21.1     51   1.71    137      5  333.4  339.7  333.8
  409.0   7461  -13.9  -27.9     30   0.95    152      5  334.7  338.3  334.9
  400.0   7630  -15.1  -28.1     32   0.95    165      5  335.3  338.9  335.5
  395.0   7725  -15.7  -28.7     32   0.91    171      7  335.7  339.2  335.9
  391.0   7801  -16.2  -29.4     31   0.86    175      8  336.1  339.4  336.2
  378.0   8054  -17.7  -31.7     28   0.72    181      6  337.3  340.1  337.4
  367.0   8274  -19.3  -26.3     54   1.22    187      4  338.0  342.7  338.3
  361.0   8396  -20.1  -25.1     64   1.39    190      3  338.6  343.8  338.8
  346.0   8708  -22.2  -29.7     51   0.95      0      1  339.8  343.4  340.0
  332.0   9010  -24.4  -34.2     40   0.64    130      3  340.9  343.5  341.1
  331.0   9033  -24.5  -34.5     39   0.62    132      3  341.0  343.5  341.1
  321.0   9255  -25.7  -44.7     15   0.22    155      4  342.4  343.3  342.4
  306.0   9598  -28.5  -46.8     16   0.19    190      5  343.1  343.9  343.1
  300.0   9740  -29.7  -47.7     16   0.17    180      5  343.4  344.1  343.4
  250.0  11010  -39.7  -55.7     17   0.08    195      7  346.9  347.3  346.9
  248.0  11065  -40.1  -56.1     16   0.08    192      7  347.1  347.5  347.1
  247.0  11092  -40.3                         190      7  347.2         347.2
  226.0  11685  -45.2                         100      8  348.6         348.6
  216.0  11987  -47.7                          90     10  349.3         349.3
  200.0  12500  -51.9                         105      8  350.4         350.4
  197.0  12594  -52.7                         105      7  350.6         350.6
  179.0  13190  -57.8                          55      7  352.0         352.0
  155.0  14086  -65.5                          95      9  353.6         353.6
  150.0  14290  -67.3                          85      9  354.0         354.0
  140.0  14698  -71.0                          75     12  354.6         354.6
  133.0  15001  -73.7                          95     13  354.9         354.9
  126.0  15310  -75.1                          70     15  358.0         358.0
  108.0  16190  -79.0                         110     34  366.8         366.8
  100.0  16630  -80.9                         100     32  371.2         371.2
   97.0  16802  -81.5                          90     29  373.3         373.3
   92.0  17100  -82.4                          60     21  377.1         377.1
   90.6  17187  -82.7                          60     17  378.2         378.2
   87.0  17416  -80.5                          65      9  387.1         387.1
   84.2  17602  -78.7                          48      8  394.3         394.3
   83.0  17684  -78.7                          40      8  395.9         395.9
   79.0  17967  -78.7                          85     12  401.6         401.6
   75.0  18265  -78.7                         260      3  407.6         407.6
   70.0  18660  -78.7                         225     16  415.7         415.7
   67.0  18908  -79.5                         215     12  419.2         419.2
   64.7  19106  -80.1                         209     10  422.1         422.1
   60.7  19470  -76.1                         197      7  438.8         438.8
   60.0  19537  -75.9                         195      6  440.6         440.6
   57.0  19834  -75.2                         240      6  448.6         448.6
   54.0  20147  -74.5                         235      4  457.3         457.3
   53.1  20244  -74.3                         190      6  460.0         460.0
   52.1  20356  -70.9                         140      9  470.4         470.4
   52.0  20367  -70.8                         135      9  470.9         470.9
   50.0  20600  -69.5                         130     16  479.3         479.3
   47.7  20880  -71.1                         119     16  482.0         482.0
   45.9  21110  -66.1                         110     17  499.4         499.4
   45.0  21230  -66.0                         105     17  502.4         502.4
   42.0  21649  -65.8                          75     16  513.0         513.0
   38.0  22257  -65.4                          95     12  528.8         528.8
   37.0  22419  -65.3                          70     17  533.1         533.1
   36.7  22468  -65.3                          61     16  534.4         534.4
   35.0  22760  -61.3                          10      9  552.1         552.1
   33.0  23126  -60.1                         245      5  564.7         564.7
   32.4  23240  -59.7                         173     18  568.7         568.7
   32.0  23318  -59.8                         125     26  570.3         570.3
   30.0  23720  -60.5                         120     25  579.1         579.1
   29.4  23845  -61.3                         123     21  580.3         580.3
   29.0  23931  -61.0                         125     18  583.4         583.4
   26.0  24613  -58.4                         150     23  609.2         609.2
   25.2  24808  -57.7                         141     30  616.7         616.7
   24.0  25116  -56.3                         126     41  629.4         629.4
   23.2  25334  -51.9                         116     48  648.5         648.5
   22.0  25679  -50.8                         100     60  661.7         661.7
   20.7  26075  -49.5                          94     55  677.2         677.2
   20.0  26300  -49.5                          90     52  683.9         683.9
   18.0  26985  -51.1                          84     59  699.8         699.8
   17.0  27355  -51.2                          80     63  710.8         710.8
   15.5  27954  -51.5                          83     68  729.0         729.0
   13.8  28714  -46.5                          87     74  770.6         770.6
   12.4  29422  -46.1                          90     80  795.9         795.9
   12.0  29641  -44.6                          90     80  808.6         808.6
   11.3  30043  -41.9                          92     75  832.4         832.4
   10.0  30870  -40.9                          95     65  865.7         865.7
    9.2  31437  -40.9                                     886.6         886.6
