-----------------------------------------------------------------------------
   PRES   HGHT   TEMP   DWPT   RELH   MIXR   DRCT   SKNT   THTA   THTE   THTV
    hPa     m      C      C      %    g/kg    deg   knot     K      K      K 
-----------------------------------------------------------------------------
 1011.0     14   26.2   24.5     90  19.59      0      0  298.4  355.7  301.9
 1000.0    105   25.4   23.5     89  18.63     80      7  298.6  353.0  301.9
  978.0    300   24.4   22.4     89  17.81    105      1  299.5  351.7  302.7
  945.0    601   22.9   20.7     87  16.60    290      8  300.9  349.9  303.9
  925.0    788   22.0   19.7     87  15.88    295      8  301.8  348.8  304.7
  913.0    901   21.5   19.1     86  15.44    290      7  302.4  348.2  305.2
  852.0   1497   18.7   15.6     82  13.27    255     10  305.5  345.5  307.9
  850.0   1517   18.6   15.5     82  13.20    255     10  305.6  345.4  308.0
  767.0   2396   14.6   11.6     82  11.27    255      6  310.4  345.1  312.5
  760.0   2475   14.2   11.2     82  11.11    273      5  310.8  345.1  312.9
  740.0   2699   12.8    9.8     82  10.39    325      4  311.6  343.8  313.6
  714.0   3000   10.9    7.9     82   9.47    340      5  312.7  342.3  314.5
  700.0   3167    9.8    6.9     82   8.99    355      5  313.3  341.5  315.0
  689.0   3298    9.2    5.6     78   8.32     20      6  314.1  340.3  315.7
  670.0   3531    8.2    3.2     71   7.24     45      8  315.5  338.5  316.8
  640.0   3904    6.0    1.9     75   6.91     85     12  317.1  339.3  318.4
  618.0   4189    4.2    0.9     79   6.67    100     15  318.3  339.8  319.6
  574.0   4791    0.6   -1.1     88   6.17     95     11  320.8  341.0  322.0
  567.0   4891    0.0   -1.5     90   6.08    101     11  321.2  341.2  322.4
  532.0   5397   -2.6   -4.1     89   5.33    130     10  324.0  341.8  325.1
  512.0   5702   -4.1   -5.7     89   4.90    130      8  325.7  342.2  326.7
  500.0   5890   -5.1   -6.7     89   4.66    145      8  326.8  342.5  327.7
  493.0   6001   -4.9   -7.4     83   4.48    145     10  328.3  343.6  329.1
  491.0   6033   -4.9   -7.6     81   4.42    145     10  328.7  343.8  329.6
  457.0   6590   -8.1  -10.7     81   3.71    140     10  331.5  344.4  332.2
  440.0   6884   -9.8  -12.4     81   3.37     95      8  332.9  344.8  333.6
  423.0   7189  -11.6  -14.1     81   3.05    100      6  334.4  345.3  335.1
  409.0   7451  -13.1  -15.6     81   2.79    121      7  335.7  345.8  336.3
  406.0   7507  -13.5  -15.9     82   2.74    125      7  335.9  345.8  336.5
  400.0   7620  -14.3  -16.5     83   2.65    130      7  336.3  345.9  336.9
  391.0   7790  -15.3  -17.6     83   2.46    115      6  337.1  346.1  337.6
  375.0   8103  -17.3  -19.8     81   2.14     70      5  338.6  346.5  339.1
  361.0   8388  -19.0  -21.7     79   1.88     70      5  340.0  347.0  340.4
  346.0   8705  -21.0  -23.9     78   1.62    110      4  341.5  347.6  341.8
  335.0   8947  -22.5  -25.5     77   1.44    107      4  342.6  348.1  342.9
  300.0   9750  -28.3  -31.8     72   0.89     95      4  345.4  348.9  345.6
  294.0   9891  -29.5  -33.0     71   0.81     90      4  345.7  348.9  345.9
  281.0  10206  -32.1  -35.8     70   0.65     60      3  346.4  349.1  346.6
  270.0  10484  -34.4  -38.2     69   0.53     90      3  347.0  349.2  347.1
  250.0  11020  -38.9  -42.8     66   0.35     90      4  348.1  349.6  348.2
  246.0  11131  -39.9  -44.5     61   0.30     91      4  348.2  349.5  348.3
  226.0  11696  -45.0                          95      5  349.0         349.0
  216.0  11997  -47.7                         145      7  349.3         349.3
  207.0  12281  -50.2                         165      6  349.6         349.6
  200.0  12510  -52.3                         165      6  349.8         349.8
  180.0  13169  -57.3                         155     12  352.4         352.4
  163.0  13790  -62.0                         100     20  354.6         354.6
  150.0  14310  -65.9                          85     29  356.4         356.4
  141.0  14670  -68.6                          85     31  358.0         358.0
  121.0  15561  -75.2                         105     38  362.0         362.0
  106.0  16331  -80.9                          80     28  365.1         365.1
  103.0  16493  -79.6                          75     26  370.5         370.5
  100.0  16660  -78.3                          60     22  376.2         376.2
   93.0  17071  -80.0                          25     13  380.8         380.8
   87.9  17390  -81.3                          87     10  384.3         384.3
   83.0  17712  -81.5                         150      6  390.3         390.3
   79.0  17989  -81.6                         195      6  395.6         395.6
   75.8  18221  -81.7                         199      8  400.1         400.1
   75.0  18281  -81.3                         200      9  402.1         402.1
   71.1  18582  -79.3                                     412.6         412.6
