-----------------------------------------------------------------------------
   PRES   HGHT   TEMP   DWPT   RELH   MIXR   DRCT   SKNT   THTA   THTE   THTV
    hPa     m      C      C      %    g/kg    deg   knot     K      K      K 
-----------------------------------------------------------------------------
 1009.0     14   26.0   24.3     90  19.39    140      2  298.4  355.1  301.8
 1000.0     90   26.0   22.0     79  16.96    160      3  299.1  348.8  302.2
  995.0    135   26.8   22.2     76  17.26    163      3  300.4  351.2  303.5
  977.0    297   25.6   21.6     79  16.96    175      2  300.7  350.8  303.8
  944.0    601   23.3   20.5     84  16.41    255      3  301.4  349.9  304.4
  928.0    753   22.2   20.0     87  16.14    263      6  301.7  349.5  304.6
  925.0    781   22.2   19.5     85  15.68    265      7  302.0  348.5  304.8
  878.0   1233   20.6   16.4     77  13.54    262     13  304.9  345.6  307.4
  850.0   1512   18.8   14.5     76  12.36    260     16  305.8  343.1  308.1
  752.0   2551   12.4   10.1     86  10.43    257     13  309.8  341.9  311.7
  700.0   3148    9.4    8.5     94  10.05    255     11  312.9  344.2  314.8
  687.0   3304    8.7    7.9     95   9.83    255     12  313.8  344.6  315.6
  678.0   3413    8.2    7.5     95   9.69    252     12  314.4  344.8  316.2
  639.0   3897    5.7    4.1     89   8.09    240     11  316.9  342.7  318.4
  616.0   4197    4.1    2.0     86   7.22    245      8  318.4  341.7  319.8
  586.0   4605    2.0   -0.9     81   6.15    221      6  320.5  340.7  321.7
  572.0   4800    0.0   -7.0     59   3.98    210      5  320.4  333.7  321.2
  559.0   4984   -0.5   -3.9     78   5.16    216      6  321.9  339.0  322.9
  551.0   5099   -0.9   -4.3     78   5.09    220      7  322.8  339.7  323.8
  531.0   5394   -1.9   -5.2     78   4.92    255      7  325.0  341.6  326.0
  511.0   5698   -3.5   -8.7     67   3.91    260      9  326.7  340.1  327.5
  503.0   5823   -4.1  -10.1     63   3.55    246      8  327.4  339.6  328.1
  500.0   5870   -4.3  -10.3     63   3.51    240      8  327.7  339.9  328.4
  498.0   5902   -4.3  -14.3     46   2.55    238      8  328.1  337.1  328.6
  487.0   6078   -5.5  -11.5     63   3.28    224      7  328.7  340.1  329.4
  465.0   6440   -7.1  -16.1     49   2.35    197      6  331.1  339.5  331.6
  461.0   6507   -7.3  -18.3     41   1.97    192      6  331.7  338.8  332.1
  458.0   6558   -7.9  -18.9     41   1.89    188      6  331.6  338.4  331.9
  456.0   6592   -8.1  -18.1     44   2.03    185      6  331.7  339.0  332.1
  455.0   6609   -8.5  -14.5     62   2.75    186      6  331.4  341.1  332.0
  453.0   6643   -8.7  -14.7     62   2.71    187      6  331.6  341.2  332.1
  452.0   6660   -8.9  -12.7     74   3.20    187      6  331.6  342.8  332.2
  448.0   6729   -9.1  -20.1     41   1.74    190      6  332.1  338.5  332.5
  433.0   6993  -10.5  -18.5     52   2.06    198      5  333.6  341.1  334.0
  428.0   7082  -10.7  -21.7     40   1.58    201      4  334.5  340.3  334.8
  422.0   7191  -11.4  -19.8     50   1.89    205      4  334.9  341.9  335.3
  421.0   7209  -11.5  -19.5     52   1.95    211      4  335.0  342.1  335.4
  414.0   7337  -11.9  -21.9     43   1.61    252      4  336.1  342.1  336.4
  412.0   7374  -12.1  -25.1     33   1.22    263      3  336.3  340.9  336.6
  405.0   7505  -13.2  -21.8     48   1.66    305      3  336.6  342.8  336.9
  404.0   7524  -13.3  -21.3     51   1.74    308      3  336.7  343.1  337.0
  400.0   7600  -14.1  -20.1     60   1.95    320      3  336.6  343.7  337.0
  395.0   7696  -14.7  -20.7     60   1.87    335      3  337.0  343.9  337.4
  390.0   7792  -14.9  -22.8     51   1.58    350      4  337.9  343.8  338.2
  387.0   7851  -15.1  -24.1     46   1.42    356      4  338.4  343.8  338.8
  377.0   8048  -16.5  -23.5     55   1.53     18      5  339.1  344.9  339.5
  374.0   8108  -16.9  -23.6     56   1.53     25      5  339.4  345.1  339.7
  360.0   8394  -18.8  -24.3     62   1.50    345      6  340.6  346.2  340.9
  355.0   8499  -19.5  -24.5     65   1.49    342      6  341.0  346.6  341.3
  332.0   8989  -22.9  -29.1     57   1.04    325      4  342.9  346.9  343.1
  318.0   9304  -25.1  -32.1     52   0.82      0      1  344.1  347.3  344.2
  306.0   9585  -27.1  -34.7     48   0.66    125      8  345.1  347.8  345.3
  300.0   9730  -28.1  -36.1     46   0.59    125      9  345.7  348.0  345.8
  296.0   9826  -28.7  -38.7     38   0.46    130      9  346.1  348.0  346.2
  269.0  10497  -34.6  -42.3     45   0.34    165     11  347.2  348.6  347.2
  250.0  11010  -39.1  -45.1     53   0.27    150      7  347.8  349.0  347.9
  246.0  11120  -40.1  -46.1     53   0.25    143      7  347.9  349.0  348.0
  236.0  11397  -42.4                         125      8  348.6         348.6
  206.0  12303  -49.9                         115     12  350.7         350.7
  200.0  12500  -51.5                         100     18  351.1         351.1
  179.0  13198  -56.7                          85     38  353.8         353.8
  150.0  14310  -65.1                         110     54  357.7         357.7
  141.0  14669  -68.1                         110     54  358.9         358.9
  115.0  15850  -77.8                          55     20  362.4         362.4
  100.0  16660  -84.5                          30     15  364.2         364.2
   98.0  16770  -85.1                          30     14  365.2         365.2
   87.0  17420  -88.5                          75     24  370.9         370.9
   82.9  17683  -89.9                          75     26  373.3         373.3
   78.0  18022  -81.9                          75     29  396.4         396.4
   75.2  18225  -77.1                          75     18  410.6         410.6
   74.0  18318  -77.0                          75     13  412.7         412.7
   72.0  18475  -76.9                          55     20  416.2         416.2
   71.0  18557  -74.0                          45     23  424.0         424.0
   70.0  18640  -71.1                          35     21  431.9         431.9
   69.1  18717  -70.3                                     435.3         435.3
