-----------------------------------------------------------------------------
   PRES   HGHT   TEMP   DWPT   RELH   MIXR   DRCT   SKNT   THTA   THTE   THTV
    hPa     m      C      C      %    g/kg    deg   knot     K      K      K 
-----------------------------------------------------------------------------
 1012.0     14   24.4   23.3     94  18.17      0      0  296.5  349.2  299.8
 1005.0     73   25.8   22.7     83  17.63     32      3  298.5  350.0  301.7
 1000.0    115   25.6   22.2     82  17.17     55      5  298.8  349.0  301.8
  979.0    301   24.5   21.2     82  16.45     10     11  299.5  347.7  302.4
  946.0    601   22.8   19.5     82  15.32    325     12  300.6  345.8  303.4
  925.0    797   21.6   18.4     82  14.62    315     14  301.4  344.6  304.0
  850.0   1530   17.4   13.6     78  11.65    290     17  304.4  339.4  306.5
  818.0   1859   15.4   12.7     84  11.41    270     16  305.6  340.1  307.7
  795.0   2101   14.7   11.0     78  10.45    255     16  307.3  339.2  309.3
  767.0   2406   13.8    8.8     72   9.35    235     14  309.5  338.4  311.3
  700.0   3175   10.2    4.2     66   7.44    260     17  313.8  337.3  315.2
  695.0   3235   10.0    4.0     66   7.39    262     16  314.2  337.6  315.6
  689.0   3306    9.4    3.7     68   7.32    265     15  314.3  337.5  315.7
  665.0   3598    7.0    2.7     74   7.04    260      9  314.8  337.2  316.2
  643.0   3876    4.8    1.7     80   6.78    329      4  315.3  337.0  316.6
  641.0   3901    4.7    1.6     81   6.75    335      4  315.4  337.0  316.7
  618.0   4197    3.0    0.5     83   6.44     15      9  316.9  337.6  318.1
  577.0   4752    0.0   -1.7     88   5.89     48      7  319.6  338.9  320.8
  574.0   4794   -0.2   -1.9     88   5.85     50      7  319.9  339.0  321.0
  552.0   5106   -1.4   -3.0     89   5.57    295      5  322.0  340.4  323.1
  533.0   5385   -2.5   -4.1     89   5.33    288      5  324.0  341.7  325.0
  500.0   5890   -5.3   -6.5     91   4.73    275      6  326.5  342.5  327.4
  493.0   5999   -5.9   -7.1     91   4.57    260      4  327.1  342.6  328.0
  474.0   6304   -7.6   -8.9     90   4.14    230      6  328.7  342.9  329.5
  439.0   6899  -10.9  -12.4     89   3.39    260      7  331.8  343.7  332.5
  429.0   7078  -11.9  -13.4     89   3.19    258      7  332.7  344.0  333.4
  400.0   7610  -15.3  -16.8     88   2.58    250      8  335.0  344.3  335.5
  360.0   8395  -20.6  -22.7     83   1.72    240      6  338.2  344.6  338.5
  348.0   8647  -22.3  -24.6     82   1.51    197      3  339.1  344.8  339.5
  346.0   8689  -22.6  -24.9     81   1.47    190      3  339.3  344.9  339.6
  318.0   9299  -26.9  -29.8     77   1.02    220      3  341.6  345.6  341.8
  305.0   9601  -29.1  -32.1     75   0.85    160      8  342.7  346.0  342.9
  300.0   9720  -29.9  -33.1     74   0.79    155      9  343.1  346.2  343.3
  252.0  10945  -39.9  -44.0     65   0.31    131     15  345.8  347.1  345.9
  250.0  11000  -40.5                         130     15  345.7         345.7
  215.0  12000  -49.6                         120     20  346.9         346.9
  200.0  12480  -53.9                         125     18  347.2         347.2
  170.0  13492  -63.5                         130     18  347.8         347.8
  165.0  13678  -65.3                         119     21  347.8         347.8
  150.0  14250  -69.9                          85     32  349.5         349.5
  146.0  14405  -70.8                          85     34  350.6         350.6
  119.0  15578  -77.7                          85     64  359.0         359.0
  107.0  16187  -81.3                          80     66  363.2         363.2
  104.0  16350  -82.3                          80     64  364.4         364.4
  100.0  16570  -79.3                          80     47  374.3         374.3
   96.3  16787  -75.5                          71     25  385.7         385.7
   96.0  16805  -75.4                          70     23  386.4         386.4
   91.4  17092  -73.1                         292      9  396.3         396.3
   91.0  17118  -73.1                         280      8  396.7         396.7
   87.0  17380  -73.6                         245     25  400.9         400.9
   78.0  18018  -74.7                         250     32  411.4         411.4
   71.0  18567  -75.6                         235     17  420.7         420.7
   70.0  18650  -75.7                         235     17  422.1         422.1
   64.5  19119  -78.5                         253     14  426.0         426.0
   64.0  19164  -78.5                         255     14  426.8         426.8
   60.0  19531  -78.9                         280      3  434.0         434.0
   59.7  19559  -78.9                         288      3  434.6         434.6
   57.0  19825  -76.8                           5      5  445.1         445.1
   54.6  20072  -74.9                          41     15  455.0         455.0
   54.1  20126  -72.7                          48     17  461.3         461.3
   54.0  20137  -72.7                          50     17  461.6         461.6
   52.0  20359  -71.9                          10     17  468.4         468.4
   50.0  20590  -71.1                          10     17  475.5         475.5
   49.0  20710  -70.8                          25     16  478.9         478.9
   44.0  21351  -69.4                         115     21  497.3         497.3
   42.2  21599  -68.9                         108     20  504.6         504.6
   40.0  21924  -64.8                         100     18  522.5         522.5
   39.5  22000  -63.9                         101     16  526.8         526.8
   38.0  22239  -62.7                         105     10  535.7         535.7
   36.0  22574  -61.0                         130     13  548.4         548.4
   35.2  22713  -60.3                         161     12  553.8         553.8
   33.0  23115  -60.2                         250      9  564.3         564.3
   32.0  23307  -60.2                         270     11  569.4         569.4
   30.0  23710  -60.1                         240     15  580.2         580.2
   29.0  23920  -60.4                         180     13  585.0         585.0
   27.0  24364  -61.0                         150     21  595.3         595.3
   25.1  24817  -61.7                         125     32  606.0         606.0
   23.0  25363  -56.7                          95     45  636.0         636.0
   21.2  25880  -55.5                          82     43  654.6         654.6
   21.0  25940  -55.7                          80     43  655.8         655.8
   20.0  26250  -56.5                          80     48  662.5         662.5
   17.2  27198  -58.5                          80     57  685.3         685.3
   16.8  27346  -58.5                          80     59  689.9         689.9
   15.8  27734  -53.5                          80     63  718.5         718.5
   15.3  27942  -49.3                          80     65  739.0         739.0
   15.0  28072  -48.0                          80     66  747.3         747.3
   14.5  28295  -45.9                          81     66  761.8         761.8
   11.9  29600  -47.3                          89     64  801.1         801.1
   10.5  30427  -46.1                          93     63  834.6         834.6
   10.0  30750  -45.5                          95     63  848.6         848.6
    9.0  31461  -40.3                          90     73  894.7         894.7
    8.9  31536  -39.7                                     899.7         899.7
