-----------------------------------------------------------------------------
   PRES   HGHT   TEMP   DWPT   RELH   MIXR   DRCT   SKNT   THTA   THTE   THTV
    hPa     m      C      C      %    g/kg    deg   knot     K      K      K 
-----------------------------------------------------------------------------
 1010.0     14   26.2   24.7     91  19.86    125      6  298.5  356.6  302.0
 1009.0     22   27.2   21.2     70  15.98    132      6  299.6  346.5  302.4
 1000.0     98   26.2   22.0     78  16.96    195      3  299.4  349.1  302.4
  998.0    116   26.2   22.3     79  17.32    193      3  299.5  350.3  302.6
  977.0    305   26.4   21.9     77  17.29    175      5  301.5  352.7  304.6
  970.0    369   26.4   21.8     76  17.28    180      5  302.2  353.4  305.3
  945.0    600   24.9   20.9     79  16.79    200      4  302.9  352.8  305.9
  925.0    790   23.6   20.2     81  16.40    235      5  303.4  352.3  306.4
  882.0   1204   20.9   17.4     80  14.37    290      7  304.8  347.9  307.4
  850.0   1526   18.8   15.2     80  12.94    295      9  305.8  344.9  308.2
  819.0   1845   16.2   14.5     90  12.84    299      8  306.3  345.1  308.7
  700.0   3172    9.6    7.8     89   9.57    315      4  313.1  343.0  314.9
  689.0   3303    9.0    7.3     89   9.38    315      6  313.8  343.2  315.6
  665.0   3596    7.6    6.1     90   8.94    345      9  315.4  343.7  317.1
  641.0   3900    6.1    4.8     91   8.51    345      8  317.1  344.3  318.8
  629.0   4056    5.4    4.2     92   8.29    329      8  318.0  344.5  319.6
  618.0   4200    4.8    3.0     88   7.72    315      8  319.0  343.8  320.4
  602.0   4415    4.0    1.1     81   6.93    322      7  320.4  342.9  321.7
  599.0   4456    4.4    0.3     75   6.57    323      7  321.3  342.8  322.6
  591.0   4565    3.0   -0.7     77   6.19    327      7  320.9  341.2  322.1
  589.0   4593    3.0   -0.5     78   6.30    328      7  321.2  341.9  322.5
  587.0   4620    2.2   -1.2     78   6.01    329      7  320.6  340.3  321.8
  586.0   4634    0.8   -2.5     79   5.46    329      7  319.1  337.0  320.2
  574.0   4800    0.4   -1.9     84   5.82    335      6  320.6  339.7  321.7
  561.0   4984    0.0   -1.3     91   6.24    316      7  322.2  342.7  323.4
  533.0   5392   -2.3   -3.5     91   5.57    275     10  324.2  342.8  325.3
  513.0   5696   -4.0   -5.2     91   5.10    255     15  325.8  342.9  326.8
  500.0   5900   -5.1   -6.3     91   4.80    255     16  326.8  343.0  327.7
  455.0   6639   -8.3  -11.0     81   3.65    251     12  331.7  344.4  332.4
  440.0   6898  -10.0  -12.1     85   3.45    250     11  332.7  344.8  333.4
  423.0   7201  -12.1  -13.4     90   3.22    265      8  333.8  345.2  334.5
  410.0   7442  -13.7  -14.5     94   3.05    259      9  334.7  345.6  335.3
  401.0   7611  -14.5  -17.5     78   2.43    255      9  335.8  344.6  336.3
  400.0   7630  -14.5  -18.7     70   2.20    255      9  336.1  344.1  336.5
  384.0   7937  -16.1  -18.7     80   2.29    248      6  337.9  346.3  338.4
  380.0   8016  -16.5  -21.5     65   1.82    247      5  338.4  345.1  338.8
  376.0   8094  -17.2  -22.0     67   1.76    245      4  338.5  345.0  338.8
  361.0   8397  -20.0  -23.7     72   1.57     20      1  338.7  344.6  339.1
  354.0   8542  -21.3  -24.6     75   1.48    326      2  338.8  344.4  339.1
  347.0   8687  -22.3  -25.3     76   1.42    270      3  339.5  344.9  339.8
  333.0   8988  -24.2  -26.7     80   1.30    255     13  340.8  345.8  341.1
  323.0   9210  -25.7  -27.7     83   1.22    262     14  341.8  346.4  342.0
  319.0   9299  -26.2  -28.9     78   1.10    265     14  342.3  346.6  342.5
  307.0   9575  -27.7  -32.7     62   0.80    242      7  343.9  347.1  344.1
  306.0   9598  -27.8  -33.1     61   0.78    240      6  344.1  347.2  344.3
  300.0   9740  -28.3  -35.3     51   0.64    180      4  345.4  347.9  345.5
  281.0  10201  -32.2  -40.5     43   0.40    135      8  346.3  347.9  346.4
  259.0  10776  -37.1  -47.1     35   0.21    116     18  347.2  348.2  347.3
  258.0  10803  -37.3  -47.1     35   0.21    115     18  347.3  348.2  347.3
  250.0  11020  -39.3  -47.3     42   0.22    125     21  347.5  348.4  347.6
  247.0  11103  -40.1  -47.1     47   0.22    124     21  347.5  348.5  347.6
  216.0  11997  -47.3                         115     24  349.9         349.9
  200.0  12510  -51.5                          95     20  351.1         351.1
  180.0  13169  -56.4                          80     31  353.8         353.8
  155.0  14105  -63.4                         110     20  357.4         357.4
  150.0  14310  -64.9                         120     15  358.1         358.1
  148.0  14388  -65.5                         130     13  358.4         358.4
  141.0  14669  -67.8                         180     12  359.4         359.4
  127.0  15275  -72.6                         205     27  361.6         361.6
  100.0  16660  -83.7                         170     27  365.8         365.8
   97.5  16801  -85.3                         165     29  365.3         365.3
   92.0  17122  -85.6                         150     31  370.8         370.8
   90.8  17195  -85.7                         143     28  372.0         372.0
   83.0  17698  -80.0                          95      8  393.4         393.4
   82.9  17705  -79.9                          92      8  393.6         393.6
   79.0  17980  -79.7                         345      6  399.5         399.5
   75.0  18276  -79.5                          15     12  405.8         405.8
   70.3  18646  -79.3                          10     13  413.9         413.9
   70.0  18670  -79.7                          10     13  413.6         413.6
   67.7  18859  -79.1                           6     20  418.8         418.8
   67.0  18919  -77.2                           5     22  424.2         424.2
   66.9  18927  -76.9                                     425.0         425.0
   66.0  19006  -74.1                                     432.8         432.8
