-----------------------------------------------------------------------------
   PRES   HGHT   TEMP   DWPT   RELH   MIXR   DRCT   SKNT   THTA   THTE   THTV
    hPa     m      C      C      %    g/kg    deg   knot     K      K      K 
-----------------------------------------------------------------------------
 1010.0     14   27.8   25.3     86  20.61      0      0  300.1  360.8  303.8
 1000.0    100   27.8   23.0     75  18.05    335      2  300.9  354.3  304.2
  978.0    295   26.3   21.9     77  17.20     15      4  301.4  352.2  304.5
  945.0    596   24.0   20.1     79  15.94    320      6  302.0  349.3  304.9
  925.0    784   22.6   19.0     80  15.19    300      9  302.4  347.5  305.2
  913.0    897   21.9   18.1     79  14.50    290     11  302.8  346.0  305.5
  861.0   1406   18.8   13.9     73  11.73    282     12  304.7  340.0  306.9
  852.0   1497   18.5   14.1     75  11.98    280     12  305.3  341.4  307.5
  850.0   1517   18.4   14.1     76  12.04    280     12  305.4  341.7  307.6
  823.0   1794   17.6   12.6     72  11.26    283     11  307.4  341.7  309.5
  780.0   2251   14.2   11.7     85  11.19    288     10  308.5  342.7  310.6
  766.0   2404   13.8   10.3     79  10.37    290      9  309.7  341.6  311.6
  740.0   2696   13.2    7.6     69   8.94    255     10  312.0  339.9  313.7
  734.0   2764   13.0    7.0     67   8.63    261      9  312.6  339.6  314.2
  714.0   2996   11.6    5.6     67   8.05    280      5  313.5  338.9  315.0
  700.0   3162   10.6    4.6     66   7.65    290      3  314.2  338.4  315.6
  689.0   3294    9.6    4.5     71   7.75    185      1  314.5  339.0  315.9
  677.0   3440    8.4    4.5     76   7.86    116      3  314.7  339.6  316.2
  664.0   3600    8.1    3.6     73   7.53     40      5  316.1  340.2  317.6
  652.0   3751    7.8    2.8     71   7.23     33      6  317.5  340.7  318.9
  640.0   3903    6.7    2.1     73   7.03     25      7  317.9  340.5  319.2
  617.0   4202    4.5    0.9     77   6.65     60      9  318.7  340.2  320.0
  602.0   4403    3.0    0.0     81   6.40     73     10  319.2  340.0  320.5
  552.0   5103    0.2   -2.4     82   5.85    120     13  324.0  343.4  325.1
  548.0   5161    0.0   -2.6     83   5.80    119     13  324.4  343.7  325.5
  512.0   5701   -3.3   -5.2     87   5.11    110     10  326.7  343.9  327.7
  500.0   5890   -4.5   -6.1     89   4.88    130     10  327.5  344.0  328.4
  475.0   6292   -6.9   -8.4     89   4.30    135     11  329.3  344.1  330.2
  448.0   6750   -9.7  -11.0     90   3.71    137     11  331.4  344.3  332.1
  400.0   7620  -14.3  -16.9     81   2.56    140     12  336.3  345.6  336.8
  388.0   7851  -15.3  -19.0     73   2.21    147     13  337.9  346.0  338.4
  375.0   8106  -16.9  -21.3     68   1.87    155     15  339.2  346.1  339.6
  335.0   8948  -22.1  -29.1     53   1.03    141     17  343.1  347.2  343.4
  333.0   8991  -22.5  -29.4     53   1.01    140     17  343.2  347.2  343.4
  300.0   9750  -28.7  -34.7     56   0.67    165     19  344.8  347.5  344.9
  286.0  10088  -31.5  -35.9     65   0.63    165     18  345.6  348.1  345.7
  270.0  10487  -34.8  -39.8     60   0.45    165     16  346.6  348.4  346.6
  250.0  11020  -39.1  -45.1     53   0.27    155     20  347.8  349.0  347.9
  247.0  11103  -39.9  -45.9     53   0.25    154     20  347.8  348.9  347.9
  200.0  12510  -52.3                         130     24  349.8         349.8
  188.0  12895  -55.7                         125     26  350.6         350.6
  150.0  14300  -68.1                         100     34  352.6         352.6
  148.0  14380  -68.8                         105     37  352.7         352.7
  133.0  15013  -74.3                         101     44  353.9         353.9
  100.0  16630  -85.7                          90     62  361.9         361.9
   97.0  16797  -86.9                          90     61  362.8         362.8
   95.9  16859  -87.3                          90     59  363.1         363.1
   94.1  16963  -84.1                          91     51  371.4         371.4
   90.0  17211  -82.9                          93     34  378.5         378.5
   87.0  17402  -78.7                          95     20  390.7         390.7
   85.9  17474  -77.1                         132     17  395.3         395.3
   83.0  17672  -77.1                         230      9  399.2         399.2
   79.0  17955  -77.1                         225     12  404.9         404.9
   75.0  18254  -77.1                         245     22  410.9         410.9
   70.0  18650  -77.1                         230     23  419.1         419.1
   67.2  18884  -77.3                         214     16  423.6         423.6
   64.0  19167  -76.2                         195      8  432.1         432.1
   61.0  19445  -75.0                         125     15  440.5         440.5
   57.0  19838  -73.4                         100      9  452.8         452.8
   56.2  19920  -73.1                                     455.4         455.4
