-----------------------------------------------------------------------------
   PRES   HGHT   TEMP   DWPT   RELH   MIXR   DRCT   SKNT   THTA   THTE   THTV
    hPa     m      C      C      %    g/kg    deg   knot     K      K      K 
-----------------------------------------------------------------------------
 1013.0     14   24.0   23.2     95  18.04      0      0  296.1  348.2  299.2
 1000.0    123   23.2   22.9     98  17.94    245     11  296.4  348.2  299.5
  980.0    301   22.5   22.2     98  17.59    260     14  297.4  348.5  300.5
  925.0    808   20.6   20.4     99  16.61    255      9  300.4  349.2  303.4
  915.0    901   20.1   19.9     99  16.26    250      8  300.8  348.8  303.7
  853.0   1503   17.0   16.7     98  14.19    290      4  303.6  345.9  306.2
  850.0   1533   16.8   16.5     98  14.09    290      5  303.7  345.8  306.3
  823.0   1809   15.8   15.0     95  13.20    263      7  305.5  345.2  307.9
  795.0   2100   14.3   13.5     95  12.40    235      9  306.9  344.5  309.2
  768.0   2391   12.7   12.1     96  11.64    230      9  308.3  343.8  310.4
  741.0   2693   11.1   10.5     96  10.89    245      7  309.7  343.2  311.7
  700.0   3172    8.6    8.1     97   9.77    200      9  312.0  342.4  313.8
  689.0   3301    7.9    7.4     97   9.47    190     13  312.6  342.2  314.4
  618.0   4189    3.3    2.7     96   7.60    240      7  317.2  341.5  318.6
  596.0   4485    1.8    1.2     96   7.04    340      5  318.7  341.4  320.1
  574.0   4792    0.1   -0.5     96   6.49     10     12  320.3  341.4  321.5
  572.0   4821    0.0   -0.6     96   6.45     11     12  320.4  341.4  321.7
  512.0   5702   -4.5   -4.6     99   5.33     30     14  325.2  343.1  326.3
  500.0   5890   -5.5   -5.5    100   5.11     35     16  326.3  343.5  327.3
  475.0   6292   -7.1   -7.3     99   4.69      5     16  329.1  345.1  330.0
  457.0   6595   -8.3   -8.6     98   4.40    355      8  331.3  346.4  332.1
  439.0   6904  -10.3  -10.7     97   3.89     25      8  332.6  346.2  333.4
  423.0   7190  -12.1  -12.6     97   3.47      0     11  333.8  346.0  334.5
  406.0   7505  -14.2  -14.6     96   3.04     50      7  335.1  345.9  335.7
  400.0   7620  -14.9  -15.4     96   2.90     90      6  335.5  345.9  336.1
  391.0   7791  -15.7  -16.1     97   2.81    100      6  336.7  346.8  337.3
  375.0   8105  -17.1  -17.3     98   2.64    105      1  338.9  348.5  339.4
  366.0   8287  -17.9  -18.0     99   2.55    147      4  340.2  349.5  340.7
  361.0   8388  -18.6  -18.8     99   2.42    170      6  340.5  349.4  341.0
  346.0   8699  -21.0  -21.2     98   2.06    180      6  341.5  349.2  341.9
  333.0   8980  -23.1  -23.3     98   1.77    250      4  342.4  349.1  342.8
  319.0   9294  -25.4  -25.7     97   1.48    270      3  343.4  349.1  343.7
  308.0   9551  -27.3  -27.7     96   1.28    219      5  344.2  349.1  344.5
  306.0   9598  -27.6  -28.2     94   1.23    210      5  344.4  349.2  344.7
  300.0   9740  -28.5  -29.8     89   1.08    230      9  345.1  349.3  345.3
  296.0   9836  -29.5  -31.1     86   0.97    229      9  345.0  348.8  345.2
  269.0  10507  -34.9  -36.8     83   0.61    225     10  346.6  349.1  346.8
  258.0  10799  -37.3  -39.3     81   0.49    185     11  347.3  349.3  347.4
  250.0  11020  -39.1  -41.2     80   0.42    185     12  347.8  349.5  347.9
  247.0  11102  -39.9  -41.7     83   0.40    182     12  347.8  349.5  347.9
  200.0  12500  -52.5                         135     13  349.5         349.5
  188.0  12890  -56.1                         115     16  349.9         349.9
  167.0  13637  -62.9                         100     31  350.6         350.6
  155.0  14091  -66.5                          90     40  352.0         352.0
  150.0  14290  -68.1                          90     45  352.6         352.6
  133.0  14984  -72.7                          85     48  356.7         356.7
  120.0  15578  -76.7                          85     30  360.1         360.1
  102.0  16516  -82.9                         105     42  365.2         365.2
  100.0  16630  -83.7                         105     43  365.8         365.8
   97.0  16799  -83.9                          90     40  368.6         368.6
   93.1  17026  -84.1                                     372.5         372.5
