-----------------------------------------------------------------------------
   PRES   HGHT   TEMP   DWPT   RELH   MIXR   DRCT   SKNT   THTA   THTE   THTV
    hPa     m      C      C      %    g/kg    deg   knot     K      K      K 
-----------------------------------------------------------------------------
 1009.0     14   26.2   24.1     88  19.15      0      0  298.6  354.6  302.0
 1008.0     22   24.6   23.3     92  18.25    351      1  297.1  350.0  300.3
 1000.0     89   24.6   22.2     87  17.17    275      7  297.8  347.7  300.8
  993.0    151   24.2   21.3     84  16.35    281      8  297.9  345.6  300.9
  976.0    303   25.2   22.0     82  17.39    295     12  300.4  351.6  303.6
  963.0    421   24.4   21.4     83  16.98    298     13  300.8  350.8  303.8
  954.0    503   22.8   20.2     85  15.89    299     13  300.0  346.6  302.8
  933.0    698   23.0   20.4     85  16.46    303     14  302.1  350.9  305.1
  925.0    773   22.0   19.5     86  15.68    305     14  301.8  348.2  304.6
  924.0    782   22.0   19.5     86  15.70    305     14  301.9  348.4  304.7
  911.0    904   21.2   18.8     86  15.20    310     13  302.3  347.4  305.1
  850.0   1501   17.4   15.2     87  12.94    280      8  304.4  343.2  306.7
  793.0   2093   15.2   14.2     94  12.97    285      9  308.1  347.6  310.5
  779.0   2245   14.6   13.9     96  12.98    307      8  309.0  348.7  311.4
  766.0   2388   14.0   13.3     96  12.69    328      7  309.9  348.8  312.2
  765.0   2399   13.7   12.8     95  12.29    330      7  309.6  347.3  311.9
  763.0   2421   13.0   11.8     92  11.52    330      7  309.1  344.4  311.3
  732.0   2770   11.0    9.4     90  10.21    327      8  310.6  342.2  312.6
  712.0   3002   10.6    9.7     94  10.73    325      8  312.7  346.1  314.7
  700.0   3144   10.4    9.9     97  11.06    315      7  314.0  348.6  316.1
  687.0   3300    9.8    9.3     97  10.86    295      8  315.0  349.1  317.1
  672.0   3484    9.2    8.7     97  10.62    292      7  316.3  349.9  318.3
  639.0   3901    7.3    6.9     97   9.83    285      5  318.7  350.1  320.6
  638.0   3914    7.2    6.8     97   9.81    285      5  318.8  350.1  320.6
  612.0   4255    5.0    4.5     97   8.70    299      8  320.0  348.1  321.7
  605.0   4349    3.2    1.2     87   6.95    302      9  319.0  341.5  320.4
  575.0   4759    0.0   -2.6     83   5.53    318     13  319.9  338.1  321.0
  572.0   4801   -0.1   -2.6     83   5.54    320     13  320.3  338.5  321.4
  552.0   5086   -0.5   -2.9     84   5.63    353     10  323.1  341.8  324.2
  551.0   5100   -0.6   -3.0     84   5.61    355     10  323.2  341.8  324.3
  511.0   5697   -4.1   -6.2     85   4.74      0      8  326.0  342.0  326.9
  500.0   5870   -5.1   -7.1     86   4.52     15      9  326.8  342.1  327.6
  492.0   5996   -5.7   -7.9     84   4.31     35     10  327.6  342.3  328.4
  474.0   6288   -6.9   -9.8     80   3.86     40     13  329.5  342.9  330.3
  458.0   6557   -8.1  -11.5     77   3.48     31     12  331.3  343.5  332.0
  422.0   7190  -11.7  -12.7     92   3.44     10     10  334.6  346.7  335.3
  416.0   7301  -12.3  -12.9     95   3.43      7     10  335.1  347.3  335.8
  400.0   7600  -14.3  -16.1     86   2.74      0      9  336.3  346.2  336.9
  390.0   7789  -15.6  -17.5     85   2.49      5      7  337.1  346.1  337.6
  375.0   8082  -17.6  -19.7     83   2.15     40      3  338.3  346.2  338.7
  360.0   8386  -19.6  -22.0     82   1.84    335      2  339.5  346.3  339.9
  345.0   8704  -21.8  -24.3     80   1.56     85      2  340.7  346.6  341.0
  332.0   8990  -23.7  -26.5     78   1.33     15      4  341.8  346.9  342.1
  323.0   9195  -25.1  -28.0     77   1.19    314      2  342.6  347.2  342.8
  318.0   9308  -25.9  -28.8     77   1.12    280      1  342.9  347.3  343.2
  305.0   9610  -28.2  -31.1     76   0.94    245      4  343.9  347.6  344.1
  300.0   9730  -29.1  -32.0     76   0.88    260      4  344.2  347.7  344.4
  269.0  10496  -35.0  -39.7     62   0.45    270      3  346.6  348.5  346.7
  258.0  10789  -37.2  -42.7     57   0.35    295      4  347.5  348.9  347.5
  250.0  11010  -38.9  -44.9     53   0.28    255      4  348.1  349.3  348.1
  246.0  11120  -39.7  -44.9     58   0.29    230      3  348.5  349.7  348.6
  245.0  11147  -39.9  -44.9     59   0.29    217      3  348.6  349.8  348.7
  236.0  11395  -42.1                         100      7  349.1         349.1
  226.0  11681  -44.6                         115     13  349.6         349.6
  200.0  12490  -51.7                          85     16  350.7         350.7
  188.0  12879  -54.9                          90     25  351.9         351.9
  150.0  14300  -66.5                         115     51  355.3         355.3
  133.0  14996  -72.3                         115     54  357.5         357.5
  108.0  16202  -82.3                         105     51  360.5         360.5
  100.0  16630  -82.1                          95     48  368.9         368.9
   97.1  16795  -82.7                          90     45  370.8         370.8
   97.0  16800  -82.5                          90     45  371.3         371.3
   95.7  16876  -80.1                          89     43  377.4         377.4
   87.0  17415  -80.5                          80     28  387.0         387.0
   83.0  17681  -80.8                          45     10  391.8         391.8
   80.6  17846  -80.9                         125      7  394.8         394.8
   79.0  17960  -80.6                         180      5  397.7         397.7
   74.0  18330  -79.4                          95     10  407.6         407.6
   73.4  18376  -79.3                          92     10  408.8         408.8
   71.8  18503  -75.7                          84     11  419.1         419.1
   71.0  18568  -75.3                          80     11  421.4         421.4
   70.0  18650  -74.7                          75     11  424.2         424.2
   67.0  18903  -75.2                           0     11  428.6         428.6
   64.0  19168  -75.7                          50      5  433.1         433.1
   60.0  19541  -76.4                         345      6  439.6         439.6
   59.3  19609  -76.5                         354      6  440.8         440.8
   57.0  19840  -74.2                          25      8  451.1         451.1
   55.0  20047  -72.1                                     460.5         460.5
