-----------------------------------------------------------------------------
   PRES   HGHT   TEMP   DWPT   RELH   MIXR   DRCT   SKNT   THTA   THTE   THTV
    hPa     m      C      C      %    g/kg    deg   knot     K      K      K 
-----------------------------------------------------------------------------
 1010.0     14   25.6   24.4     93  19.49      0      0  297.9  354.7  301.4
 1000.0     98   25.6   23.0     86  18.05    280      2  298.8  351.6  302.0
  991.0    178   26.0   23.4     86  18.68    288      5  299.9  354.9  303.3
  978.0    294   25.4   22.9     86  18.36    300     10  300.4  354.5  303.7
  925.0    784   22.6   20.8     90  17.03    310     15  302.4  353.0  305.5
  900.0   1022   21.0   19.5     91  16.13    310     15  303.1  351.2  306.1
  851.0   1505   18.9   16.3     85  13.86    310     14  305.8  347.6  308.3
  850.0   1515   18.8   16.2     85  13.82    310     14  305.8  347.5  308.4
  799.0   2047   16.0   13.6     86  12.40    296     12  308.3  346.1  310.6
  794.0   2101   15.9   13.2     84  12.14    295     12  308.8  345.9  311.0
  771.0   2352   15.6   11.2     75  10.95    303     12  311.0  344.9  313.1
  740.0   2700   13.7    8.2     69   9.32    315     13  312.6  341.8  314.4
  714.0   3002   12.1    5.6     65   8.07    310     12  314.1  339.6  315.6
  700.0   3170   11.2    4.2     62   7.44    320     11  314.9  338.5  316.3
  689.0   3302   10.5    3.5     62   7.18    330     10  315.5  338.4  316.9
  670.0   3534    9.2    2.2     62   6.74    318      6  316.6  338.2  317.9
  665.0   3595    8.8    2.0     62   6.69    315      5  316.8  338.3  318.1
  641.0   3894    6.8    1.0     66   6.46      5      4  317.9  338.8  319.2
  618.0   4191    4.9   -0.0     71   6.23    355      4  319.0  339.3  320.2
  595.0   4500    2.9   -1.0     76   6.00     25     12  320.1  339.8  321.3
  564.0   4935    0.0   -2.5     83   5.68     36     12  321.7  340.4  322.8
  513.0   5686   -3.5   -5.9     84   4.83     55     12  326.3  342.6  327.2
  500.0   5890   -4.5   -6.8     84   4.62     40     10  327.5  343.2  328.4
  475.0   6292   -6.5   -8.8     84   4.15     10     11  329.8  344.1  330.6
  457.0   6595   -8.1  -10.4     84   3.81    355     13  331.5  344.8  332.3
  440.0   6887   -9.9  -12.1     84   3.46     25      8  332.8  345.0  333.5
  423.0   7190  -11.8  -13.8     85   3.13     65      6  334.2  345.3  334.8
  400.0   7620  -14.5  -16.3     86   2.69     60      6  336.1  345.8  336.6
  391.0   7792  -15.6  -17.4     86   2.51     65      5  336.8  345.9  337.4
  363.0   8353  -19.1  -21.0     85   1.99     32      3  339.4  346.7  339.8
  361.0   8393  -19.4  -21.3     85   1.94     30      3  339.5  346.7  339.9
  319.0   9300  -25.9  -28.7     77   1.13     15      6  342.7  347.1  343.0
  300.0   9750  -29.1  -32.4     73   0.84     25      7  344.2  347.6  344.4
  281.0  10206  -32.6  -36.9     66   0.58     40     14  345.7  348.0  345.8
  250.0  11020  -38.9  -44.9     53   0.28     55     13  348.1  349.3  348.1
  247.0  11103  -39.6  -46.2     49   0.25     60     12  348.2  349.3  348.3
  245.0  11159  -40.1  -47.1     47   0.22     61     12  348.3  349.3  348.4
  206.0  12313  -50.5                          90     18  349.6         349.6
  200.0  12510  -52.3                          90     19  349.8         349.8
  168.0  13604  -62.3                          87     29  351.0         351.0
  150.0  14290  -67.9                          85     36  352.9         352.9
  108.0  16178  -81.5                          90     56  361.9         361.9
  102.0  16506  -83.9                         100     54  363.4         363.4
  100.0  16620  -84.7                          95     52  363.8         363.8
   99.4  16653  -84.7                                     364.5         364.5
