-----------------------------------------------------------------------------
   PRES   HGHT   TEMP   DWPT   RELH   MIXR   DRCT   SKNT   THTA   THTE   THTV
    hPa     m      C      C      %    g/kg    deg   knot     K      K      K 
-----------------------------------------------------------------------------
 1013.0     14   25.0   24.2     95  19.20    200      2  297.1  352.8  300.4
 1000.0    128   24.6   22.2     87  17.17    210      9  297.8  347.7  300.8
  980.0    304   23.7   21.7     89  17.03    205     19  298.6  348.3  301.6
  947.0    604   22.2   20.9     92  16.78    195     10  300.0  349.3  303.0
  925.0    809   21.2   20.4     95  16.61    200      7  301.0  350.0  304.0
  884.0   1200   19.4   18.7     96  15.59    215      8  303.0  349.4  305.8
  854.0   1498   18.0   17.4     96  14.85    200      7  304.6  349.1  307.3
  850.0   1538   17.8   17.2     96  14.75    200      7  304.8  349.0  307.5
  849.0   1548   17.8   17.2     96  14.76    201      7  304.9  349.2  307.6
  825.0   1793   15.8   14.7     93  12.90    215      6  305.3  344.1  307.7
  792.0   2141   13.0   11.1     88  10.59    266      9  305.9  337.9  307.8
  768.0   2400   13.0   10.6     85  10.53    305     11  308.6  340.8  310.5
  761.0   2478   13.0   10.4     84  10.51    308     11  309.4  341.7  311.3
  700.0   3178    9.2    7.1     87   9.12    340     12  312.6  341.1  314.4
  690.0   3296    8.6    6.5     87   8.88    345     13  313.2  341.1  314.9
  665.0   3598    6.9    5.0     88   8.29      0     11  314.7  340.9  316.2
  642.0   3886    5.3    3.6     88   7.76     30     14  316.1  340.8  317.6
  619.0   4184    3.7    2.1     89   7.23     20     18  317.5  340.7  318.9
  570.0   4859    0.0   -1.3     91   6.14     49     16  320.7  340.8  321.9
  500.0   5900   -6.1   -6.8     95   4.62     95     14  325.5  341.1  326.4
  494.0   5993   -6.6   -7.3     94   4.50    100     14  326.1  341.3  327.0
  440.0   6886  -11.0  -12.1     91   3.45    110     13  331.5  343.6  332.2
  423.0   7189  -12.5  -13.8     90   3.14    100     13  333.3  344.4  334.0
  401.0   7601  -14.5  -16.0     88   2.75    110     22  335.8  345.7  336.4
  400.0   7620  -14.5  -16.0     88   2.76    110     22  336.1  346.0  336.6
  375.0   8098  -17.8  -19.5     86   2.18    105     21  338.0  346.0  338.4
  346.0   8693  -21.8  -23.9     83   1.61    135     23  340.3  346.4  340.7
  327.0   9111  -24.7  -27.0     81   1.29    135     23  341.9  346.9  342.2
  306.0   9588  -28.2  -30.8     79   0.97    135     23  343.5  347.3  343.7
  300.0   9730  -29.3  -31.9     78   0.89    145     23  344.0  347.5  344.1
  281.0  10189  -33.1  -36.0     75   0.63    155     24  345.0  347.5  345.1
  250.0  11010  -39.9  -43.3     70   0.33    160     25  346.6  348.0  346.7
  249.0  11037  -39.9  -43.5     68   0.33    160     25  347.0  348.4  347.1
  200.0  12490  -52.9                         165     31  348.8         348.8
  197.0  12586  -53.7                         160     29  349.1         349.1
  175.0  13341  -60.1                         139     29  350.6         350.6
  162.0  13816  -64.0                         125     29  351.8         351.8
  150.0  14290  -67.9                         115     40  352.9         352.9
  114.0  15867  -79.0                         100     46  361.1         361.1
  100.0  16620  -84.3                          90     50  364.6         364.6
   94.3  16943  -86.5                          90     55  366.5         366.5
   92.0  17079  -86.6                          85     52  368.8         368.8
   90.3  17181  -86.7                          82     45  370.6         370.6
   84.1  17577  -79.5                          69     17  392.8         392.8
   82.0  17722  -78.7                          65      7  397.4         397.4
   78.6  17964  -77.3                         357     10  405.1         405.1
   78.0  18008  -77.5                         345     11  405.5         405.5
   74.4  18278  -78.9                         300     13  408.1         408.1
   74.0  18309  -78.2                         295     13  410.3         410.3
   72.7  18411  -75.7                         285     15  417.6         417.6
   70.0  18630  -76.1                         265     20  421.3         421.3
   66.0  18968  -77.3                         257     17  425.8         425.8
   63.0  19234  -77.0                         250     15  432.1         432.1
   61.9  19335  -76.9                         223     17  434.6         434.6
   60.8  19439  -73.5                         195     19  444.4         444.4
   60.0  19516  -73.5                         175     20  446.0         446.0
   54.0  20130  -73.7                         175     16  459.2         459.2
   53.7  20163  -73.7                         167     16  459.9         459.9
   52.0  20351  -73.2                         120     19  465.3         465.3
   50.3  20545  -72.7                         103     22  471.0         471.0
   50.0  20580  -72.7                         100     22  471.8         471.8
   49.3  20663  -70.1                         100     22  479.8         479.8
   49.0  20699  -69.8                         100     22  481.4         481.4
   47.0  20948  -67.7                         110     27  492.1         492.1
   46.6  20999  -67.3                         108     27  494.3         494.3
   44.0  21342  -69.1                          95     27  498.1         498.1
   43.7  21383  -69.3                          96     28  498.6         498.6
   40.0  21917  -66.3                         105     37  518.9         518.9
   36.0  22554  -62.7                         101     35  544.0         544.0
   31.0  23477  -60.6                          95     31  573.5         573.5
   30.0  23680  -60.1                          90     19  580.2         580.2
   29.0  23894  -59.2                          70     19  588.2         588.2
   27.0  24344  -57.4                          80     29  605.4         605.4
   26.0  24582  -56.5                          75     17  614.7         614.7
   25.2  24779  -55.7                          43     11  622.5         622.5
   25.0  24830  -55.8                          35      9  623.6         623.6
   23.0  25360  -56.9                         115     16  635.5         635.5
   22.9  25387  -56.9                         114     17  636.2         636.2
   20.0  26250  -54.3                          90     48  669.2         669.2
   16.7  27404  -53.3                          93     54  707.8         707.8
   14.0  28547  -48.5                          96     60  760.6         760.6
   11.7  29725  -48.1                          99     66  802.1         802.1
   11.0  30131  -47.3                         100     68  819.2         819.2
   10.0  30760  -46.1                         100     71  846.4         846.4
    9.2  31317  -43.7                          96     69  875.9         875.9
    9.0                                        95     68                     
