-----------------------------------------------------------------------------
   PRES   HGHT   TEMP   DWPT   RELH   MIXR   DRCT   SKNT   THTA   THTE   THTV
    hPa     m      C      C      %    g/kg    deg   knot     K      K      K 
-----------------------------------------------------------------------------
 1010.0     14   25.6   24.1     91  19.14      0      0  297.9  353.7  301.3
 1003.0     76   24.8   21.8     83  16.70     56      2  297.7  346.3  300.7
 1000.0    102   24.8   21.8     83  16.75     80      3  297.9  346.7  300.9
  978.0    299   25.1   19.8     73  15.13     45      4  300.1  344.7  302.9
  971.0    362   25.2   19.2     69  14.64     30      5  300.9  344.1  303.5
  945.0    601   23.4   19.4     78  15.21    335      7  301.4  346.4  304.1
  925.0    789   22.0   19.5     86  15.68    315     10  301.8  348.2  304.6
  882.0   1199   19.4   16.8     85  13.87    305     10  303.2  344.6  305.8
  869.0   1327   18.6   16.0     85  13.34    307      9  303.7  343.6  306.1
  852.0   1496   17.9   15.7     87  13.37    310      8  304.7  344.8  307.1
  850.0   1516   17.8   15.7     88  13.37    305      8  304.8  344.9  307.2
  822.0   1800   16.2   14.3     89  12.65    270     10  306.0  344.2  308.4
  766.0   2398   12.9   11.5     91  11.23    270     10  308.6  343.0  310.7
  746.0   2622   11.6   10.4     92  10.73    288      9  309.6  342.6  311.6
  739.0   2701   11.2    9.8     91  10.43    295      8  310.1  342.2  312.0
  713.0   3000    9.9    7.8     87   9.38    285      6  311.8  340.9  313.5
  700.0   3153    9.2    6.7     84   8.87    290      6  312.6  340.4  314.3
  689.0   3284    8.0    4.0     76   7.45    302      7  312.7  336.2  314.1
  667.0   3552    8.2    5.2     81   8.38    326      9  315.9  342.5  317.5
  663.0   3601    8.0    4.8     80   8.19    330      9  316.1  342.2  317.7
  640.0   3888    6.5    2.4     75   7.13      0     10  317.7  340.7  319.1
  617.0   4186    5.1   -0.2     69   6.16    345     12  319.4  339.5  320.6
  552.0   5091    0.7   -7.9     53   3.85    310     12  324.5  337.5  325.2
  543.0   5225    0.0   -9.0     51   3.58    299     12  325.2  337.5  325.9
  532.0   5388   -1.1   -9.1     55   3.64    285     13  325.9  338.3  326.6
  500.0   5880   -4.3   -9.3     68   3.80    285     14  327.7  340.8  328.5
  493.0   5991   -4.7  -10.2     65   3.59    280     12  328.6  341.0  329.3
  486.0   6104   -5.1  -11.1     63   3.39    324      9  329.4  341.2  330.1
  474.0   6299   -6.6  -12.0     65   3.23     40      3  330.0  341.2  330.6
  456.0   6601   -8.8  -13.5     69   2.98    195      3  330.8  341.3  331.4
  439.0   6897  -11.0  -14.9     73   2.76    120      2  331.6  341.4  332.2
  434.0   6986  -11.7  -15.3     75   2.70    126      4  331.9  341.4  332.4
  424.0   7165  -12.5  -18.5     61   2.11    138      7  333.1  340.7  333.5
  422.0   7201  -12.7  -18.6     61   2.10    140      8  333.3  340.9  333.7
  406.0   7496  -14.3  -19.5     64   2.01    130      8  334.9  342.2  335.3
  400.0   7610  -14.9  -19.9     66   1.98    105     10  335.5  342.8  335.9
  397.0   7667  -14.9  -19.2     70   2.12    101     11  336.3  344.0  336.7
  390.0   7798  -15.9  -20.0     71   2.01     90     12  336.7  344.1  337.1
  346.0   8681  -22.6  -25.5     77   1.40    140      9  339.3  344.6  339.6
  318.0   9304  -27.3  -29.3     83   1.07    110      8  341.1  345.2  341.3
  305.0   9602  -29.6  -31.8     81   0.88     80      9  341.9  345.4  342.1
  300.0   9720  -30.5  -32.8     80   0.81     75      9  342.3  345.5  342.4
  280.0  10201  -34.2  -37.1     75   0.57     75      7  343.7  346.0  343.9
  257.0  10799  -38.8  -42.6     68   0.35     40      9  345.4  346.9  345.5
  252.0  10936  -39.9  -43.8     66   0.31     33      9  345.8  347.1  345.9
  250.0  10990  -40.5                          30      9  345.7         345.7
  235.0  11401  -44.3                          20     15  346.1         346.1
  201.0  12438  -53.9                          30     19  346.8         346.8
  200.0  12470  -54.3                          30     19  346.6         346.6
  196.0  12596  -55.3                          35     18  347.0         347.0
  170.0  13481  -62.4                         100     32  349.6         349.6
  150.0  14260  -68.7                         110     41  351.6         351.6
  125.0  15323  -76.5                         115     62  356.1         356.1
  124.0  15370  -76.9                         115     62  356.3         356.3
  101.0  16524  -82.4                         105     50  367.2         367.2
  100.0  16580  -82.7                         105     50  367.7         367.7
   96.0  16807  -84.4                         110     49  368.7         368.7
   94.8  16877  -84.9                         105     46  369.0         369.0
   89.7  17188  -78.5                          71     35  387.7         387.7
   82.6  17662  -76.1                          20     18  401.8         401.8
   82.0  17704  -76.3                          15     16  402.2         402.2
   78.0  17991  -77.6                          65     13  405.3         405.3
   72.1  18442  -79.7                          83     15  410.1         410.1
   70.6  18561  -79.5                          88     16  413.0         413.0
   70.0  18610  -78.5                          90     16  416.1         416.1
   69.6  18643  -76.1                          77     15  421.9         421.9
   67.0  18864  -73.5                         350      6  432.2         432.2
   66.4  18916  -72.9                         338      7  434.6         434.6
   63.0  19223  -73.8                         265     11  439.3         439.3
   60.9  19420  -74.3                         268     12  442.4         442.4
   60.0  19507  -74.2                         270     12  444.4         444.4
   57.0  19805  -73.9                         210      9  451.7         451.7
   56.3  19878  -71.7                         180      8  458.3         458.3
   54.0  20123  -72.1                          80      4  462.9         462.9
   53.0  20233  -72.3                          68      6  464.9         464.9
   52.0  20346  -70.2                          55      9  472.2         472.2
   50.6  20508  -67.3                          79     12  482.8         482.8
   50.0  20580  -66.1                          90     14  487.3         487.3
   49.0  20702  -66.2                          95     17  489.8         489.8
   47.0  20954  -66.5                          50     22  495.0         495.0
   44.0  21353  -66.9                          55     28  503.4         503.4
   41.6  21692  -67.3                          76     27  510.6         510.6
   40.0  21930  -66.2                          90     26  519.1         519.1
   38.0  22242  -64.8                          85     19  530.4         530.4
   36.3  22521  -63.5                         121     16  540.7         540.7
   35.0  22744  -63.9                         150     13  545.2         545.2
   33.4  23030  -64.5                         148     19  551.1         551.1
   31.0  23487  -63.2                         145     28  566.4         566.4
   30.8  23527  -63.1                         140     29  567.8         567.8
   30.0  23690  -60.3                         120     34  579.7         579.7
   29.3  23838  -58.5                         114     34  588.5         588.5
   25.2  24788  -57.7                          77     33  616.7         616.7
   25.0  24838  -57.9                          75     33  617.5         617.5
   22.5  25498  -60.7                          80     33  628.1         628.1
   20.8  25986  -61.3                          83     34  640.6         640.6
   20.1  26199  -60.9                          85     34  648.1         648.1
   20.0  26230  -61.1                          85     34  648.4         648.4
   19.2  26487  -55.7                          89     57  672.7         672.7
   19.0  26554  -55.5                          90     63  675.4         675.4
   15.0  28083  -51.1                          80     63  737.2         737.2
   13.2  28910  -48.7                          89     65  772.9         772.9
   11.2  29992  -47.7                         100     67  813.7         813.7
   11.0  30111  -47.6                         100     67  818.3         818.3
   10.9  30171  -47.5                                     820.7         820.7
