-----------------------------------------------------------------------------
   PRES   HGHT   TEMP   DWPT   RELH   MIXR   DRCT   SKNT   THTA   THTE   THTV
    hPa     m      C      C      %    g/kg    deg   knot     K      K      K 
-----------------------------------------------------------------------------
 1012.0     14   25.6   23.4     88  18.28      0      0  297.7  351.0  301.0
 1000.0    118   24.0   21.5     86  16.44    130      6  297.1  344.9  300.1
  998.0    136   24.0   21.5     86  16.47    131      6  297.3  345.2  300.2
  980.0    296   23.3   21.0     87  16.23    140      2  298.2  345.5  301.1
  946.0    606   22.0   19.9     88  15.77    260     10  299.9  346.2  302.7
  925.0    803   21.2   19.3     89  15.48    260     12  301.0  346.7  303.8
  912.0    925   21.0   18.1     84  14.55    259     12  302.0  345.1  304.6
  850.0   1529   16.8   15.6     93  13.29    255     10  303.7  343.4  306.1
  849.0   1539   16.8   15.4     91  13.13    255     10  303.8  343.1  306.2
  795.0   2099   14.9   13.2     89  12.12    255      9  307.6  344.4  309.8
  770.0   2371   14.0   12.1     88  11.65    237      9  309.4  345.1  311.6
  714.0   3006   10.8    8.5     86   9.87    195     10  312.7  343.5  314.5
  700.0   3172   10.0    7.6     85   9.44    185     10  313.5  343.1  315.3
  689.0   3303    9.2    6.2     82   8.72    175     10  314.1  341.5  315.7
  664.0   3607    7.3    3.0     74   7.22    140     11  315.3  338.2  316.6
  660.0   3657    7.0    2.5     73   6.99    139     11  315.5  337.8  316.8
  595.0   4496    1.6   -0.2     88   6.38    120     10  318.7  339.4  319.9
  577.0   4745    0.0   -1.0     93   6.20    153      6  319.6  339.8  320.8
  573.0   4800   -0.1   -1.3     92   6.12    160      5  320.1  340.1  321.3
  552.0   5098   -0.8   -2.8     86   5.68      0      1  322.8  341.6  323.9
  541.0   5258   -1.1   -3.6     83   5.45     57      2  324.2  342.4  325.3
  531.0   5405   -2.0   -5.1     79   4.95    110      2  324.9  341.6  325.9
  512.0   5693   -3.7   -8.1     72   4.09     10      2  326.3  340.2  327.1
  503.0   5833   -4.5   -9.5     68   3.72    351      4  326.9  339.7  327.7
  500.0   5880   -4.7  -10.7     63   3.40    345      4  327.2  339.0  327.9
  492.0   6007   -5.6   -9.5     74   3.81      0      5  327.7  340.8  328.4
  489.0   6055   -5.9   -9.0     79   3.98    359      5  327.9  341.5  328.6
  474.0   6298   -7.1   -9.9     80   3.83    355      7  329.3  342.5  330.1
  436.0   6949  -10.3  -12.3     85   3.43    348      9  333.2  345.3  333.9
  431.0   7038  -10.9  -12.6     87   3.39    347      9  333.5  345.5  334.2
  427.0   7110  -11.3  -13.0     87   3.31    346     10  333.9  345.6  334.6
  424.0   7164  -11.3  -13.8     82   3.12    345     10  334.6  345.7  335.2
  422.0   7200  -11.6  -15.5     72   2.72    345     10  334.7  344.5  335.3
  421.0   7219  -11.7  -16.4     68   2.54    344     10  334.8  343.9  335.3
  420.0   7237  -11.5  -20.5     47   1.79    342     10  335.2  341.8  335.6
  400.0   7610  -14.1  -20.1     60   1.95    315      6  336.6  343.7  337.0
  399.0   7629  -14.3  -20.3     60   1.92    314      6  336.6  343.6  336.9
  396.0   7686  -14.5  -19.4     66   2.09    309      5  337.0  344.7  337.4
  390.0   7801  -15.0  -19.9     66   2.03    300      4  337.8  345.3  338.2
  375.0   8096  -16.3  -21.3     65   1.87    305      4  339.9  346.9  340.3
  360.0   8395  -18.5  -23.3     66   1.64    325      6  340.9  347.1  341.3
  306.0   9585  -27.4  -31.2     70   0.93    320      7  344.7  348.3  344.9
  300.0   9730  -28.5  -32.2     70   0.86    300      7  345.1  348.5  345.3
  281.0  10189  -32.2  -36.1     68   0.62    270      6  346.4  348.9  346.5
  258.0  10789  -36.9  -41.3     64   0.40    265      4  347.9  349.5  347.9
  250.0  11010  -38.7  -43.2     62   0.34    305      6  348.4  349.8  348.5
  247.0  11093  -39.3  -44.0     61   0.31    305      7  348.7  350.0  348.8
  244.0  11176  -39.9  -44.8     59   0.29    304      7  349.0  350.3  349.1
  206.0  12303  -50.0                         285      9  350.5         350.5
  200.0  12500  -51.7                         270      7  350.7         350.7
  188.0  12890  -55.2                         265      4  351.3         351.3
  179.0  13199  -58.0                         285      4  351.7         351.7
  171.0  13487  -60.6                          10      8  352.0         352.0
  163.0  13789  -63.3                          45     15  352.3         352.3
  158.0  13985  -65.1                          47     17  352.5         352.5
  150.0  14300  -68.1                          50     19  352.6         352.6
  148.0  14379  -68.7                          60     21  352.9         352.9
  129.0  15192  -74.9                          91     39  355.9         355.9
  127.0  15282  -75.4                          95     41  356.7         356.7
  114.0  15904  -78.5                          75     36  362.0         362.0
  103.0  16482  -79.4                          45      6  370.9         370.9
  100.0  16650  -79.7                          20      5  373.5         373.5
   97.0  16822  -79.3                         355      2  377.4         377.4
   93.4  17037  -78.9                         262      4  382.4         382.4
   92.0  17121  -79.4                         225      5  383.1         383.1
   88.0  17371  -80.9                         190      2  384.9         384.9
   83.0  17699  -82.9                          45      6  387.3         387.3
   82.6  17726  -83.1                          33      6  387.5         387.5
   79.0  17977  -81.5                         280     11  395.9         395.9
   75.0  18270  -79.5                         250      9  405.8         405.8
   71.0  18579  -77.5                         275      4  416.6         416.6
   70.6  18611  -77.3                         291      4  417.7         417.7
   70.0  18660  -76.7                         315      3  420.0         420.0
   68.1  18820  -73.5                         359      9  430.2         430.2
   67.0  18914  -73.9                          25     12  431.4         431.4
   64.0  19180  -74.9                           5     11  434.7         434.7
   61.4  19421  -75.9                                     437.8         437.8
