-----------------------------------------------------------------------------
   PRES   HGHT   TEMP   DWPT   RELH   MIXR   DRCT   SKNT   THTA   THTE   THTV
    hPa     m      C      C      %    g/kg    deg   knot     K      K      K 
-----------------------------------------------------------------------------
 1009.0     14   28.8   25.9     84  21.40      0      0  301.2  364.6  305.0
 1000.0     94   28.6   24.8     80  20.19      5      2  301.8  361.6  305.4
  977.0    299   27.1   23.4     81  18.99    310      4  302.2  358.6  305.6
  925.0    780   23.4   20.2     82  16.40    320      9  303.2  352.1  306.2
  896.0   1057   21.2   18.6     85  15.29    327      9  303.7  349.4  306.5
  881.0   1203   20.4   17.4     82  14.36    330      9  304.4  347.4  307.0
  850.0   1512   18.8   14.7     77  12.52    320     13  305.8  343.6  308.1
  829.0   1727   17.6   11.6     68  10.45    316     13  306.8  338.6  308.7
  794.0   2095   15.6   11.8     78  11.07    310     12  308.4  342.3  310.5
  766.0   2401   13.9   12.0     88  11.61    285      8  309.8  345.4  311.9
  761.0   2457   13.6   12.0     90  11.71    290      7  310.0  346.0  312.2
  739.0   2704   12.6   10.2     85  10.69    310      5  311.6  344.7  313.6
  700.0   3161   10.8    6.9     77   8.99    305      6  314.4  342.8  316.1
  689.0   3293   10.2    5.6     73   8.32    290      6  315.2  341.6  316.8
  656.0   3702    8.4    1.4     61   6.50    249      5  317.6  338.6  318.8
  641.0   3893    6.9    3.0     76   7.45    230      5  318.0  341.9  319.4
  636.0   3957    6.4    3.5     82   7.80    234      5  318.1  343.2  319.6
  574.0   4792    2.2   -0.3     83   6.55    285     11  322.7  344.3  324.0
  543.0   5243    0.0   -2.4     84   5.94    281     11  325.2  345.0  326.4
  532.0   5407   -1.2   -3.2     86   5.70    280     11  325.6  344.7  326.8
  516.0   5651   -3.1   -4.5     90   5.34    297     11  326.2  344.2  327.3
  513.0   5697   -3.4   -4.7     91   5.31    300     11  326.4  344.3  327.5
  508.0   5774   -3.9   -4.9     93   5.26    298     13  326.7  344.5  327.8
  500.0   5900   -4.1   -6.4     84   4.77    295     16  328.0  344.2  328.9
  498.0   5932   -4.1   -8.7     70   4.00    294     16  328.4  342.1  329.1
  488.0   6091   -4.7   -9.7     68   3.77    291     17  329.5  342.6  330.3
  471.0   6369   -6.5   -9.4     80   4.01    286     18  330.6  344.5  331.4
  469.0   6402   -6.7   -9.2     82   4.09    285     19  330.8  344.9  331.6
  461.0   6537   -7.7  -10.3     82   3.81    282     19  331.2  344.4  331.9
  456.0   6621   -7.9  -13.9     62   2.88    281     20  332.0  342.2  332.6
  450.0   6724   -8.5  -16.5     52   2.35    279     20  332.5  340.9  332.9
  444.0   6828   -9.1  -14.1     67   2.91    276     21  333.0  343.3  333.6
  440.0   6898   -9.4  -14.4     67   2.86    275     21  333.4  343.6  334.0
  422.0   7219  -10.9  -15.9     67   2.64    284     15  335.6  345.1  336.1
  412.0   7404  -10.5  -20.5     44   1.83    289     12  338.4  345.2  338.8
  400.0   7630  -12.3  -21.3     47   1.76    295      8  338.9  345.5  339.3
  391.0   7802  -13.9  -21.8     51   1.71    305      8  339.0  345.4  339.3
  376.0   8097  -16.8  -22.8     60   1.64    335      9  339.1  345.2  339.4
  361.0   8404  -19.7  -23.7     70   1.57     15      9  339.1  345.0  339.4
  360.0   8425  -19.9  -23.8     71   1.56     17      9  339.1  345.0  339.4
  347.0   8696  -21.5  -25.2     72   1.43     40     13  340.5  345.9  340.8
  320.0   9291  -25.0  -28.2     74   1.17    150      8  343.6  348.2  343.9
  312.0   9476  -26.1  -29.2     75   1.10    172      8  344.6  348.9  344.8
  300.0   9760  -27.7  -32.5     64   0.84    205      7  346.2  349.6  346.4
  283.0  10176  -31.5  -36.0     64   0.63    238      9  346.6  349.1  346.7
  282.0  10201  -31.6  -36.6     61   0.59    240      9  346.8  349.2  346.9
  278.0  10302  -32.1  -39.1     50   0.47    237      9  347.5  349.4  347.6
  250.0  11040  -38.7  -42.3     69   0.37    215     12  348.4  349.9  348.5
  248.0  11095  -39.2  -42.7     69   0.36    215     11  348.5  350.0  348.6
  245.0  11178  -39.9  -43.4     69   0.34    215     10  348.6  350.0  348.7
  237.0  11399  -41.6                         215      7  349.3         349.3
  227.0  11686  -43.9                         185     11  350.2         350.2
  217.0  11987  -46.2                         180     14  351.1         351.1
  207.0  12301  -48.7                         140     18  352.0         352.0
  200.0  12530  -50.5                         130     21  352.6         352.6
  164.0  13779  -60.3                         105     26  356.8         356.8
  150.0  14340  -64.7                         145     13  358.4         358.4
  149.0  14379  -65.0                         145     13  358.6         358.6
  134.0  14994  -69.8                         210     24  361.1         361.1
  115.0  15880  -76.8                         240     32  364.3         364.3
  109.0  16191  -79.2                         230     25  365.4         365.4
  100.0  16690  -83.1                         180     26  366.9         366.9
   98.0  16802  -83.9                         175     28  367.6         367.6
   91.8  17166  -86.3                         165     27  369.7         369.7
   88.0  17401  -85.6                         145     28  375.6         375.6
   83.0  17727  -84.6                         110     20  384.0         384.0
   79.0  18002  -83.7                         110      3  391.2         391.2
   75.0  18292  -82.8                         270      7  398.9         398.9
   73.6  18397  -82.5                         318      8  401.8         401.8
   71.0  18600  -81.3                          50      9  408.4         408.4
   70.0  18680  -80.9                          60     11  411.0         411.0
   67.0  18928  -79.3                          65     11  419.7         419.7
   65.6  19048  -78.5                          53     11  423.9         423.9
   64.0  19189  -75.3                          40     10  433.9         433.9
   63.9  19198  -75.1                          41     10  434.6         434.6
   61.0  19470  -73.9                          80     10  443.1         443.1
   58.0  19764  -72.6                          90     19  452.4         452.4
   56.5  19918  -71.9                          84     17  457.4         457.4
   53.8  20209  -67.5                          73     13  474.0         474.0
   52.0  20414  -67.5                          65     11  478.6         478.6
   50.0  20650  -67.5                          60     10  484.0         484.0
   43.0  21557  -67.4                         105     28  505.7         505.7
   40.2  21962  -67.3                         101     32  515.6         515.6
   35.0  22805  -62.9                          93     41  547.9         547.9
   33.0  23174  -57.6                          90     45  571.3         571.3
   31.9  23386  -54.5                          69     41  585.1         585.1
   30.0  23780  -53.1                          30     34  599.3         599.3
   29.8  23823  -52.9                          25     33  601.0         601.0
   29.0  23997  -53.3                           5     29  604.6         604.6
   28.0  24222  -53.7                         340     27  609.4         609.4
   25.0  24947  -55.3                         295     10  625.1         625.1
   24.0  25208  -55.8                         200      8  630.9         630.9
   23.5  25343  -56.1                         163     11  633.8         633.8
   23.0  25480  -55.9                         125     15  638.2         638.2
   21.0  26059  -55.3                         100     26  657.0         657.0
   20.0  26370  -54.9                         100     30  667.4         667.4
   19.3  26598  -54.7                          99     35  674.8         674.8
   18.0  27047  -50.9                          97     45  700.4         700.4
   17.0  27420  -50.7                          95     53  712.5         712.5
   15.9  27855  -50.5                          96     54  727.0         727.0
   14.0  28695  -45.1                          97     57  772.2         772.2
   11.0  30297  -46.8                         100     61  821.0         821.0
   10.6  30544  -47.1                                     828.7         828.7
