-----------------------------------------------------------------------------
   PRES   HGHT   TEMP   DWPT   RELH   MIXR   DRCT   SKNT   THTA   THTE   THTV
    hPa     m      C      C      %    g/kg    deg   knot     K      K      K 
-----------------------------------------------------------------------------
 1010.0     14   29.4   25.7     81  21.12      0      0  301.7  364.4  305.5
 1000.0     96   28.4   23.7     76  18.86    275      4  301.6  357.4  304.9
  977.0    302   26.7   22.2     76  17.58    265      8  301.9  354.0  305.0
  949.0    560   24.6   20.3     77  16.07    274      6  302.2  349.9  305.1
  945.0    598   24.9   18.4     67  14.25    275      6  302.9  345.4  305.5
  939.0    654   25.4   15.4     54  11.85    268      5  304.0  339.5  306.1
  925.0    786   24.6   14.6     54  11.42    250      3  304.5  338.8  306.6
  913.0    900   23.7   14.3     56  11.38    225      2  304.7  339.0  306.8
  850.0   1521   19.0   13.0     68  11.19    275      6  306.0  339.9  308.1
  846.0   1562   18.8   12.8     68  11.10    277      6  306.2  339.9  308.3
  828.0   1746   18.0    9.0     56   8.77    287      7  307.3  334.2  308.9
  823.0   1798   17.6    9.2     58   8.93    290      7  307.4  334.8  309.0
  785.0   2201   14.4   10.5     77  10.26    283      6  308.1  339.5  310.0
  724.0   2884   12.6    6.6     67   8.51    270      5  313.4  340.1  315.0
  700.0   3167   10.4    5.7     73   8.27    265      5  314.0  340.1  315.5
  689.0   3298    9.7    5.0     72   7.99    255      4  314.6  339.9  316.1
  651.0   3769    7.2    2.4     72   7.04    263      6  316.9  339.5  318.3
  640.0   3909    6.7   -0.3     61   5.89    265      6  317.9  337.0  319.0
  625.0   4104    6.0   -4.0     49   4.57    282      3  319.3  334.4  320.1
  618.0   4196    5.4   -3.3     53   4.87    290      2  319.6  335.7  320.6
  597.0   4479    3.6   -1.2     71   5.91    276      3  320.7  340.1  321.8
  573.0   4811    1.9   -6.3     55   4.19    260      5  322.4  336.5  323.2
  567.0   4896    1.4   -7.6     51   3.83    263      6  322.9  335.8  323.6
  553.0   5097    0.4   -6.4     60   4.30    270      8  324.0  338.4  324.8
  548.0   5170    0.0   -6.0     64   4.48    266      8  324.4  339.5  325.2
  532.0   5406   -1.3   -7.3     64   4.19    255     10  325.6  339.8  326.4
  513.0   5696   -2.8   -8.8     63   3.85    280     11  327.1  340.3  327.9
  505.0   5821   -3.5   -9.5     63   3.70    274     12  327.8  340.5  328.5
  500.0   5900   -3.9  -10.9     58   3.35    270     13  328.2  339.8  328.9
  470.0   6390   -5.1  -18.1     35   1.97    256     13  332.6  339.7  333.0
  458.0   6591   -6.6  -18.2     39   2.00    250     13  333.1  340.4  333.6
  440.0   6903   -9.0  -18.4     46   2.05    265      5  334.0  341.4  334.4
  423.0   7209  -11.3  -18.6     55   2.10     10      8  334.8  342.5  335.3
  413.0   7395  -12.7  -18.7     61   2.13      7      8  335.3  343.1  335.8
  407.0   7507  -13.2  -20.2     56   1.90      5      8  336.0  343.0  336.4
  400.0   7640  -13.9  -21.9     51   1.67    350      5  336.8  343.0  337.2
  392.0   7792  -15.0  -23.6     48   1.46    330      4  337.4  342.9  337.7
  376.0   8105  -17.2  -27.1     42   1.11    270     10  338.5  342.7  338.7
  374.0   8145  -17.5  -27.5     41   1.08    270     10  338.6  342.7  338.8
  333.0   8990  -23.8  -31.2     51   0.85    260      8  341.4  344.7  341.5
  320.0   9280  -26.0  -32.5     55   0.79    220      4  342.3  345.4  342.4
  307.0   9582  -28.2  -33.8     59   0.72    160      6  343.2  346.1  343.3
  300.0   9750  -29.5  -34.5     62   0.69    135     10  343.7  346.4  343.8
  294.0   9893  -30.6  -35.7     61   0.62    125     10  344.1  346.6  344.2
  259.0  10790  -37.7  -43.5     54   0.31     85      9  346.3  347.6  346.4
  250.0  11040  -39.7  -45.7     53   0.26     70      9  346.9  348.0  347.0
  248.0  11095  -39.9  -45.9     53   0.25     70      9  347.4  348.5  347.5
  200.0  12520  -52.3                          80     25  349.8         349.8
  180.0  13176  -58.0                          75     28  351.1         351.1
  150.0  14310  -67.9                          75     40  352.9         352.9
  134.0  14967  -72.5                          90     48  356.2         356.2
  116.0  15808  -78.5                          90     56  360.2         360.2
  114.0  15907  -78.5                          85     54  362.0         362.0
  111.0  16060  -75.3                          80     43  370.8         370.8
  103.0  16490  -76.0                          65     12  377.4         377.4
  100.0  16660  -76.3                          75      5  380.1         380.1
   98.0  16774  -76.9                          80      4  381.1         381.1
   93.0  17069  -78.4                         145      5  383.8         383.8
   83.0  17711  -81.8                         130     11  389.8         389.8
   79.0  17990  -83.2                         155      7  392.3         392.3
   77.1  18127  -83.9                         130      6  393.6         393.6
   75.0  18282  -82.1                          50      9  400.5         400.5
   71.0  18590  -78.4                          20     19  414.6         414.6
   70.0  18670  -77.5                          25     23  418.3         418.3
   69.2  18736  -76.7                          25     22  421.4         421.4
   67.0  18925  -72.2                          25     21  435.0         435.0
   65.8  19031  -69.7                          35     15  442.7         442.7
   64.0  19198  -68.6                          50      6  448.6         448.6
   61.9  19398  -67.3                         151      4  455.8         455.8
   61.0  19486  -67.5                         195      3  457.2         457.2
   58.0  19789  -68.4                         155      9  461.9         461.9
   57.0  19894  -68.7                         134      9  463.5         463.5
   52.3  20415  -64.3                          27      7  485.3         485.3
   52.0  20450  -64.3                          20      7  486.1         486.1
   50.0  20690  -64.3                          20      6  491.5         491.5
   48.0  20937  -65.0                          25      5  495.6         495.6
   45.0  21328  -66.2                          95      8  502.0         502.0
   41.0  21891  -67.9                         105     16  511.4         511.4
   40.0  22041  -68.3                          92     15  513.9         513.9
   38.4  22288  -64.5                          70     14  529.5         529.5
   35.0  22849  -66.2                          20     10  539.2         539.2
   34.0  23024  -66.8                         345      7  542.2         542.2
   32.0  23391  -67.9                         345      3  548.6         548.6
   31.4  23505  -68.3                          10      5  550.7         550.7
   30.0  23780  -66.5                          25      9  562.8         562.8
   29.0  23987  -63.5                          15      3  576.5         576.5
   28.0  24203  -63.3                         145      5  582.9         582.9
   25.5  24778  -62.7                         137     22  600.4         600.4
   25.0  24900  -62.5                         135     25  604.5         604.5
   24.3  25076  -62.1                         115     34  610.4         610.4
   23.3  25339  -56.1                          84     47  635.4         635.4
   23.0  25422  -55.2                          75     51  640.4         640.4
   22.5  25563  -53.7                          74     50  648.8         648.8
   21.0  26006  -53.7                          70     47  661.8         661.8
   20.0  26320  -53.7                          80     50  671.0         671.0
   19.1  26616  -53.9                          82     54  679.3         679.3
   16.3  27649  -46.9                          89     67  733.5         733.5
   16.0  27773  -46.7                          90     68  738.2         738.2
   14.0  28662  -45.0                          90     72  772.6         772.6
   13.7  28806  -44.7                          90     72  778.4         778.4
   13.5  28904  -44.5                                     782.3         782.3
