-----------------------------------------------------------------------------
   PRES   HGHT   TEMP   DWPT   RELH   MIXR   DRCT   SKNT   THTA   THTE   THTV
    hPa     m      C      C      %    g/kg    deg   knot     K      K      K 
-----------------------------------------------------------------------------
 1007.0     14   28.8   25.9     84  21.45      0      0  301.4  364.9  305.2
 1000.0     73   28.6   24.2     77  19.45    335      3  301.8  359.4  305.2
  975.0    296   26.8   22.9     79  18.45     10      5  302.1  356.9  305.4
  942.0    600   24.3   21.2     83  17.16    340      7  302.6  353.6  305.7
  925.0    761   23.0   20.3     85  16.50    335      8  302.8  351.9  305.8
  916.0    846   22.4   20.1     87  16.46    332      9  303.1  352.1  306.0
  890.0   1098   22.0   18.3     80  15.11    324     12  305.1  350.5  307.9
  850.0   1496   18.8   15.3     80  13.03    310     17  305.8  345.1  308.2
  849.0   1506   18.8   15.4     81  13.13    310     17  305.9  345.6  308.3
  785.0   2176   15.2   12.0     81  11.35    295     17  309.0  343.8  311.1
  765.0   2395   15.0   10.6     75  10.60    290     17  311.1  343.9  313.1
  740.0   2677   14.8    8.8     67   9.70    296     14  313.8  344.2  315.6
  700.0   3146   13.4    6.4     63   8.69    305     10  317.3  345.0  318.9
  697.0   3182   13.2    5.2     58   8.02    306     10  317.5  343.1  319.0
  687.0   3303   12.4    3.8     56   7.38    310     11  317.9  341.7  319.3
  664.0   3588   10.6    0.6     50   6.06    300     10  319.0  338.7  320.1
  617.0   4187    6.2   -0.9     60   5.85    280      7  320.7  339.9  321.8
  594.0   4497    4.0   -1.7     67   5.74    305      9  321.6  340.5  322.7
  556.0   5037    0.0   -3.0     80   5.55    291     12  323.0  341.4  324.1
  552.0   5094   -0.3   -3.3     80   5.46    290     12  323.4  341.5  324.4
  531.0   5402   -1.7   -5.0     78   5.00    300      9  325.3  342.1  326.3
  512.0   5692   -3.0   -6.6     77   4.59    340      4  327.1  342.7  328.0
  500.0   5880   -3.9   -7.6     75   4.34      0      5  328.2  343.1  329.1
  499.0   5896   -3.9   -7.0     79   4.56    359      5  328.4  344.0  329.3
  492.0   6008   -4.3   -8.9     71   4.00    355      5  329.2  343.0  330.0
  480.0   6203   -5.1  -12.1     58   3.17      2      5  330.6  341.7  331.2
  475.0   6286   -5.5  -14.5     49   2.63      4      5  331.1  340.4  331.6
  474.0   6302   -5.6  -14.1     51   2.72      5      5  331.1  340.8  331.7
  467.0   6419   -6.5  -11.5     68   3.42      6      5  331.4  343.4  332.1
  461.0   6521   -7.1  -13.1     62   3.04      7      5  331.9  342.7  332.5
  449.0   6727   -8.1  -17.1     48   2.24      9      6  333.2  341.3  333.6
  439.0   6902   -9.1  -15.9     58   2.54     10      6  334.0  343.2  334.6
  426.0   7135  -10.5  -14.2     74   3.01    355      6  335.2  345.9  335.8
  422.0   7208  -10.7  -16.1     64   2.60    350      6  335.9  345.3  336.4
  416.0   7319  -10.9  -18.9     52   2.08    357      6  336.9  344.6  337.4
  406.0   7506  -12.1  -19.5     54   2.02     10      5  337.7  345.1  338.1
  400.0   7620  -12.9  -19.9     56   1.98     15      6  338.1  345.4  338.5
  388.0   7850  -14.3  -24.3     42   1.39     20      6  339.2  344.5  339.5
  378.0   8047  -15.3  -26.3     38   1.19     24      5  340.5  345.0  340.7
  375.0   8106  -15.8  -25.0     45   1.35     25      5  340.6  345.7  340.8
  370.0   8207  -16.7  -22.7     60   1.68     10      4  340.7  347.0  341.1
  360.0   8410  -18.2  -25.2     54   1.38    340      3  341.4  346.7  341.7
  351.0   8598  -19.5  -27.5     49   1.15    337      2  342.1  346.5  342.3
  348.0   8662  -19.9  -28.9     45   1.02    336      1  342.4  346.3  342.6
  346.0   8704  -20.3  -27.3     54   1.18    335      1  342.4  347.0  342.7
  345.0   8725  -20.5  -26.5     59   1.28    347      1  342.4  347.3  342.7
  335.0   8941  -22.1  -25.9     71   1.39    112      1  343.1  348.5  343.4
  332.0   9007  -22.4  -28.4     58   1.12    150      1  343.7  348.0  343.9
  328.0   9095  -22.7  -31.7     44   0.83    141      2  344.4  347.7  344.6
  319.0   9298  -23.7  -36.7     29   0.52    120      4  345.8  347.9  345.9
  306.0   9598  -26.3  -33.3     52   0.76    125      6  346.2  349.3  346.4
  300.0   9740  -27.1  -39.1     31   0.43    115      8  347.1  348.9  347.2
  294.0   9886  -28.1  -43.1     22   0.29    100     10  347.6  348.8  347.7
  292.0   9935  -28.5  -44.5     20   0.25     99     10  347.8  348.8  347.8
  258.0  10811  -35.9  -49.0     25   0.17     85     19  349.4  350.2  349.5
  257.0  10838  -36.1  -49.1     25   0.17     85     20  349.5  350.2  349.5
  251.0  11002  -37.3  -45.3     43   0.27     85     23  350.1  351.2  350.1
  250.0  11030  -37.5  -44.5     48   0.29     85     24  350.2  351.4  350.2
  239.0  11339  -40.1  -47.1     47   0.23     91     25  350.8  351.8  350.8
  200.0  12530  -49.5                         115     30  354.2         354.2
  198.0  12594  -50.1                         115     30  354.4         354.4
  172.0  13487  -58.0                         115     36  355.9         355.9
  153.0  14229  -64.5                         124     45  356.8         356.8
  150.0  14350  -65.3                         125     46  357.4         357.4
  149.0  14389  -65.5                         125     46  357.6         357.6
  110.0  16163  -76.9                         100     22  368.7         368.7
  104.0  16491  -79.0                          80     24  370.6         370.6
  100.0  16720  -80.5                          80     22  371.9         371.9
   84.0  17673  -87.8                         105     23  376.1         376.1
   75.2  18278  -92.5                          90     29  378.4         378.4
   75.0  18292  -91.7                          85     29  380.4         380.4
   74.4  18335  -89.1                          87     27  386.7         386.7
   72.4  18482  -87.5                          95     22  393.1         393.1
   71.2  18574  -82.7                         100     19  405.2         405.2
   70.0  18670  -79.7                         105     16  413.6         413.6
   69.3  18727  -77.7                         105     14  419.0         419.0
   67.0  18921  -77.1                         105      8  424.4         424.4
   64.0  19185  -76.3                         195      4  431.7         431.7
   61.0  19461  -75.5                         205     14  439.5         439.5
   59.7  19585  -75.1                         177     17  443.1         443.1
   58.5  19704  -71.9                         151     21  452.9         452.9
   58.0  19755  -71.4                         140     22  455.2         455.2
   55.3  20038  -68.5                         116     18  468.0         468.0
   52.0  20406  -68.9                          85     12  475.4         475.4
   50.0  20640  -69.1                          75     12  480.2         480.2
   47.7  20921  -69.5                          67     15  485.8         485.8
   47.0  21009  -68.4                          65     16  490.5         490.5
   45.2  21244  -65.5                          68     20  503.0         503.0
   39.0  22140  -65.1                          80     33  525.6         525.6
   38.6  22203  -65.1                          77     32  527.2         527.2
   33.0  23167  -60.5                          35     11  563.5         563.5
   32.5  23261  -60.1                          20      6  567.1         567.1
   32.0  23358  -60.0                           5      1  569.9         569.9
   30.0  23760  -59.5                         130     13  581.9         581.9
   28.0  24191  -59.8                         105     24  592.6         592.6
   27.2  24372  -59.9                         102     23  597.2         597.2
   26.2  24606  -60.1                          99     21  603.1         603.1
   24.9  24925  -57.9                          94     19  618.3         618.3
   24.4  25053  -54.1                          92     19  632.8         632.8
   24.0  25159  -54.3                          90     18  635.1         635.1
   21.0  26009  -56.2                         120     23  654.2         654.2
   20.0  26320  -56.9                         115     28  661.3         661.3
   18.9  26676  -56.7                         108     39  672.7         672.7
   17.0  27358  -49.5                          95     60  716.4         716.4
   16.6  27511  -47.9                          95     60  726.5         726.5
   13.7  28786  -42.1                          91     63  787.2         787.2
   10.0  30910  -40.9                          85     68  865.7         865.7
    9.5  31259  -40.7                                     879.3         879.3

