-----------------------------------------------------------------------------
   PRES   HGHT   TEMP   DWPT   RELH   MIXR   DRCT   SKNT   THTA   THTE   THTV
    hPa     m      C      C      %    g/kg    deg   knot     K      K      K 
-----------------------------------------------------------------------------
 1011.0     14   23.8   22.5     92  17.30      0      0  296.0  346.0  299.1
 1000.0    104   25.0   24.7     98  20.06     80      4  298.1  356.7  301.7
  997.0    131   25.0   24.7     98  20.12     69      4  298.4  357.2  302.0
  978.0    299   24.0   23.7     98  19.29    355      5  299.0  355.5  302.5
  925.0    788   21.0   20.8     99  17.03    295     12  300.8  351.0  303.8
  913.0    902   20.4   20.3     99  16.68    290     12  301.3  350.6  304.3
  850.0   1526   17.4   17.3     99  14.84    290     11  304.4  348.8  307.1
  822.0   1812   15.4   15.3     99  13.48    290     11  305.2  345.7  307.6
  794.0   2104   14.2   14.1     99  12.88    290     10  306.9  345.9  309.2
  714.0   2999   10.3   10.3    100  11.14    265     11  312.1  346.7  314.2
  700.0   3166    9.6    9.6    100  10.84    270     12  313.1  346.9  315.1
  691.0   3274    9.4    9.4    100  10.83    271     12  314.0  347.9  316.1
  595.0   4498    1.9    1.9    100   7.43    280     12  319.0  343.0  320.4
  573.0   4806    0.0    0.0    100   6.72    260     11  320.3  342.1  321.6
  512.0   5701   -4.5   -4.5    100   5.37    285      7  325.2  343.2  326.3
  500.0   5890   -5.5   -5.5    100   5.11    280      5  326.3  343.5  327.3
  493.0   6000   -6.0   -6.2     99   4.92    275      4  326.9  343.6  327.9
  474.0   6307   -7.5   -8.0     96   4.43    205      4  328.8  343.9  329.7
  456.0   6610   -9.0   -9.9     93   3.98    235      3  330.6  344.4  331.4
  439.0   6906  -10.4  -11.7     90   3.58    315      3  332.4  345.0  333.1
  438.0   6924  -10.5  -11.8     90   3.56    317      3  332.5  345.0  333.2
  422.0   7209  -12.3  -13.5     91   3.21    355      4  333.8  345.1  334.4
  406.0   7506  -14.2  -15.3     91   2.88    265      2  335.0  345.4  335.6
  400.0   7620  -14.9  -16.0     91   2.76    280      2  335.5  345.4  336.1
  390.0   7808  -16.2  -17.4     91   2.53    295      2  336.3  345.4  336.8
  375.0   8098  -18.2  -19.5     90   2.20    260      2  337.4  345.5  337.9
  346.0   8694  -22.3  -23.8     88   1.63    255      5  339.7  345.9  340.1
  332.0   9000  -24.4  -26.0     87   1.39    175      3  340.9  346.2  341.2
  330.0   9045  -24.7  -26.3     87   1.36    169      3  341.0  346.2  341.3
  318.0   9311  -26.6  -28.2     86   1.19    135      6  342.1  346.7  342.3
  305.0   9611  -28.7  -30.3     86   1.02    165     12  343.2  347.2  343.4
  300.0   9730  -29.5  -31.1     86   0.96    170     13  343.7  347.4  343.9
  251.0  10973  -39.7  -42.0     79   0.38    170     16  346.5  348.1  346.6
  250.0  11000  -40.1                         170     16  346.3         346.3
  206.0  12284  -51.7                         175     21  347.8         347.8
  200.0  12480  -53.5                         170     22  347.9         347.9
  170.0  13486  -62.4                         145     23  349.6         349.6
  150.0  14260  -69.3                          95     22  350.5         350.5
  146.0  14418  -70.5                          95     24  351.2         351.2
  126.0  15280  -76.7                          85     34  355.1         355.1
  119.0  15612  -73.3                          55     23  367.1         367.1
  108.0  16168  -77.3                          45     13  369.9         369.9
  102.0  16496  -79.7                           5      9  371.4         371.4
  100.0  16610  -80.5                         350      8  371.9         371.9
   97.0  16781  -81.6                          40      5  373.1         373.1
   92.3  17061  -83.3                         100      7  375.0         375.0
   92.0  17079  -83.1                         100      6  375.7         375.7
   88.7  17284  -81.1                           2      7  383.7         383.7
   87.0  17393  -81.7                         310      7  384.6         384.6
   82.6  17684  -83.3                         332      6  387.1         387.1
   82.0  17725  -83.0                         335      6  388.6         388.6
   80.4  17835  -82.1                         351      6  392.6         392.6
   79.2  17920  -81.3                           3      5  395.9         395.9
   78.0  18007  -76.9                          15      5  406.7         406.7
   77.5  18044  -75.1                           1      6  411.3         411.3
   74.0  18315  -73.6                         260     16  419.9         419.9
   73.3  18370  -73.3                         261     19  421.7         421.7
   70.0  18640  -74.5                         265     32  424.7         424.7
   68.2  18791  -76.1                         262     28  424.4         424.4
   67.0  18893  -75.8                         260     25  427.1         427.1
   65.3  19042  -75.5                         243     23  431.0         431.0
   64.0  19159  -73.4                         230     22  438.1         438.1
   63.7  19186  -72.9                                     439.8         439.8
   63.4  19214  -72.1                                     442.1         442.1
   61.7  19374  -72.3                                     445.1         445.1
