-----------------------------------------------------------------------------
   PRES   HGHT   TEMP   DWPT   RELH   MIXR   DRCT   SKNT   THTA   THTE   THTV
    hPa     m      C      C      %    g/kg    deg   knot     K      K      K 
-----------------------------------------------------------------------------
 1012.0     14   25.4   23.9     91  18.86      0      0  297.5  352.4  300.9
 1004.0     83   25.2   22.0     82  16.89     60      3  298.0  347.2  301.0
 1000.0    118   26.2   22.2     79  17.17     90      4  299.4  349.7  302.4
  979.0    305   25.2   21.2     79  16.53      5      3  300.2  348.8  303.1
  946.0    606   23.6   19.7     79  15.53    315     11  301.5  347.5  304.3
  925.0    804   22.6   18.7     79  14.90    315     12  302.4  346.7  305.1
  850.0   1536   18.2   14.8     81  12.61    285     16  305.2  343.1  307.5
  813.0   1915   15.6   12.8     83  11.55    270     18  306.3  341.3  308.5
  768.0   2392   13.2   10.1     81  10.18    250     21  308.7  340.0  310.6
  700.0   3169    9.2    5.6     78   8.21    240     23  312.6  338.4  314.2
  658.0   3681    6.4    3.5     82   7.53    235     23  315.1  339.0  316.5
  640.0   3909    5.8    3.3     84   7.64    233     23  316.9  341.3  318.4
  634.0   3986    5.8   -0.2     65   5.98    232     23  317.7  337.1  318.9
  618.0   4195    4.9   -1.7     62   5.49    230     23  319.0  336.9  320.1
  595.0   4504    3.5   -4.0     58   4.81    240     24  320.9  336.8  321.8
  581.0   4698    2.6   -5.4     56   4.43    239     21  322.0  336.8  322.9
  562.0   4967    1.0   -4.0     69   5.09    237     17  323.2  340.2  324.2
  545.0   5214    0.0   -7.0     59   4.17    236     13  324.9  339.0  325.7
  533.0   5391   -1.2   -7.7     61   4.06    235     10  325.6  339.4  326.4
  500.0   5900   -4.5   -9.5     68   3.74    185      7  327.5  340.3  328.2
  493.0   6010   -5.2   -9.8     70   3.72    190      7  327.9  340.7  328.7
  462.0   6517   -8.5  -11.0     82   3.60    187      6  330.0  342.5  330.7
  440.0   6892  -10.6  -13.4     80   3.12    185      5  332.0  343.0  332.6
  423.0   7194  -12.2  -15.3     78   2.78    220      5  333.7  343.6  334.2
  414.0   7359  -13.1  -16.3     77   2.60    216      6  334.6  343.9  335.1
  402.0   7582  -14.3  -20.3     60   1.91    211      7  335.8  342.8  336.2
  400.0   7620  -14.5  -21.5     55   1.73    210      7  336.1  342.4  336.4
  391.0   7791  -15.7  -21.4     62   1.78    210      6  336.7  343.2  337.0
  375.0   8105  -17.9  -21.2     75   1.88    240      3  337.8  344.8  338.2
  364.0   8329  -19.5  -21.1     87   1.96    123      4  338.6  345.8  339.0
  361.0   8389  -19.9  -21.6     87   1.90     90      4  338.8  345.9  339.2
  319.0   9293  -26.1  -28.5     80   1.15    115     17  342.4  346.8  342.6
  302.0   9692  -28.9  -31.6     77   0.91    151     14  343.9  347.4  344.1
  300.0   9740  -29.1  -31.9     77   0.89    155     14  344.2  347.7  344.4
  293.0   9906  -30.4  -33.5     74   0.77    165     15  344.7  347.8  344.8
  250.0  11020  -39.5  -44.5     59   0.29    175     22  347.2  348.4  347.3
  248.0  11075  -39.9  -45.9     53   0.25    174     22  347.4  348.5  347.5
  236.0  11403  -42.7                         170     25  348.2         348.2
  200.0  12500  -51.9                         150     26  350.4         350.4
  186.0  12964  -56.7                         134     23  350.0         350.0
  179.0  13203  -58.8                         125     22  350.4         350.4
  165.0  13710  -63.3                         104     28  351.1         351.1
  150.0  14290  -66.9                          80     35  354.6         354.6
  147.0  14412  -66.7                          80     33  357.0         357.0
  143.0  14579  -66.5                          80     22  360.2         360.2
  140.0  14703  -67.3                          80     14  361.0         361.0
  133.0  15003  -69.3                         210      2  362.9         362.9
  114.0  15904  -75.1                         235     19  368.3         368.3
  109.0  16166  -76.8                         270     20  369.8         369.8
  103.0  16497  -79.0                         250     16  371.7         371.7
  100.0  16670  -80.1                         215     15  372.7         372.7
   98.0  16783  -80.7                         185     16  373.6         373.6
   83.8  17656  -85.7                         155     14  380.6         380.6
   83.0  17709  -84.0                         155     12  385.2         385.2
   82.7  17729  -83.3                         161     12  387.0         387.0
   79.0  17984  -82.9                         240      6  392.9         392.9
   70.0  18660  -81.9                         215     20  408.9         408.9
   69.8  18676  -81.9                         214     20  409.2         409.2
   67.0  18909  -78.1                         195     14  422.3         422.3
   65.2  19063  -75.5                         195      8  431.2         431.2
   64.0  19170  -75.5                         195      4  433.4         433.4
   61.0  19447  -75.7                         230      4  439.1         439.1
   59.7  19572  -75.7                         273      3  441.8         441.8
   58.5  19690  -73.3                         313      2  449.7         449.7
   58.0  19740  -73.4                         330      2  450.7         450.7
   55.0  20049  -73.8                         160      4  456.5         456.5
   53.4  20221  -74.1                         113      5  459.8         459.8
   52.0  20378  -71.2                          70      6  469.9         469.9
   50.7  20527  -68.5                          47     13  479.7         479.7
   50.0  20610  -68.5                          35     17  481.6         481.6
   49.0  20731  -68.2                          35     19  485.1         485.1
   45.7  21150  -67.3                          47     22  497.1         497.1
   45.0  21244  -66.2                          50     23  501.9         501.9
   43.2  21492  -63.3                          80     21  515.0         515.0
   42.0  21664  -63.8                         100     19  517.8         517.8
   39.6  22024  -64.9                         100     26  523.9         523.9
   38.3  22228  -63.1                         100     30  533.5         533.5
   37.0  22439  -63.4                         100     34  538.0         538.0
   33.0  23138  -64.4                         115     21  553.1         553.1
   30.0  23720  -65.3                         155     24  566.0         566.0
   29.7  23781  -65.7                         151     26  566.6         566.6
   27.4  24276  -61.9                         117     44  590.4         590.4
   26.4  24508  -56.9                         101     53  610.8         610.8
   26.0  24606  -56.0                          95     56  616.0         616.0
   24.9  24882  -53.5                          90     53  630.9         630.9
   23.0  25396  -52.6                          80     47  647.9         647.9
   20.0  26300  -51.1                          85     59  679.0         679.0
   18.0  26984  -50.1                          83     62  702.9         702.9
   16.0  27757  -46.5                          80     66  738.7         738.7
   15.8  27840  -46.1                          80     66  742.7         742.7
   15.6  27924  -46.2                          80     66  745.0         745.0
   14.1  28592  -47.1                          88     65  763.8         763.8
   13.0  29134  -45.6                          95     65  787.1         787.1
   10.6  30496  -41.7                          95     64  848.5         848.5
   10.0  30890  -41.1                          95     64  865.0         865.0
    9.0  31606  -40.9                                     892.2         892.2
