-----------------------------------------------------------------------------
   PRES   HGHT   TEMP   DWPT   RELH   MIXR   DRCT   SKNT   THTA   THTE   THTV
    hPa     m      C      C      %    g/kg    deg   knot     K      K      K 
-----------------------------------------------------------------------------
 1009.0     14   25.4   23.4     89  18.34     80      3  297.8  351.2  301.1
 1008.0     23   25.0   22.6     87  17.47     80      3  297.5  348.2  300.6
 1000.0     96   25.4   22.4     83  17.39     80      3  298.6  349.4  301.6
  984.0    238   25.6   21.9     80  17.13     11      2  300.1  350.5  303.2
  977.0    300   25.2   21.6     81  16.96    340      2  300.3  350.3  303.4
  944.0    601   23.2   20.3     84  16.15    300      7  301.2  349.0  304.2
  925.0    779   22.0   19.5     86  15.68    305     10  301.8  348.2  304.6
  850.0   1513   18.0   14.9     82  12.69    295     11  305.0  343.1  307.3
  842.0   1594   17.4   14.7     84  12.65    295     11  305.2  343.2  307.5
  766.0   2398   14.3   10.3     77  10.39    295     10  310.2  342.3  312.2
  722.0   2900   12.4    7.6     73   9.15    324      6  313.4  342.1  315.1
  713.0   3006   11.8    6.1     68   8.37    330      5  313.9  340.3  315.5
  700.0   3160   11.0    4.0     62   7.33    330      6  314.6  337.9  316.0
  688.0   3304    9.6    4.7     72   7.86    320      4  314.7  339.6  316.2
  674.0   3474    8.0    5.6     85   8.53    329      5  314.7  341.6  316.3
  665.0   3585    8.6    2.6     66   6.99    334      5  316.6  339.0  317.9
  664.0   3598    8.5    2.5     66   6.95    335      5  316.6  338.9  317.9
  659.0   3660    8.0    2.0     66   6.75    328      6  316.7  338.4  318.0
  658.0   3673    7.8    4.8     81   8.26    326      6  316.6  343.0  318.2
  655.0   3711    7.8    2.8     71   7.20    322      6  317.1  340.1  318.4
  640.0   3901    7.4   -0.6     57   5.77    300      9  318.7  337.5  319.8
  625.0   4096    7.0   -4.0     45   4.57    303      8  320.4  335.6  321.3
  617.0   4201    6.3   -4.2     47   4.57    305      7  320.8  336.0  321.7
  595.0   4495    4.4   -4.8     51   4.54    285     10  321.9  337.1  322.8
  548.0   5163    0.0   -6.0     64   4.48    333      7  324.4  339.5  325.2
  532.0   5398   -1.6   -7.6     64   4.09    350      6  325.2  339.1  326.0
  512.0   5702   -3.6   -9.6     63   3.62    340      5  326.3  338.7  327.0
  500.0   5890   -4.9  -10.9     63   3.35    315      6  327.0  338.6  327.7
  493.0   6000   -5.6  -10.9     66   3.38    310      6  327.5  339.2  328.1
  475.0   6290   -7.4  -11.1     75   3.48    335      3  328.7  340.8  329.4
  457.0   6591   -9.3  -11.2     86   3.58     25      7  330.0  342.4  330.7
  439.0   6898  -10.9  -14.0     78   2.97     15      8  331.8  342.3  332.4
  406.0   7496  -13.9  -19.5     63   2.03     50      3  335.4  342.8  335.8
  400.0   7610  -14.5  -20.5     60   1.88     85      4  336.1  343.0  336.4
  393.0   7744  -15.9  -20.3     69   1.95     85      3  335.9  343.1  336.3
  390.0   7801  -16.2  -21.4     65   1.79     85      3  336.2  342.8  336.6
  375.0   8095  -18.0  -27.0     45   1.13    150      4  337.7  341.9  337.9
  371.0   8176  -18.5  -28.5     41   0.99    126      4  338.1  341.8  338.2
  360.0   8400  -19.6  -26.9     53   1.19     60      5  339.5  344.0  339.7
  359.0   8421  -19.7  -26.7     54   1.21     56      5  339.6  344.2  339.9
  355.0   8504  -20.3  -27.3     54   1.15     39      5  339.9  344.3  340.1
  352.0   8567  -21.1  -26.0     65   1.31     26      5  339.7  344.6  339.9
  351.0   8588  -21.3  -23.4     83   1.66     22      5  339.7  345.9  340.0
  346.0   8693  -22.0  -24.1     83   1.58      0      5  340.1  346.1  340.4
  333.0   8974  -23.9  -26.1     82   1.37    328      7  341.3  346.5  341.5
  332.0   8996  -24.0  -26.6     80   1.32    325      7  341.4  346.4  341.7
  319.0   9287  -25.5  -32.5     52   0.79    316      7  343.2  346.4  343.4
  318.0   9310  -25.6  -34.1     45   0.67    315      7  343.4  346.1  343.6
  317.0   9333  -25.7  -35.7     39   0.58    317      7  343.6  345.9  343.7
  307.0   9564  -27.5  -33.5     57   0.74    336     10  344.2  347.2  344.4
  305.0   9611  -27.9  -33.9     56   0.72    340     10  344.3  347.2  344.5
  300.0   9730  -28.9  -34.9     56   0.66    345     10  344.5  347.2  344.7
  269.0  10490  -35.2  -40.6     58   0.41    320      7  346.2  347.9  346.3
  257.0  10808  -37.9  -43.0     58   0.33    345      8  346.8  348.2  346.9
  250.0  11000  -39.5  -44.5     59   0.29     10     10  347.2  348.4  347.3
  248.0  11055  -39.9  -44.9     59   0.28     22     11  347.4  348.6  347.5
  246.0  11109  -40.4                          35     11  347.5         347.5
  225.0  11704  -45.4                          75     19  348.8         348.8
  200.0  12490  -52.1                          90     24  350.1         350.1
  170.0  13501  -61.0                         100     34  351.9         351.9
  150.0  14280  -67.9                          90     40  352.9         352.9
  140.0  14676  -70.9                          90     38  354.6         354.6
  108.0  16164  -82.4                         100     42  360.3         360.3
  102.0  16491  -84.9                          90     44  361.4         361.4
  100.0  16600  -84.9                          85     47  363.4         363.4
   97.0  16773  -84.3                          80     52  367.8         367.8
   92.0  17072  -83.2                          85     37  375.5         375.5
   87.0  17389  -82.1                         135      8  383.9         383.9
   82.0  17724  -80.9                         135     11  392.8         392.8
   74.0  18305  -78.8                          75     13  408.9         408.9
   70.0  18620  -77.7                         350     13  417.8         417.8
   67.0  18878  -76.7                         315     12  425.3         425.3
   63.0  19240  -75.3                         315     12  436.0         436.0
   60.0  19527  -74.1                         280     18  444.6         444.6
   52.0  20369  -70.8                         280      3  470.9         470.9
   50.0  20600  -69.9                         355      5  478.4         478.4
   49.0  20721  -69.5                           5      8  482.2         482.2
   47.0  20971  -68.6                          40      7  490.1         490.1
   44.0  21366  -67.2                         115      9  502.9         502.9
   40.0  21937  -65.1                         130     32  521.9         521.9
   33.0  23089  -61.0                         100     40  562.4         562.4
   31.0  23464  -59.6                         105     44  576.1         576.1
   30.0  23660  -58.9                          80     36  583.5         583.5
   26.0  24556  -57.9                          30     11  610.6         610.6
   24.0  25058  -57.4                         130     16  626.4         626.4
   20.0  26200  -56.1                          85     61  663.7         663.7
   10.0  30710  -49.9                          85     80  832.2         832.2
    9.0  31402  -47.9                          80     78  865.2         865.2
    8.8  31550  -47.5                                     872.4         872.4
