-----------------------------------------------------------------------------
   PRES   HGHT   TEMP   DWPT   RELH   MIXR   DRCT   SKNT   THTA   THTE   THTV
    hPa     m      C      C      %    g/kg    deg   knot     K      K      K 
-----------------------------------------------------------------------------
 1009.0     14   25.2   23.2     89  18.11      0      0  297.6  350.3  300.8
 1007.0     30   26.6   26.3     98  21.98    321      1  299.1  363.7  303.1
 1000.0     87   27.2   26.8     98  22.82    185      4  300.4  367.8  304.4
  991.0    168   27.4   27.0     98  23.32    197      6  301.3  370.6  305.5
  977.0    295   26.7   26.4     98  22.77    215      9  301.9  369.6  305.9
  971.0    350   26.4   26.1     98  22.54    218      8  302.1  369.2  306.1
  966.0    396   25.2   24.9     98  21.05    220      8  301.3  363.7  305.1
  925.0    780   23.4   23.1     98  19.68    240      3  303.2  361.9  306.8
  912.0    902   22.5   22.3     98  18.95    235      1  303.6  360.1  307.0
  881.0   1199   20.4   20.2     99  17.25    190      3  304.4  356.1  307.5
  869.0   1317   19.6   19.4     99  16.61    222      4  304.7  354.5  307.8
  851.0   1496   19.0   18.8     99  16.36    270      6  306.0  355.3  309.0
  850.0   1506   19.0   18.8     99  16.35    270      7  306.0  355.3  309.0
  838.0   1628   19.2   19.0     99  16.80    268      7  307.5  358.4  310.6
  823.0   1784   17.2   17.1     99  15.14    265      8  307.0  352.8  309.8
  822.0   1794   17.2   17.1     99  15.19    265      8  307.1  353.1  309.9
  814.0   1878   17.6   17.4     99  15.61    269      8  308.4  355.9  311.2
  808.0   1941   17.6   17.4     99  15.73    272      8  309.0  357.0  311.9
  786.0   2176   14.6   14.5     99  13.39    284      7  308.2  349.0  310.7
  742.0   2662   13.2   13.1     99  12.93    308      5  311.8  351.8  314.3
  739.0   2696   13.0   12.9     99  12.85    310      5  312.0  351.8  314.4
  713.0   2997   11.6   11.5     99  12.13     15      5  313.7  351.5  316.0
  705.0   3092   11.2   11.1     99  11.91     15      6  314.2  351.4  316.5
  700.0   3151   11.0   10.9     99  11.84     15      7  314.6  351.7  316.9
  696.0   3199    9.8    9.8    100  11.05     12      8  313.8  348.3  315.9
  688.0   3295    9.8    9.8    100  11.18      5      9  314.9  349.9  317.0
  687.0   3307    9.8    9.8    100  11.20      4      9  315.0  350.1  317.1
  676.0   3441    7.2    7.2    100   9.51    355      8  313.5  343.3  315.3
  669.0   3527    8.4    8.4    100  10.45    350      7  315.8  348.8  317.8
  663.0   3602    8.4    8.4    100  10.54    345      6  316.6  350.0  318.6
  648.0   3791    8.4    8.4    100  10.79    303      7  318.7  353.1  320.8
  644.0   3843    8.0    8.0    100  10.56    291      7  318.8  352.5  320.8
  640.0   3894    7.2    7.2    100  10.06    280      7  318.5  350.6  320.4
  635.0   3959    3.8    3.8    100   7.98    282      7  315.3  340.6  316.8
  613.0   4245    2.6    2.6    100   7.59    290      8  317.1  341.4  318.6
  598.0   4446    3.4    3.4    100   8.24    295      9  320.3  346.9  321.9
  572.0   4805    1.5    1.5    100   7.50    305     10  322.1  346.6  323.6
  553.0   5078    0.0    0.0    100   6.97    289      8  323.5  346.5  324.9
  531.0   5401   -1.6   -1.6    100   6.47    270      6  325.4  346.9  326.7
  512.0   5691   -3.0   -3.0    100   6.04    285      6  327.1  347.4  328.3
  500.0   5880   -3.9   -3.9    100   5.77    295      7  328.2  347.7  329.4
  474.0   6300   -5.9   -5.9    100   5.21    270     10  330.7  348.6  331.8
  472.0   6333   -6.1   -6.1    100   5.17    272     10  330.9  348.6  332.0
  456.0   6599   -7.6   -7.7     99   4.73    285      6  332.3  348.7  333.3
  439.0   6892   -9.2   -9.4     99   4.29    265      7  333.9  348.9  334.7
  422.0   7197  -11.0  -11.2     98   3.86    270      8  335.5  349.1  336.2
  406.0   7495  -12.7  -13.0     97   3.48    305      4  337.0  349.4  337.7
  400.0   7610  -13.3  -13.7     97   3.34    320      5  337.6  349.6  338.3
  390.0   7803  -14.4  -14.6     98   3.17    320      9  338.6  350.0  339.2
  386.0   7882  -14.9  -15.0     99   3.11    312      9  339.0  350.2  339.6
  378.0   8041  -16.1  -19.2     77   2.23    297     10  339.4  347.6  339.9
  360.0   8406  -18.4  -21.4     77   1.93    260     11  341.1  348.3  341.5
  346.0   8703  -20.3  -23.2     77   1.72    185      7  342.5  348.9  342.8
  337.0   8901  -21.5  -24.4     77   1.58    115      4  343.4  349.4  343.7
  332.0   9010  -22.4  -25.3     77   1.48     75      3  343.6  349.3  343.9
  319.0   9302  -24.8  -27.7     77   1.24     10      5  344.2  349.0  344.5
  306.0   9605  -27.3  -30.1     77   1.03     70      3  344.8  348.9  345.0
  300.0   9750  -28.5  -31.3     77   0.94     95      4  345.1  348.8  345.3
  294.0   9894  -29.7  -32.4     77   0.86     90      5  345.4  348.8  345.6
  290.0   9992  -30.5  -33.2     77   0.81     76      5  345.6  348.8  345.8
  281.0  10212  -32.2  -35.6     72   0.66     45      5  346.4  349.0  346.5
  270.0  10492  -34.3  -38.5     65   0.51    100      5  347.3  349.4  347.4
  250.0  11030  -38.3  -44.3     53   0.30    115     14  349.0  350.3  349.1
  247.0  11112  -39.1  -45.1     53   0.28    120     15  349.0  350.2  349.1
  244.0  11196  -39.9  -45.9     53   0.26    119     15  349.0  350.1  349.1
  216.0  12008  -46.1                         110     19  351.7         351.7
  200.0  12520  -50.1                          85     22  353.3         353.3
  198.0  12584  -50.5                          85     21  353.6         353.6
  168.0  13636  -57.3                          89     18  359.3         359.3
  164.0  13786  -58.6                          90     17  359.6         359.6
  150.0  14340  -63.5                         105     11  360.5         360.5
  149.0  14380  -63.8                         110     11  360.6         360.6
  135.0  14963  -68.7                          70     11  362.4         362.4
  128.0  15277  -71.2                          80     14  363.3         363.3
  121.0  15609  -74.0                         130     19  364.1         364.1
  109.0  16226  -79.1                                     365.5         365.5
