-----------------------------------------------------------------------------
   PRES   HGHT   TEMP   DWPT   RELH   MIXR   DRCT   SKNT   THTA   THTE   THTV
    hPa     m      C      C      %    g/kg    deg   knot     K      K      K 
-----------------------------------------------------------------------------
 1012.0     14   25.6   23.4     88  18.28      0      0  297.7  351.0  301.0
 1001.0    107   27.2   20.2     66  15.13    204      3  300.3  344.8  303.0
 1000.0    115   27.4   20.4     66  15.33    190      3  300.6  345.8  303.3
  979.0    303   26.3   19.0     64  14.37    180      5  301.3  343.8  303.9
  946.0    607   24.6   16.8     62  12.92    190      4  302.5  340.9  304.8
  925.0    806   23.4   15.4     61  12.03    210      4  303.2  339.2  305.4
  884.0   1199   21.0   13.6     62  11.17    245      5  304.7  338.4  306.8
  854.0   1498   19.2   12.2     64  10.55    305      3  305.9  337.9  307.8
  850.0   1539   19.0   12.0     64  10.47    310      3  306.0  337.8  308.0
  824.0   1806   17.2   12.4     73  11.10      0      1  306.9  340.6  308.9
  818.0   1869   16.8   12.5     76  11.25    339      1  307.1  341.3  309.2
  796.0   2101   15.8    9.8     68   9.67    260      2  308.4  338.1  310.2
  770.0   2384   14.6    6.6     59   8.00    248      2  310.1  334.9  311.6
  742.0   2695   12.9    5.7     61   7.78    235      2  311.5  335.9  313.0
  716.0   2995   11.2    4.8     64   7.57    330      3  312.9  336.7  314.3
  700.0   3185   10.2    4.2     66   7.44    330      4  313.8  337.3  315.2
  690.0   3304    9.6    3.6     66   7.21      5      2  314.3  337.2  315.7
  666.0   3596    8.0    2.0     66   6.67    295      5  315.7  337.1  317.0
  642.0   3899    6.3    0.3     65   6.14    275      6  317.2  337.0  318.4
  626.0   4107    5.2   -0.8     65   5.80    296      4  318.2  337.1  319.3
  619.0   4199    4.9   -2.2     60   5.29    305      3  318.9  336.2  319.9
  613.0   4278    4.6   -3.4     56   4.88    292      3  319.4  335.5  320.4
  597.0   4493    3.3   -3.3     62   5.05    255      2  320.3  336.9  321.3
  580.0   4727    1.8   -3.2     69   5.24    351      4  321.2  338.6  322.3
  575.0   4797    1.4   -4.2     66   4.91     20      4  321.6  337.9  322.6
  556.0   5067    0.0   -8.0     55   3.78    357      2  323.0  335.8  323.8
  554.0   5096   -0.2   -7.9     56   3.83    355      2  323.1  336.0  323.8
  534.0   5389   -2.5   -6.9     72   4.30     80      4  323.8  338.2  324.6
  529.0   5464   -3.1   -6.6     77   4.44     58      3  323.9  338.8  324.8
  523.0   5554   -3.1   -9.1     63   3.69     31      2  325.0  337.6  325.7
  514.0   5692   -3.5  -10.3     59   3.43    350      1  326.1  337.9  326.8
  500.0   5910   -4.1  -12.1     54   3.04    330      2  328.0  338.6  328.6
  495.0   5989   -4.7  -13.1     52   2.83    350      3  328.2  338.1  328.8
  478.0   6265   -6.7  -16.7     45   2.18     57      3  329.0  336.8  329.4
  476.0   6298   -6.9  -15.8     49   2.36     65      3  329.1  337.5  329.6
  471.0   6381   -7.5  -13.5     62   2.88     64      3  329.4  339.5  330.0
  441.0   6890  -10.7  -16.1     65   2.48     55      5  331.6  340.4  332.1
  415.0   7360  -13.7  -18.5     67   2.15     21      3  333.6  341.4  334.0
  407.0   7508  -14.8  -18.4     74   2.22     10      2  334.0  342.0  334.4
  401.0   7621  -15.7  -18.3     80   2.27     40      2  334.3  342.4  334.7
  400.0   7640  -15.9  -18.0     84   2.33     45      2  334.2  342.6  334.7
  394.0   7754  -15.9  -20.4     68   1.93     52      4  335.7  342.8  336.1
  391.0   7811  -16.2  -20.6     69   1.91     55      5  336.0  343.0  336.4
  385.0   7927  -16.9  -20.9     71   1.89     68      5  336.6  343.5  337.0
  353.0   8572  -21.1  -31.1     40   0.81    141      7  339.4  342.6  339.6
  347.0   8698  -22.2  -31.5     43   0.80    155      7  339.6  342.7  339.7
  337.0   8912  -24.1  -32.1     48   0.77    169      5  339.8  342.9  340.0
  333.0   8999  -24.8  -30.8     58   0.89    175      4  340.0  343.4  340.2
  327.0   9131  -25.9  -28.8     77   1.09    245      3  340.3  344.5  340.5
  319.0   9309  -27.0  -29.8     77   1.02    340      2  341.2  345.2  341.4
  318.0   9332  -27.1  -29.9     77   1.01    342      2  341.3  345.3  341.6
  314.0   9423  -26.9  -34.9     47   0.63    348      2  342.9  345.4  343.0
  306.0   9608  -28.1  -37.8     39   0.48      0      1  343.6  345.6  343.8
  300.0   9750  -29.1  -40.1     34   0.39    195      1  344.2  345.9  344.3
  294.0   9891  -30.3  -41.4     33   0.35      0      1  344.5  346.0  344.6
  281.0  10206  -33.0  -44.3     31   0.27    325      1  345.2  346.3  345.2
  270.0  10484  -35.3  -46.9     30   0.21    305      2  345.7  346.6  345.7
  250.0  11020  -39.9  -51.9     27   0.13    325      5  346.6  347.2  346.6
  226.0  11689  -45.6                         350      5  348.0         348.0
  216.0  11990  -48.1                          50     10  348.6         348.6
  200.0  12500  -52.5                          50     18  349.5         349.5
  179.0  13203  -59.1                          65     21  350.0         350.0
  173.0  13419  -61.1                          74     24  350.1         350.1
  163.0  13782  -64.0                          90     30  351.2         351.2
  150.0  14290  -68.1                          85     32  352.6         352.6
  134.0  14959  -73.7                          82     37  354.2         354.2
  126.0  15316  -76.4                          80     40  355.7         355.7
  125.0  15362  -76.7                          79     38  355.9         355.9
  114.0  15890  -77.7                          65     16  363.5         363.5
  108.0  16199  -78.3                         110      4  368.1         368.1
  103.0  16471  -78.8                         145     11  372.1         372.1
  100.0  16640  -79.1                         130     17  374.6         374.6
   92.0  17109  -80.9                         110     13  380.1         380.1
   87.0  17424  -82.1                         150     12  383.9         383.9
   80.7  17847  -83.7                         135     15  388.9         388.9
   79.0  17965  -83.7                         130     14  391.2         391.2
   77.9  18043  -83.7                         132     12  392.8         392.8
   75.7  18204  -79.5                         137      9  404.8         404.8
   74.0  18333  -79.2                         140      6  408.1         408.1
   71.0  18569  -78.7                         130      3  414.1         414.1
   70.0  18650  -78.5                         110      3  416.1         416.1
   67.3  18876  -75.7                          20      5  426.9         426.9
   67.0  18901  -75.7                          10      5  427.4         427.4
   64.0  19165  -76.1                         330     14  432.2         432.2
   57.5  19782  -76.9                         298     11  443.8         443.8
   57.0  19832  -76.7                         295     11  445.3         445.3
   54.0  20145  -75.6                         100      5  454.7         454.7
   52.0  20363  -74.9                         135     22  461.4         461.4
   50.0  20590  -74.1                         140     31  468.5         468.5
   49.8  20613  -74.3                         139     31  468.5         468.5
   47.0  20957  -70.7                         125     32  485.1         485.1
   43.7  21389  -66.1                          83     31  506.4         506.4
   42.0  21630  -65.3                          60     31  514.3         514.3
   39.4  22019  -63.9                          63     25  527.2         527.2
   38.0  22242  -62.5                          65     22  536.3         536.3
   36.7  22456  -61.1                          78     25  545.2         545.2
   36.0  22576  -58.6                          85     26  554.7         554.7
   35.7  22629  -57.5                          76     20  558.8         558.8
   35.0  22755  -56.8                          55      7  563.9         563.9
   33.0  23129  -54.6                         240      7  579.3         579.3
   31.9  23345  -53.3                         229      8  588.3         588.3
   30.0  23740  -53.1                         210     10  599.3         599.3
   29.0  23956  -53.9                         195      3  602.8         602.8
   28.0  24179  -54.8                          70      8  606.5         606.5
   25.0  24899  -57.6                         135      8  618.4         618.4
   24.9  24925  -57.7                         135      8  618.8         618.8
   24.0  25158  -57.4                          95      8  626.4         626.4
   23.0  25427  -57.0                         150     13  635.2         635.2
   22.0  25708  -56.6                         130     22  644.5         644.5
   21.0  26002  -56.1                          90     26  654.4         654.4
   20.0  26310  -55.7                          70     35  664.9         664.9
   19.1  26604  -53.7                          73     38  679.9         679.9
   16.4  27579  -55.5                          82     49  704.4         704.4
   12.0  29591  -51.3                         100     70  785.1         785.1
   11.8  29700  -51.0                         100     70  789.7         789.7
   11.5  29866  -50.7                                     796.7         796.7
