-----------------------------------------------------------------------------
   PRES   HGHT   TEMP   DWPT   RELH   MIXR   DRCT   SKNT   THTA   THTE   THTV
    hPa     m      C      C      %    g/kg    deg   knot     K      K      K 
-----------------------------------------------------------------------------
 1009.0     14   25.2   24.1     94  19.15      0      0  297.6  353.3  301.0
 1008.0     23   26.8   22.7     78  17.58     17      0  299.3  350.8  302.4
 1000.0     93   26.8   22.2     76  17.17    155      4  299.9  350.4  303.0
  977.0    296   25.7   20.9     75  16.25    175      3  300.8  348.8  303.7
  944.0    596   24.0   19.1     74  14.97    185      2  302.1  346.5  304.8
  925.0    773   23.0   18.0     73  14.24    275      2  302.8  345.2  305.4
  912.0    896   22.3   17.4     73  13.87    300      3  303.4  344.8  305.9
  850.0   1510   19.0   14.2     74  12.12    305      7  306.0  342.7  308.3
  766.0   2399   14.6    8.8     68   9.38    325      6  310.6  339.6  312.3
  751.0   2568   13.8    7.8     67   8.92    322      6  311.4  339.2  313.1
  711.0   3029   10.8    7.9     82   9.49    313      6  313.0  342.7  314.8
  700.0   3159   10.0    6.9     81   8.99    310      6  313.5  341.8  315.2
  664.0   3598    8.9    3.1     67   7.24    300      8  317.0  340.2  318.4
  649.0   3788    8.4    1.4     61   6.57    319      9  318.6  339.8  319.8
  640.0   3903    7.7   -0.5     56   5.82    330     10  319.0  338.0  320.1
  625.0   4099    6.4   -3.6     49   4.72    333      9  319.7  335.3  320.6
  579.0   4723    2.2   -2.6     71   5.49    344      7  321.9  340.0  322.9
  574.0   4792    2.0   -3.3     68   5.24    345      7  322.4  339.8  323.4
  532.0   5405    0.1   -9.8     47   3.42    300      2  327.2  339.0  327.9
  531.0   5420    0.0  -10.0     47   3.39    295      2  327.3  339.0  328.0
  513.0   5695   -1.7  -11.1     49   3.21    200      3  328.5  339.7  329.2
  500.0   5900   -2.9  -11.9     50   3.09    225      1  329.4  340.2  330.1
  494.0   5995   -3.3  -14.6     41   2.52      0      1  330.1  339.1  330.6
  487.0   6108   -3.7  -17.7     33   1.96    305      2  330.9  338.0  331.3
  475.0   6304   -5.1  -18.2     35   1.93    210      4  331.6  338.6  332.0
  457.0   6606   -7.2  -18.9     39   1.89    185      2  332.6  339.5  333.0
  448.0   6762   -8.3  -19.3     41   1.86    232      3  333.1  339.9  333.5
  443.0   6849   -9.1  -17.1     52   2.27    259      3  333.2  341.4  333.7
  440.0   6901   -9.5  -17.2     53   2.26    275      3  333.4  341.5  333.8
  402.0   7592  -14.5  -19.3     67   2.08    289      5  335.6  343.2  336.0
  400.0   7630  -14.7  -19.5     67   2.05    290      5  335.8  343.3  336.2
  377.0   8077  -17.5  -25.5     50   1.28    296      6  337.8  342.7  338.1
  361.0   8401  -19.6  -28.9     43   0.98    300      7  339.2  343.0  339.4
  353.0   8568  -20.7  -30.7     40   0.84    286      9  339.9  343.2  340.1
  347.0   8693  -21.8  -31.3     42   0.81    275     10  340.1  343.3  340.3
  319.0   9309  -27.1  -34.3     51   0.66    265      5  341.0  343.6  341.2
  317.0   9355  -27.5  -34.5     51   0.65    256      5  341.1  343.7  341.2
  312.0   9469  -28.3  -32.9     65   0.77    232      5  341.5  344.6  341.7
  309.0   9539  -28.9  -33.2     66   0.76    218      4  341.6  344.6  341.8
  302.0   9703  -29.9  -38.9     41   0.44    185      4  342.5  344.3  342.6
  300.0   9750  -30.3  -40.3     37   0.38    175      4  342.6  344.1  342.6
  292.0   9941  -31.5  -43.5     30   0.28    146      6  343.5  344.7  343.6
  282.0  10186  -32.9  -38.9     55   0.47    109      8  344.9  346.9  345.0
  281.0  10211  -33.1  -38.5     59   0.49    105      8  345.0  347.0  345.1
  278.0  10286  -33.7  -37.1     71   0.57    107      9  345.2  347.5  345.3
  268.0  10541  -34.7  -44.7     35   0.27    113     11  347.4  348.5  347.4
  250.0  11020  -38.7  -49.7     30   0.16    125     16  348.4  349.1  348.4
  247.0  11103  -39.4  -50.4     30   0.15    130     15  348.5  349.2  348.6
  245.0  11158  -39.9  -50.9     30   0.15    129     15  348.6  349.3  348.6
  216.0  11997  -46.9                         120     14  350.6         350.6
  200.0  12510  -51.1                         100     21  351.7         351.7
  188.0  12899  -54.1                          95     28  353.2         353.2
  150.0  14320  -64.9                          95     42  358.1         358.1
  148.0  14400  -65.6                          90     40  358.3         358.3
  127.0  15310  -73.2                          70     18  360.5         360.5
  118.0  15747  -76.9                          92     19  361.4         361.4
  115.0  15894  -77.7                         100     19  362.7         362.7
  103.0  16522  -80.8                          80     19  368.2         368.2
  100.0  16690  -81.7                          75     14  369.6         369.6
   98.0  16802  -82.5                          75     12  370.3         370.3
   93.0  17092  -84.4                          40      7  372.1         372.1
   88.8  17348  -86.1                          60      8  373.6         373.6
   83.5  17688  -82.9                          74     10  386.7         386.7
   83.0  17722  -83.1                          75     10  386.9         386.9
   79.7  17947  -84.7                          54     12  388.2         388.2
   79.0  17996  -84.5                          50     13  389.6         389.6
   77.7  18087  -84.1                          32     12  392.3         392.3
   75.0  18287  -79.9                         355      9  405.1         405.1
   73.4  18408  -77.3                         353      9  413.1         413.1
   71.0  18599  -77.6                         350      9  416.4         416.4
   70.0  18680  -77.7                           0      6  417.8         417.8
   67.0  18931  -77.6                         145      5  423.3         423.3
   64.0  19194  -77.5                         155      9  429.1         429.1
   63.8  19212  -77.5                         152      9  429.5         429.5
   61.0  19471  -77.0                         115     11  436.1         436.1
   55.2  20047  -75.9                          86     26  451.3         451.3
   55.0  20068  -75.7                          85     27  452.2         452.2
   54.5  20121  -75.3                          80     25  454.3         454.3
   54.0  20174  -71.7                          75     23  463.8         463.8
   52.0  20398  -71.4                          55     14  469.5         469.5
   50.0  20630  -71.1                          70     11  475.5         475.5
   47.4  20946  -70.9                         100     21  483.3         483.3
   47.0  20996  -70.7                         105     23  485.0         485.0
   43.0  21526  -68.6                          80     32  502.7         502.7
   41.8  21694  -67.9                          84     32  508.4         508.4
   40.6  21870  -67.1                          88     31  514.7         514.7
   39.6  22021  -64.9                          92     31  523.9         523.9
   39.1  22098  -61.7                          94     31  533.9         533.9
   38.3  22227  -59.3                          97     30  543.1         543.1
   35.0  22787  -61.3                         110     29  552.2         552.2
   34.3  22913  -61.7                         109     26  554.2         554.2
   32.0  23341  -62.5                         105     14  563.3         563.3
   31.9  23360  -62.5                         107     14  563.7         563.7
   30.0  23740  -60.7                         140      9  578.6         578.6
   29.0  23955  -59.7                         145     16  587.0         587.0
   26.0  24649  -56.4                         100     45  615.0         615.0
   23.0  25428  -52.6                          70     37  647.9         647.9
   22.6  25539  -52.1                          71     38  652.8         652.8
   20.0  26330  -52.5                          75     42  674.7         674.7
   17.6  27153  -52.7                          75     46  699.2         699.2
   15.3  28061  -49.1                          75     50  739.6         739.6
   14.0  28639  -49.9                          75     53  755.9         755.9
   13.1  29072  -50.5                          80     55  768.3         768.3
   12.6  29325  -50.1                          83     57  778.3         778.3
   12.2  29536  -47.7                          85     58  794.0         794.0
   10.0  30860  -42.3                         100     65  860.5         860.5
    9.9  30928  -41.9                                     864.5         864.5
