-----------------------------------------------------------------------------
   PRES   HGHT   TEMP   DWPT   RELH   MIXR   DRCT   SKNT   THTA   THTE   THTV
    hPa     m      C      C      %    g/kg    deg   knot     K      K      K 
-----------------------------------------------------------------------------
 1013.0     14   25.0   23.0     89  17.82      0      0  297.1  348.8  300.2
 1012.0     22   25.8   20.8     74  15.54     13      0  297.9  343.2  300.7
 1000.0    121   25.0   20.0     74  14.95    175      4  298.1  341.8  300.8
  980.0    299   25.7   19.8     70  15.10    150      4  300.6  345.1  303.3
  976.0    336   25.8   19.8     69  15.13    129      4  301.0  345.7  303.8
  947.0    601   23.4   19.6     79  15.43    335      3  301.2  346.8  304.0
  928.0    779   21.8   19.5     87  15.63    292      4  301.3  347.5  304.1
  925.0    807   21.6   19.1     86  15.29    285      4  301.4  346.6  304.1
  915.0    901   21.1   18.5     85  14.85    275      4  301.8  345.8  304.5
  854.0   1501   17.8   14.5     81  12.28    280      6  304.4  341.2  306.6
  850.0   1542   17.6   14.2     80  12.12    290      6  304.6  341.0  306.8
  825.0   1795   16.2   12.8     80  11.39    345      6  305.7  340.1  307.8
  796.0   2099   14.6   11.1     80  10.55    355      6  307.1  339.3  309.1
  772.0   2359   13.2    9.7     79   9.88    312      5  308.3  338.6  310.2
  768.0   2402   13.0    9.5     79   9.80    305      5  308.6  338.7  310.4
  715.0   3001   10.7    6.8     77   8.74    265      9  312.4  339.7  314.0
  700.0   3178   10.0    6.0     76   8.45    270      9  313.5  340.1  315.1
  690.0   3298    9.7    5.0     73   7.99    300      8  314.5  339.8  316.0
  687.0   3334    9.6    4.7     71   7.86    295      8  314.8  339.7  316.3
  665.0   3601    8.1    3.5     73   7.43    260     10  316.0  339.7  317.4
  618.0   4203    4.7    0.7     75   6.55    265      9  318.8  340.0  320.0
  579.0   4737    1.6   -1.8     78   5.83    243      5  321.2  340.3  322.3
  574.0   4807    1.3   -2.5     76   5.58    240      4  321.7  340.1  322.8
  553.0   5108    0.2   -5.4     66   4.64    280      3  323.8  339.4  324.7
  549.0   5166    0.0   -6.0     64   4.48    309      3  324.2  339.2  325.1
  541.0   5284   -1.1   -6.1     69   4.51      6      3  324.2  339.4  325.1
  534.0   5388   -1.5  -10.5     50   3.24     58      3  325.0  336.1  325.6
  533.0   5403   -1.5  -12.5     43   2.76     65      3  325.1  334.7  325.7
  531.0   5433   -1.7   -8.7     59   3.75     59      3  325.3  338.1  326.0
  530.0   5448   -1.9   -6.9     69   4.33     56      3  325.2  339.8  326.1
  518.0   5630   -2.3  -18.3     28   1.76     20      4  326.9  333.1  327.2
  513.0   5707   -2.8  -18.4     29   1.75      5      4  327.2  333.4  327.5
  504.0   5847   -3.7  -18.7     30   1.74      2      4  327.7  334.0  328.1
  501.0   5894   -4.1  -13.1     50   2.80      0      4  327.8  337.6  328.3
  500.0   5910   -4.5  -12.5     54   2.94      0      4  327.5  337.7  328.1
  497.0   5958   -4.7  -15.7     42   2.28    358      4  327.8  335.9  328.3
  494.0   6005   -5.2  -13.7     51   2.70    355      4  327.8  337.2  328.3
  491.0   6053   -5.7  -11.7     63   3.20    352      4  327.7  338.8  328.4
  476.0   6295   -7.0  -12.7     64   3.04    335      3  329.1  339.7  329.7
  458.0   6596   -8.5  -13.9     65   2.86     30      3  330.8  340.9  331.4
  440.0   6909  -10.1  -15.2     66   2.68    330      4  332.6  342.1  333.1
  436.0   6980  -10.5  -15.5     67   2.64    339      5  332.9  342.4  333.5
  424.0   7195  -11.8  -19.2     54   1.99      5      7  334.0  341.2  334.4
  421.0   7249  -12.1  -20.1     51   1.85      6      7  334.2  341.0  334.6
  407.0   7508  -14.1  -21.4     54   1.71     10      5  334.9  341.2  335.3
  400.0   7640  -15.1  -22.1     55   1.64     25      4  335.3  341.3  335.6
  388.0   7869  -16.9  -22.9     60   1.57     45      5  335.9  341.7  336.2
  383.0   7967  -17.3  -26.3     45   1.17     53      5  336.6  341.0  336.8
  376.0   8104  -18.3  -26.9     47   1.13     65      6  337.0  341.3  337.2
  361.0   8406  -20.6  -28.2     51   1.05     55      7  337.8  341.8  338.1
  353.0   8572  -21.9  -28.9     53   1.00     69      5  338.3  342.1  338.5
  347.0   8698  -22.8  -28.3     61   1.08     80      4  338.7  342.8  338.9
  333.0   8999  -25.1  -26.9     85   1.28    155      6  339.6  344.5  339.9
  321.0   9265  -26.3  -32.3     57   0.80    162      8  341.5  344.7  341.7
  306.0   9608  -29.1  -34.4     60   0.68    170     10  342.3  345.0  342.4
  300.0   9750  -30.3  -35.3     62   0.64    175     10  342.6  345.1  342.7
  281.0  10211  -33.7  -37.9     66   0.52    225     15  344.1  346.2  344.2
  278.0  10287  -34.3  -38.3     67   0.51    225     16  344.3  346.4  344.4
  269.0  10514  -36.0  -41.3     58   0.38    225     18  345.1  346.6  345.1
  250.0  11020  -39.9  -47.9     42   0.20    185     15  346.6  347.5  346.6
  226.0  11689  -45.9                         140     21  347.6         347.6
  200.0  12500  -53.1                         110     26  348.5         348.5
  197.0  12594  -53.9                         115     27  348.7         348.7
  150.0  14290  -68.7                         105     44  351.6         351.6
  126.0  15298  -76.0                          95     49  356.3         356.3
  110.0  16082  -81.7                          85     67  359.7         359.7
  108.0  16186  -81.0                          80     64  362.9         362.9
  102.0  16508  -78.8                          80     34  373.0         373.0
  100.0  16620  -78.1                          75     23  376.6         376.6
   92.0  17094  -79.9                         225     10  382.0         382.0
   83.0  17678  -82.2                         120      9  388.8         388.8
   81.9  17754  -82.5                         105     10  389.7         389.7
   78.0  18029  -82.0                          25      7  396.1         396.1
   76.8  18116  -81.9                           9      7  398.2         398.2
   75.4  18220  -78.7                         350      6  407.0         407.0
   74.0  18329  -77.8                         330      6  411.1         411.1
   70.0  18650  -75.1                         220      3  423.4         423.4
   67.0  18905  -73.5                         160      7  432.1         432.1
   63.6  19209  -71.7                         121      6  442.6         442.6
   61.1  19443  -73.1                          91      6  444.6         444.6
   61.0  19453  -73.0                          90      6  444.9         444.9
   55.0  20065  -69.4                          65      6  466.6         466.6
   53.0  20284  -68.1                          85      8  474.6         474.6
   52.0  20397  -69.0                          95      9  475.2         475.2
   50.0  20630  -70.7                          90      9  476.5         476.5
   49.2  20726  -71.1                          88     10  477.7         477.7
   48.0  20872  -71.1                          85     13  481.1         481.1
   47.0  20998  -67.5                          82     15  492.6         492.6
   43.0  21534  -67.2                          70     23  506.0         506.0
   41.0  21822  -67.0                         100     23  513.4         513.4
   39.2  22093  -66.9                          99     23  520.4         520.4
   35.0  22783  -64.2                          95     22  544.4         544.4
   33.6  23032  -63.3                         100     29  553.3         553.3
   32.0  23335  -60.1                         105     37  569.5         569.5
   31.4  23453  -58.9                          99     36  575.9         575.9
   30.0  23740  -57.9                          85     33  586.2         586.2
   29.0  23953  -58.0                          80     30  591.7         591.7
   27.7  24241  -58.1                          83     27  599.2         599.2
   27.0  24403  -56.4                          85     25  608.3         608.3
   26.4  24546  -54.9                          78     24  616.5         616.5
   24.0  25148  -57.9                          50     22  624.8         624.8
   23.4  25308  -58.7                          55     20  627.0         627.0
   22.4  25582  -58.9                          80     24  634.3         634.3
   22.0  25696  -58.1                          90     26  640.0         640.0
   20.1  26268  -53.9                          85     47  669.5         669.5
   20.0  26300  -53.5                          85     48  671.7         671.7
   16.4  27581  -50.1                          85     61  721.9         721.9
   14.2  28519  -49.8                          85     71  753.2         753.2
   14.0  28611  -49.8                          85     71  756.4         756.4
   12.4  29402  -49.5                          85     70  784.0         784.0
   10.0  30820  -44.5                          85     68  852.3         852.3
    9.9  30887  -44.1                                     856.3         856.3
