-----------------------------------------------------------------------------
   PRES   HGHT   TEMP   DWPT   RELH   MIXR   DRCT   SKNT   THTA   THTE   THTV
    hPa     m      C      C      %    g/kg    deg   knot     K      K      K 
-----------------------------------------------------------------------------
 1010.0     14   25.8   23.9     89  18.90      0      0  298.1  353.2  301.5
 1009.0     23   27.2   21.2     70  15.98      6      0  299.6  346.5  302.4
 1000.0    101   26.4   20.4     70  15.33     60      4  299.6  344.6  302.3
  978.0    298   25.2   19.9     73  15.21     10      3  300.2  345.0  303.0
  945.0    602   23.4   19.2     77  15.02    315      9  301.3  345.8  304.0
  925.0    791   22.2   18.7     81  14.90    315     13  302.0  346.2  304.7
  850.0   1524   17.4   14.3     82  12.20    300     19  304.4  341.0  306.6
  832.0   1707   16.2   12.6     79  11.14    298     19  305.0  338.5  307.0
  739.0   2707   11.7    8.9     83   9.81    290     16  310.5  340.8  312.3
  719.0   2939   10.6    8.1     85   9.51    285     14  311.8  341.4  313.6
  704.0   3115   10.4    4.4     66   7.50    281     12  313.5  337.1  314.9
  700.0   3162   10.2    5.2     71   7.98    280     12  313.8  338.9  315.3
  573.0   4795    1.1   -3.0     74   5.36    305     10  321.5  339.2  322.5
  560.0   4982    0.0   -4.0     74   5.11    316      9  322.4  339.3  323.4
  532.0   5390   -3.0   -5.9     80   4.67    340      7  323.6  339.2  324.5
  527.0   5465   -3.5   -6.2     82   4.59    335      7  323.8  339.2  324.7
  505.0   5802   -3.9   -8.2     72   4.10    311      7  327.3  341.3  328.1
  500.0   5880   -4.3   -8.2     74   4.15    305      7  327.7  341.9  328.6
  493.0   5990   -5.1   -8.8     75   4.02    315      9  328.1  341.9  328.9
  456.0   6597   -9.4  -12.0     81   3.37    335      5  330.1  341.8  330.8
  447.0   6752  -10.5  -12.8     83   3.21    311      4  330.6  341.8  331.2
  439.0   6890  -11.1  -13.5     83   3.09    290      3  331.5  342.4  332.1
  422.0   7192  -12.5  -15.1     81   2.83    170      7  333.5  343.5  334.0
  406.0   7487  -13.9  -16.6     80   2.59    188     10  335.4  344.7  335.9
  400.0   7600  -14.7  -17.1     82   2.52    195     11  335.8  344.9  336.3
  374.0   8105  -17.8  -21.5     73   1.84    230     10  338.2  345.0  338.6
  359.0   8412  -19.7  -24.2     67   1.51    227     11  339.6  345.3  339.9
  318.0   9295  -26.3  -30.8     66   0.93    220     13  342.4  346.0  342.6
  300.0   9720  -29.5  -34.0     65   0.72    220     12  343.7  346.6  343.8
  253.0  10909  -39.9  -42.5     76   0.36    220     17  345.4  346.9  345.5
  250.0  10990  -40.7                         220     17  345.4         345.4
  225.0  11689  -46.5                         210     20  347.0         347.0
  200.0  12470  -53.1                         160     18  348.5         348.5
  178.0  13211  -60.1                         125     16  348.9         348.9
  150.0  14260  -68.5                         100     30  351.9         351.9
  133.0  14970  -74.3                          83     38  353.9         353.9
  126.0  15279  -75.6                          75     41  357.0         357.0
  119.0  15606  -77.0                          55     19  360.3         360.3
  113.0  15901  -78.3                         340      5  363.3         363.3
  107.0  16213  -79.6                         215      4  366.5         366.5
  102.0  16487  -80.8                         150      7  369.2         369.2
  100.0  16600  -81.3                         140     10  370.4         370.4
   99.9  16606  -81.5                         140     10  370.1         370.1
   92.0  17070  -81.6                         115     11  378.7         378.7
   87.0  17385  -81.7                         105     12  384.7         384.7
   85.5  17484  -81.7                          84     12  386.6         386.6
   82.0  17722  -77.0                          35     11  400.7         400.7
   81.6  17750  -76.5                          35     11  402.4         402.4
   78.0  18011  -77.0                          40      7  406.7         406.7
   75.4  18207  -77.3                           1     12  409.9         409.9
   74.0  18316  -75.7                         340     15  415.4         415.4
   73.1  18387  -74.7                         331     17  419.0         419.0
   70.0  18640  -74.5                         300     22  424.7         424.7
   64.0  19159  -75.7                         295     26  433.0         433.0
   63.1  19241  -75.9                         298     25  434.4         434.4
   60.0  19532  -74.7                         309     20  443.4         443.4
   58.4  19690  -71.1                         315     18  454.9         454.9
   57.0  19834  -70.9                         320     16  458.4         458.4
   50.0  20610  -70.1                         240      8  477.9         477.9
   49.0  20730  -70.0                         210      5  480.9         480.9
   47.0  20977  -69.8                         135      5  487.2         487.2
   46.4  21053  -69.7                         133      6  489.2         489.2
   42.1  21640  -63.5                         115     15  518.3         518.3
   40.0  21954  -62.7                         105     20  527.9         527.9
   39.0  22110  -62.3                         113     20  532.8         532.8
   37.0  22432  -63.9                         130     20  536.8         536.8
   36.7  22482  -64.1                         129     20  537.5         537.5
   32.0  23322  -62.6                         115     28  563.0         563.0
   31.2  23478  -62.3                         113     25  567.8         567.8
   30.0  23720  -60.5                         110     20  579.1         579.1
   29.0  23933  -59.2                          95     25  588.2         588.2
   27.1  24359  -56.7                          76      9  606.9         606.9
   27.0  24382  -56.8                          75      8  607.3         607.3
   26.0  24620  -57.4                         350      9  612.1         612.1
   25.0  24867  -58.0                           5     12  617.1         617.1
   24.0  25124  -58.7                          60     17  622.4         622.4
   23.2  25338  -59.3                          67     21  626.8         626.8
   21.6  25789  -55.9                          80     30  649.9         649.9
   20.0  26280  -54.7                          95     40  668.0         668.0
   18.6  26744  -52.3                          94     45  689.5         689.5
   17.1  27284  -53.5                          93     50  702.4         702.4
   14.8  28215  -50.5                          92     59  742.0         742.0
   14.1  28532  -46.7                          91     62  765.2         765.2
   13.5  28820  -44.5                          91     65  782.3         782.3
   12.4  29384  -45.1                          90     70  799.3         799.3
   12.0  29601  -45.4                          90     70  806.0         806.0
   10.6  30424  -46.3                          97     70  831.6         831.6
   10.0  30810  -45.7                         100     70  847.8         847.8
    9.9  30877  -45.4                         100     70  851.6         851.6
    9.6  31083  -44.3                                     863.1         863.1
