-----------------------------------------------------------------------------
   PRES   HGHT   TEMP   DWPT   RELH   MIXR   DRCT   SKNT   THTA   THTE   THTV
    hPa     m      C      C      %    g/kg    deg   knot     K      K      K 
-----------------------------------------------------------------------------
 1010.0     14   28.6   24.5     79  19.61      0      0  300.9  358.9  304.4
 1000.0    102   28.6   23.6     74  18.74      0      3  301.8  357.3  305.1
  978.0    299   26.8   22.8     79  18.20    320      6  301.9  355.8  305.1
  936.0    688   23.2   21.1     88  17.15    324      8  302.0  352.8  305.1
  925.0    791   22.0   20.2     90  16.40    325      9  301.8  350.4  304.8
  913.0    904   21.4   19.2     87  15.64    330     11  302.3  348.8  305.2
  900.0   1029   20.8   18.2     85  14.84    324     10  302.9  347.1  305.6
  896.0   1067   20.6   17.6     83  14.34    322     10  303.1  345.8  305.7
  888.0   1145   21.4   13.4     60  10.99    318     10  304.7  337.9  306.7
  850.0   1521   18.4   12.4     68  10.75    300      8  305.4  337.9  307.4
  834.0   1684   17.2   13.2     77  11.56    297      8  305.8  340.8  307.9
  794.0   2103   15.1   11.7     81  11.02    290      8  307.9  341.5  309.9
  764.0   2431   13.4   10.6     83  10.61    254      7  309.5  342.1  311.4
  740.0   2700   12.5    8.2     75   9.30    225      7  311.4  340.3  313.1
  715.0   2989   11.6    5.6     67   8.04    239      4  313.4  338.7  314.9
  714.0   3001   11.5    5.6     67   8.05    240      4  313.4  338.8  314.9
  700.0   3167   10.4    5.6     72   8.21    220      4  314.0  339.9  315.5
  665.0   3591    7.7    4.5     80   7.98    190      4  315.5  340.9  317.0
  641.0   3895    5.7    3.6     87   7.82     85      1  316.6  341.6  318.1
  628.0   4064    4.6    3.2     91   7.73     32      3  317.2  342.0  318.7
  618.0   4195    4.1    0.9     79   6.65    350      5  318.2  339.7  319.4
  615.0   4235    4.0    0.2     76   6.35    351      6  318.4  339.0  319.7
  596.0   4489    2.8   -0.5     79   6.25      0      9  319.9  340.2  321.1
  556.0   5052    0.0   -1.9     87   6.02     32      9  323.0  342.9  324.2
  553.0   5095   -0.1   -2.3     86   5.89     35      9  323.4  342.9  324.5
  532.0   5404   -1.2   -4.9     76   5.03     15     10  325.7  342.6  326.7
  513.0   5695   -2.2   -7.4     68   4.31    350      9  327.9  342.6  328.8
  503.0   5852   -2.7   -8.7     63   3.96    331     11  329.1  342.8  329.9
  500.0   5900   -2.9   -9.9     59   3.63    325     12  329.4  342.0  330.2
  494.0   5995   -3.4  -10.9     56   3.37    325     13  330.0  341.8  330.7
  475.0   6305   -4.9  -14.4     47   2.66    355     14  331.8  341.3  332.4
  470.0   6388   -5.3  -15.3     45   2.49    354     14  332.3  341.2  332.8
  407.0   7498  -14.3  -18.1     73   2.28    345     14  334.6  342.9  335.1
  406.0   7517  -14.5  -18.1     74   2.28    344     14  334.6  342.9  335.1
  400.0   7630  -14.9  -19.0     71   2.14    335     12  335.5  343.3  336.0
  391.0   7800  -15.9  -20.4     68   1.95    325     12  336.4  343.6  336.8
  380.0   8014  -17.1  -22.1     65   1.72    332     14  337.6  344.0  337.9
  368.0   8253  -17.5  -27.5     41   1.09    340     17  340.2  344.4  340.4
  346.0   8702  -20.9  -30.3     43   0.89    355     22  341.6  345.0  341.7
  319.0   9293  -25.5  -34.1     44   0.67    345     19  343.3  346.0  343.4
  306.0   9596  -27.8  -36.0     45   0.58    320     10  344.1  346.5  344.3
  300.0   9740  -28.9  -36.9     46   0.54    330      7  344.5  346.7  344.6
  294.0   9884  -30.2  -38.2     46   0.48    355      5  344.7  346.6  344.8
  290.0   9982  -31.1  -39.1     45   0.45     13      6  344.8  346.6  344.8
  285.0  10106  -31.9  -36.7     62   0.58     36      8  345.3  347.7  345.4
  282.0  10180  -32.5  -37.3     62   0.55     50      9  345.4  347.7  345.6
  258.0  10800  -38.0  -42.5     62   0.35     70     15  346.3  347.8  346.4
  250.0  11020  -39.9  -44.4     62   0.30     60     13  346.6  347.9  346.7
  249.0  11047  -40.1  -45.1     59   0.28     60     13  346.7  347.9  346.8
  236.0  11405  -42.9                          65     14  347.8         347.8
  207.0  12280  -49.9                          95     19  350.2         350.2
  200.0  12510  -51.7                          90     20  350.7         350.7
  150.0  14310  -67.1                         110     54  354.3         354.3
  130.0  15158  -74.7                         110     63  355.5         355.5
  127.0  15290  -75.5                         110     65  356.5         356.5
  103.0  16482  -82.2                          95     44  365.7         365.7
  100.0  16650  -83.1                         100     41  366.9         366.9
   97.5  16790  -84.1                         100     41  367.6         367.6
   86.2  17473  -82.7                         123     27  383.6         383.6
   83.3  17664  -82.1                         129     23  388.6         388.6
   83.0  17685  -81.5                         130     23  390.2         390.2
   81.5  17787  -78.7                         136     18  398.0         398.0
   79.0  17964  -79.4                         145      9  400.2         400.2
   76.5  18146  -80.1                         106      9  402.4         402.4
   74.0  18335  -79.2                          65      8  408.1         408.1
   70.0  18650  -77.7                          55      8  417.8         417.8
   68.2  18799  -78.3                          43     13  419.7         419.7
   67.0  18901  -76.6                          35     16  425.6         425.6
   65.6  19022  -74.5                          35     13  432.6         432.6
   64.0  19168  -73.8                          35      9  437.1         437.1
   55.7  19984  -70.1                         172     14  463.4         463.4
   55.0  20058  -70.5                         185     14  464.2         464.2
   52.0  20389  -72.2                         180     17  467.6         467.6
   51.2  20481  -72.7                         172     17  468.6         468.6
   50.0  20620  -72.3                         160     17  472.7         472.7
   47.0  20983  -72.6                         125     10  480.5         480.5
   45.0  21239  -72.8                          50     11  486.0         486.0
   43.6  21424  -72.9                          48     15  490.1         490.1
   42.0  21647  -71.0                          45     20  500.0         500.0
   38.5  22165  -66.7                          67     23  523.6         523.6
   38.0  22246  -64.7                          70     24  530.6         530.6
   36.0  22581  -56.5                          65     28  560.0         560.0
   35.8  22616  -55.7                          61     27  563.0         563.0
   33.0  23134  -55.6                           5     12  576.6         576.6
   32.0  23330  -55.5                         190      6  581.9         581.9
   31.6  23410  -55.5                         189      8  584.0         584.0
   30.0  23740  -57.3                         185     14  587.8         587.8
   27.0  24397  -59.8                         155     26  598.8         598.8
   26.0  24633  -60.7                         125     27  602.7         602.7
   24.0  25138  -56.7                          70     34  628.4         628.4
   22.1  25658  -52.5                          75     39  655.7         655.7
   20.0  26300  -52.5                          80     45  674.7         674.7
   19.2  26564  -52.1                          85     48  683.9         683.9
   17.0  27343  -56.5                         100     57  694.0         694.0
   14.0  28585  -53.5                          90     80  743.8         743.8
   13.5  28818  -52.9                                     753.5         753.5
