-----------------------------------------------------------------------------
   PRES   HGHT   TEMP   DWPT   RELH   MIXR   DRCT   SKNT   THTA   THTE   THTV
    hPa     m      C      C      %    g/kg    deg   knot     K      K      K 
-----------------------------------------------------------------------------
 1008.0     14   27.2   25.3     89  20.65      0      0  299.7  360.4  303.4
 1000.0     82   27.2   23.7     81  18.86    260      7  300.4  355.9  303.7
  976.0    297   25.9   22.8     83  18.31    280     10  301.1  355.2  304.4
  925.0    771   23.0   20.9     88  17.14    300     11  302.8  353.8  305.9
  850.0   1504   18.8   16.0     84  13.64    310     10  305.8  346.9  308.3
  822.0   1791   17.2   14.8     85  13.01    315      8  307.1  346.5  309.5
  766.0   2394   13.9   12.1     89  11.74    300     11  309.8  345.8  311.9
  755.0   2518   13.2   11.6     90  11.49    306     11  310.3  345.7  312.4
  739.0   2698   12.5   10.0     85  10.57    315     12  311.5  344.2  313.4
  700.0   3155   10.8    6.1     73   8.51    305     11  314.4  341.3  316.0
  698.0   3179   11.0    5.0     66   7.90    303     11  314.9  339.9  316.4
  688.0   3299    9.9    6.1     77   8.63    295     11  315.0  342.3  316.6
  683.0   3359    9.4    6.6     83   9.03    296     11  315.1  343.6  316.8
  654.0   3718    7.8    1.8     66   6.71    302     11  317.2  338.8  318.5
  628.0   4051    6.2    3.1     81   7.68    307     11  319.1  343.8  320.5
  573.0   4793    1.7   -2.0     76   5.79    320     10  322.3  341.4  323.4
  553.0   5081    0.0   -4.0     74   5.17    349      7  323.5  340.8  324.5
  552.0   5095   -0.1   -4.1     74   5.15    350      7  323.6  340.8  324.6
  542.0   5241   -0.9   -5.0     74   4.89    357      7  324.3  340.7  325.3
  537.0   5315   -1.5   -7.5     64   4.07      1      8  324.5  338.2  325.3
  534.0   5360   -1.5   -9.5     54   3.50      3      8  325.0  336.9  325.7
  532.0   5389   -1.7   -8.8     59   3.73      5      8  325.0  337.7  325.8
  524.0   5510   -2.7   -5.8     79   4.76    355      7  325.3  341.3  326.2
  521.0   5555   -2.5   -9.5     59   3.59    351      6  326.1  338.4  326.8
  512.0   5693   -3.1  -11.2     54   3.20    340      5  327.0  338.1  327.7
  505.0   5802   -3.5  -12.5     50   2.91    346      4  327.8  337.9  328.4
  500.0   5880   -3.9  -12.9     50   2.85    350      3  328.2  338.2  328.8
  493.0   5992   -4.5  -10.4     63   3.53     20      4  328.8  341.0  329.5
  489.0   6057   -4.9   -9.0     73   3.98     15      4  329.1  342.8  329.9
  474.0   6301   -6.4  -10.0     76   3.79    355      6  330.1  343.3  330.9
  456.0   6606   -8.3  -11.3     79   3.57     10      7  331.4  343.9  332.1
  447.0   6762   -9.3  -11.9     81   3.46      5      8  332.1  344.2  332.8
  444.0   6815   -9.7  -13.3     75   3.11      3      8  332.2  343.2  332.9
  439.0   6902  -10.2  -13.8     75   3.01      0      8  332.7  343.4  333.3
  422.0   7207  -11.8  -15.6     73   2.71     25      7  334.5  344.2  335.0
  406.0   7505  -13.3  -17.3     72   2.43     15      4  336.2  345.0  336.7
  400.0   7620  -13.9  -18.0     71   2.33     15      4  336.8  345.3  337.3
  390.0   7812  -15.1  -17.8     80   2.43    350      7  337.7  346.6  338.2
  380.0   8008  -16.1  -21.1     65   1.88     33      6  338.9  345.9  339.3
  375.0   8107  -16.7  -21.5     66   1.84     55      6  339.4  346.3  339.8
  360.0   8410  -18.5  -22.6     70   1.74    165      1  340.9  347.4  341.3
  346.0   8706  -20.3  -23.8     74   1.64    170      2  342.4  348.6  342.7
  332.0   9013  -22.2  -24.9     78   1.53    205      6  343.9  349.8  344.2
  331.0   9035  -22.3  -25.0     79   1.53    202      6  344.0  349.9  344.4
  319.0   9304  -24.4  -27.2     78   1.30    165      7  344.8  349.8  345.0
  306.0   9606  -26.8  -29.6     77   1.08    165      7  345.6  349.8  345.8
  300.0   9750  -27.9  -30.8     76   0.98    150      6  345.9  349.8  346.1
  294.0   9892  -29.0  -32.1     75   0.89    145      6  346.3  349.9  346.5
  270.0  10490  -33.8  -37.5     70   0.57     35      7  347.9  350.3  348.1
  258.0  10809  -36.3  -40.3     67   0.44     65      6  348.8  350.6  348.8
  250.0  11030  -38.1  -42.3     65   0.37     95      5  349.3  350.8  349.4
  247.0  11113  -38.9  -43.4     62   0.33    115      5  349.3  350.7  349.4
  244.0  11196  -39.7  -44.5     60   0.30    121      5  349.3  350.6  349.4
  226.0  11707  -44.2                         155      7  350.1         350.1
  217.0  11977  -46.7                         135      9  350.5         350.5
  200.0  12520  -51.5                         135     16  351.1         351.1
  156.0  14075  -65.0                         125     26  354.0         354.0
  150.0  14320  -67.1                         115     26  354.3         354.3
  134.0  14968  -72.4                          90     31  356.5         356.5
  100.0  16650  -86.1                          95     42  361.1         361.1
   93.6  17009  -88.9                          95     44  362.5         362.5
   92.0  17102  -88.9                          90     44  364.3         364.3
   91.2  17149  -88.9                          89     42  365.2         365.2
   86.9  17414  -83.1                          84     32  381.9         381.9
   83.0  17671  -81.2                          80     23  390.8         390.8
   81.5  17773  -80.5                          57     22  394.3         394.3
   79.8  17893  -76.5                          29     20  405.0         405.0
   78.0  18025  -76.3                           0     19  408.1         408.1
   74.0  18329  -75.7                         320     27  415.5         415.5
   71.0  18568  -75.2                         260     15  421.4         421.4
   70.0  18650  -75.1                         255     15  423.4         423.4
   67.0  18903  -75.7                         245     12  427.4         427.4
   64.0  19167  -76.3                         280     12  431.7         431.7
   61.3  19416  -76.9                         243      8  435.8         435.8
   60.0  19540  -75.8                         225      6  440.9         440.9
   58.7  19666  -74.7                         187      9  446.1         446.1
   57.0  19836  -75.6                         135     14  447.8         447.8
   54.1  20137  -77.3                         101     15  450.7         450.7
   54.0                                       100     15                     
