-----------------------------------------------------------------------------
   PRES   HGHT   TEMP   DWPT   RELH   MIXR   DRCT   SKNT   THTA   THTE   THTV
    hPa     m      C      C      %    g/kg    deg   knot     K      K      K 
-----------------------------------------------------------------------------
 1012.0     14   24.2   22.7     91  17.50    100      2  296.3  347.0  299.4
 1000.0    115   23.0   21.0     89  15.93    115      5  296.1  342.2  299.0
  999.0    124   23.0   21.0     89  15.94    118      5  296.2  342.3  299.1
  981.0    284   24.0   20.0     78  15.25    163      6  298.8  343.4  301.5
  948.0    585   23.2   18.6     75  14.44    250      8  300.9  343.5  303.5
  946.0    604   23.1   18.4     75  14.30    255      8  301.0  343.2  303.6
  925.0    801   22.4   16.4     69  12.84    260     10  302.2  340.4  304.5
  854.0   1488   17.6   14.3     81  12.14    269     13  304.2  340.6  306.4
  850.0   1528   17.4   14.6     84  12.44    270     13  304.4  341.7  306.6
  767.0   2401   13.9   10.3     79  10.39    285     14  309.6  341.6  311.6
  740.0   2705   12.7    8.9     78   9.73    305     14  311.5  341.7  313.3
  739.0   2717   12.6    8.8     78   9.71    305     14  311.5  341.7  313.4
  714.0   3004   10.4    7.5     82   9.19    300      7  312.2  340.9  313.9
  701.0   3158    9.2    6.8     85   8.92    309      5  312.5  340.4  314.2
  700.0   3170    9.0    6.8     86   8.93    310      5  312.4  340.3  314.1
  689.0   3299    8.3    6.1     86   8.67    335      5  313.1  340.2  314.7
  664.0   3601    6.7    4.6     86   8.07    340      8  314.6  340.1  316.1
  641.0   3889    5.1    3.1     87   7.53     35     10  316.0  340.0  317.4
  617.0   4200    3.5    1.5     87   6.97     60      9  317.5  340.0  318.9
  595.0   4497    1.9   -0.0     87   6.47     50     10  319.0  340.0  320.3
  570.0   4847    0.0   -1.8     88   5.92     65      9  320.7  340.1  321.9
  553.0   5090   -0.5   -3.0     83   5.57     75      8  323.0  341.4  324.1
  552.0   5105   -0.5   -3.1     83   5.55     75      8  323.1  341.5  324.2
  544.0   5221   -0.9   -6.9     64   4.21     72      8  324.0  338.2  324.8
  513.0   5687   -4.1   -9.1     68   3.76     60      8  325.6  338.4  326.3
  512.0   5703   -4.1   -8.3     73   4.02     60      8  325.8  339.4  326.6
  509.0   5749   -4.1   -5.9     87   4.87     61      8  326.3  342.7  327.3
  500.0   5890   -4.7   -8.2     76   4.15     65      7  327.2  341.4  328.1
  490.0   6049   -5.3   -9.6     72   3.79     74      8  328.4  341.4  329.2
  453.0   6664   -8.3  -12.1     74   3.36    107     13  332.1  343.9  332.8
  439.0   6905   -9.9  -13.3     76   3.14    120     15  333.1  344.2  333.7
  400.0   7620  -14.5  -16.9     82   2.56    125     16  336.1  345.3  336.6
  371.0   8187  -18.3  -20.4     84   2.05    137     16  338.3  345.9  338.7
  319.0   9291  -26.6  -29.1     79   1.08    160     15  341.8  346.0  342.0
  300.0   9740  -29.9  -32.7     77   0.82    175     13  343.1  346.4  343.3
  285.0  10103  -32.5  -34.9     79   0.70    183     13  344.5  347.2  344.6
  281.0  10201  -33.3  -36.0     77   0.64    185     13  344.7  347.3  344.8
  251.0  10983  -39.7  -44.3     61   0.30    175     24  346.5  347.8  346.6
  250.0  11010  -40.3                         175     24  346.0         346.0
  206.0  12294  -51.2                         175     31  348.5         348.5
  200.0  12490  -52.9                         175     30  348.8         348.8
  171.0  13465  -61.6                         145     27  350.4         350.4
  150.0  14280  -68.9                         115     34  351.2         351.2
  133.0  14968  -73.9                         100     50  354.6         354.6
  100.0  16600  -85.7                          90     53  361.9         361.9
   96.0  16823  -87.4                          85     54  362.9         362.9
   94.8  16891  -87.9                          85     53  363.2         363.2
   91.0  17117  -82.5                          85     37  378.1         378.1
   89.9  17184  -80.9                          74     30  382.6         382.6
   87.0  17370  -78.7                          45     10  390.6         390.6
   85.7  17456  -77.7                           9     11  394.4         394.4
   82.0  17707  -78.1                         265     14  398.5         398.5
   74.0  18292  -79.1                         265     21  408.3         408.3
   73.9  18300  -79.1                         265     21  408.5         408.5
   70.0  18610  -76.1                         285     18  421.3         421.3
   66.7  18892  -72.7                         300     17  434.5         434.5
   60.6  19455  -74.5                         330     15  442.5         442.5
   52.5  20304  -69.3                          15     12  473.1         473.1
   51.5  20420  -65.7                          21     12  484.1         484.1
   50.0  20600  -65.9                          30     11  487.8         487.8
   47.3  20934  -68.3                          28     10  489.8         489.8
   42.6  21561  -68.3                          24      9  504.7         504.7
   40.2  21911  -64.1                          21      8  523.6         523.6
   32.8  23161  -61.7                          13      6  561.4         561.4
   30.9  23534  -57.3                          11      5  582.9         582.9
   30.0  23720  -58.1                          10      5  585.7         585.7
   29.0  23933  -59.9                          33      6  586.4         586.4
   26.8  24428  -57.9                          86      7  605.4         605.4
   23.1  25355  -62.3                         185     10  618.8         618.8
   21.3  25856  -61.5                         120     30  635.7         635.7
   20.2  26187  -58.5                          78     43  654.5         654.5
   20.0  26250  -58.3                          70     45  657.0         657.0
   17.0  27274  -57.5                          74     56  690.8         690.8
   13.4  28805  -49.8                          80     73  765.8         765.8
   13.2  28901  -49.3                                     770.8         770.8
