-----------------------------------------------------------------------------
   PRES   HGHT   TEMP   DWPT   RELH   MIXR   DRCT   SKNT   THTA   THTE   THTV
    hPa     m      C      C      %    g/kg    deg   knot     K      K      K 
-----------------------------------------------------------------------------
 1011.0     14   24.6   23.8     95  18.76      0      0  296.8  351.2  300.1
 1005.0     64   23.8   21.9     89  16.77     60      5  296.5  345.1  299.5
 1000.0    105   24.6   22.8     90  17.83    110     10  297.8  349.7  300.9
  978.0    301   25.2   23.2     89  18.66     45      4  300.2  355.2  303.6
  970.0    374   25.4   23.3     88  18.98     31      5  301.2  357.3  304.6
  945.0    604   24.0   22.0     89  17.95    345      9  302.0  355.2  305.2
  925.0    792   22.8   20.9     89  17.14    340     14  302.6  353.6  305.7
  855.0   1473   18.0   15.8     87  13.38    307     21  304.5  344.6  306.9
  850.0   1523   17.6   15.8     89  13.46    305     21  304.6  344.9  307.0
  794.0   2101   14.2   12.5     90  11.63    285     22  306.9  342.2  309.0
  761.0   2461   12.0   10.5     91  10.58    276     20  308.3  340.7  310.3
  740.0   2695   11.8   10.2     90  10.68    270     18  310.6  343.5  312.6
  739.0   2707   11.8   10.2     90  10.68    270     18  310.7  343.7  312.7
  700.0   3159    9.4    8.9     97  10.33    250     18  312.9  345.1  314.8
  640.0   3898    6.0    5.3     95   8.80    220     18  317.2  345.2  318.9
  629.0   4041    5.4    4.6     95   8.53    222     18  318.0  345.3  319.6
  604.0   4371    3.4    2.6     94   7.70    228     18  319.4  344.3  320.9
  556.0   5039    0.0   -0.8     94   6.54    240     19  323.0  344.6  324.3
  521.0   5557   -3.5   -5.1     89   5.05    249     19  324.9  341.8  325.9
  515.0   5648   -3.9   -5.5     89   4.96    251     19  325.5  342.1  326.4
  513.0   5679   -3.9   -5.3     90   5.05    251     19  325.8  342.8  326.8
  510.0   5725   -5.9   -8.5     82   3.97    252     19  323.9  337.4  324.7
  500.0   5880   -6.5  -11.5     68   3.19    255     19  325.1  336.0  325.7
  493.0   5991   -6.5  -11.5     68   3.24    255     20  326.4  337.5  327.0
  489.0   6055   -6.5  -11.5     68   3.26    255     20  327.1  338.4  327.8
  467.0   6418   -6.5  -12.5     62   3.15    258     18  331.4  342.5  332.1
  446.0   6778   -8.3  -16.3     53   2.41    260     17  333.6  342.2  334.1
  428.0   7099  -10.5  -13.9     76   3.07    262     16  334.7  345.6  335.3
  412.0   7393  -12.5  -16.8     70   2.51    264     15  335.8  344.9  336.3
  400.0   7620  -14.1  -17.9     73   2.35    265     14  336.6  345.1  337.1
  390.0   7811  -15.6  -17.5     85   2.50    265     11  337.0  346.1  337.5
  383.0   7948  -16.7  -17.2     96   2.61    247     10  337.4  346.8  337.9
  375.0   8106  -17.5  -18.6     91   2.35    225      8  338.3  346.9  338.8
  360.0   8411  -19.1  -21.5     81   1.92    305      2  340.2  347.4  340.6
  352.0   8578  -19.9  -23.0     76   1.72     30      4  341.3  347.7  341.6
  346.0   8706  -21.0  -25.3     68   1.43     95      6  341.5  346.9  341.8
  343.0   8770  -21.5  -26.4     65   1.30     99      6  341.6  346.6  341.9
  332.0   9009  -23.9  -27.6     71   1.20    115      7  341.6  346.2  341.9
  329.0   9075  -24.5  -28.0     73   1.17    115      8  341.6  346.1  341.9
  300.0   9740  -29.7  -32.5     77   0.84    115     16  343.4  346.7  343.6
  293.0   9906  -30.6  -33.7     74   0.76    110     18  344.4  347.5  344.6
  273.0  10403  -33.3  -37.4     67   0.57    152     19  347.6  349.9  347.7
  258.0  10793  -36.6  -40.7     66   0.43    185     20  348.3  350.1  348.4
  250.0  11010  -38.5  -42.5     66   0.36    190     24  348.7  350.2  348.8
  243.0  11204  -39.9  -43.7     67   0.33    187     24  349.4  350.8  349.5
  200.0  12500  -51.7                         165     25  350.7         350.7
  189.0  12864  -54.9                         165     25  351.3         351.3
  188.0  12897  -55.1                         165     25  351.5         351.5
  171.0  13490  -58.9                         125     21  354.9         354.9
  163.0  13790  -60.8                         135     10  356.6         356.6
  155.0  14105  -62.8                         195      6  358.3         358.3
  150.0  14310  -64.1                         210      8  359.5         359.5
  127.0  15283  -71.3                         250     20  363.9         363.9
  115.0  15863  -75.6                         180     21  366.4         366.4
  100.0  16680  -81.7                         130     15  369.6         369.6
   98.0  16792  -82.4                         125     16  370.5         370.5
   88.0  17388  -86.0                         150     19  374.9         374.9
   87.1  17445  -86.3                         145     18  375.3         375.3
   83.0  17709  -86.0                         115     18  381.0         381.0
   80.7  17863  -85.9                          81     12  384.4         384.4
   79.0  17982  -84.7                          55      8  389.2         389.2
   75.0  18274  -81.8                         350      4  401.1         401.1
   71.0  18581  -78.7                         155      6  414.0         414.0
   70.0  18660  -77.9                         145      5  417.4         417.4
   69.4  18709  -77.1                         128      6  420.1         420.1
   67.0  18913  -76.7                          60     11  425.3         425.3
   64.0  19178  -76.2                          45      7  432.0         432.0
   60.0  19551  -75.4                         140      7  441.7         441.7
   55.3  20023  -74.5                         140     10  454.3         454.3
   55.0  20055  -74.1                         140     10  455.9         455.9
   52.0  20386  -69.8                          80      8  473.2         473.2
   51.1  20489  -68.5                          67      6  478.7         478.7
   50.0  20620  -68.3                          50      4  482.1         482.1
   49.0  20741  -68.5                          60      4  484.6         484.6
   47.0  20989  -68.8                         120     10  489.6         489.6
   45.0  21249  -69.1                         105     15  495.0         495.0
   44.9  21262  -69.1                         105     15  495.2         495.2
   41.9  21674  -68.3                         106     20  507.1         507.1
   40.8  21835  -65.3                         107     22  518.5         518.5
   38.6  22172  -63.7                         107     26  530.8         530.8
   33.9  22959  -66.9                         110     35  542.4         542.4
   33.0  23125  -65.0                         110     37  551.5         551.5
   30.0  23710  -58.5                          95     48  584.6         584.6
   29.7  23773  -57.3                          92     49  589.5         589.5
   29.0  23926  -56.3                          85     53  596.3         596.3
   26.6  24479  -52.7                          53     28  621.4         621.4
   26.0  24625  -53.1                          45     22  624.4         624.4
   23.2  25358  -54.9                          82     20  639.7         639.7
   23.0  25414  -54.8                          85     20  641.4         641.4
   20.0  26310  -53.9                          65     42  670.4         670.4
   19.3  26537  -54.7                          69     44  674.8         674.8
   17.9  27019  -51.1                          77     49  700.9         700.9
   16.4  27587  -49.9                          86     55  722.5         722.5
   15.0  28161  -52.2                          95     61  733.6         733.6
   13.9  28651  -54.1                         100     66  743.2         743.2
   13.0  29079  -52.5                          98     65  763.1         763.1
   12.3  29438  -47.9                          96     65  791.4         791.4
   10.3  30614  -43.6                          90     63  848.4         848.4
   10.0  30810  -42.9                          90     63  858.3         858.3
    9.7  31016  -41.7                                     870.3         870.3
