-----------------------------------------------------------------------------
   PRES   HGHT   TEMP   DWPT   RELH   MIXR   DRCT   SKNT   THTA   THTE   THTV
    hPa     m      C      C      %    g/kg    deg   knot     K      K      K 
-----------------------------------------------------------------------------
 1011.0     14   25.8   24.1     90  19.12      0      0  298.0  353.8  301.4
 1008.0     39   25.4   23.3     88  18.25      7      1  297.9  351.0  301.1
 1000.0    107   25.8   22.7     83  17.72     25      5  298.9  350.8  302.1
  985.0    241   26.2   22.5     80  17.77    351      8  300.6  353.1  303.8
  978.0    304   25.7   22.0     80  17.39    335     10  300.8  352.1  303.9
  946.0    596   23.5   19.9     80  15.69    330     13  301.4  347.8  304.2
  925.0    794   22.0   18.4     80  14.62    315     12  301.8  345.1  304.4
  882.0   1205   19.2   17.2     88  14.17    295     12  303.0  345.2  305.6
  853.0   1493   17.2   16.3     94  13.86    286     12  303.8  345.3  306.4
  850.0   1523   17.2   16.2     94  13.82    285     12  304.1  345.5  306.7
  797.0   2074   15.4   11.6     78  10.88    277     13  307.9  341.1  309.9
  704.0   3123   10.8    7.2     78   9.13    261     14  313.9  342.6  315.6
  700.0   3171   10.6    6.9     78   8.99    260     14  314.2  342.5  315.9
  665.0   3589    8.2    4.7     78   8.10    260     10  316.2  342.0  317.7
  641.0   3889    6.5    3.1     78   7.51    230      9  317.6  341.7  319.0
  595.0   4497    3.1   -0.2     79   6.40    225      8  320.4  341.3  321.7
  556.0   5050    0.0   -3.1     80   5.51    257      7  323.0  341.3  324.1
  553.0   5093   -0.3   -3.0     82   5.56    260      7  323.2  341.6  324.3
  532.0   5401   -2.3   -2.7     97   5.93    325      3  324.4  344.1  325.5
  513.0   5688   -3.9   -4.6     95   5.32    345      6  325.8  343.6  326.8
  500.0   5890   -5.1   -6.0     93   4.92    335      6  326.8  343.4  327.7
  493.0   6000   -5.7   -6.7     93   4.74    300      6  327.4  343.5  328.3
  475.0   6290   -7.2   -8.4     91   4.29    280      8  329.1  343.8  329.9
  457.0   6591   -8.7  -10.2     89   3.87    305      8  330.8  344.2  331.6
  439.0   6904  -10.3  -12.1     86   3.46    280      8  332.6  344.7  333.3
  428.0   7102  -11.3  -13.3     85   3.22    324      6  333.7  345.1  334.4
  423.0   7192  -11.8  -13.9     84   3.10    345      5  334.1  345.2  334.8
  406.0   7506  -13.6  -16.1     82   2.70    310      2  335.7  345.4  336.3
  400.0   7620  -14.3  -16.9     81   2.56    305      3  336.3  345.6  336.8
  361.0   8386  -19.3  -22.4     76   1.77    260      8  339.7  346.2  340.0
  346.0   8703  -21.3  -24.7     74   1.50    260      6  341.0  346.7  341.3
  342.0   8790  -21.9  -25.3     74   1.44    250      5  341.4  346.9  341.7
  332.0   9005  -23.5  -27.0     73   1.27    225      3  342.1  347.0  342.4
  300.0   9740  -28.9  -32.7     70   0.82    210      9  344.5  347.8  344.7
  293.0   9904  -30.3  -34.2     69   0.73    215      7  344.9  347.8  345.0
  269.0  10500  -35.4  -39.6     65   0.46    175     10  346.0  347.9  346.1
  250.0  11010  -39.7  -44.2     62   0.30    180     11  346.9  348.2  347.0
  249.0  11038  -39.9  -44.4     62   0.30    180     11  347.0  348.3  347.1
  226.0  11684  -45.7                         190     10  347.8         347.8
  200.0  12500  -53.1                         150     15  348.5         348.5
  155.0  14077  -66.2                          95     33  352.5         352.5
  150.0  14280  -67.9                          90     37  352.9         352.9
  120.0  15573  -78.6                          80     61  356.6         356.6
  112.0  15973  -81.9                          80     70  357.5         357.5
  108.0  16176  -81.6                          80     72  361.9         361.9
  105.0  16334  -81.3                          78     63  365.3         365.3
  100.0  16610  -77.9                          75     47  377.0         377.0
   97.1  16779  -76.1                          73     32  383.7         383.7
   92.0  17088  -76.8                          70      4  388.1         388.1
   87.0  17408  -77.6                         230     12  392.8         392.8
   79.0  17959  -79.0                         270     33  401.0         401.0
   72.9  18419  -80.1                         277     30  407.9         407.9
   70.0  18650  -78.3                         280     29  416.6         416.6
   64.0  19166  -75.9                         280     11  432.6         432.6
   61.4  19408  -72.1                         176      7  446.2         446.2
   61.0  19447  -72.2                         160      6  446.8         446.8
   58.0  19743  -73.2                          95      6  450.9         450.9
   56.7  19876  -73.7                          80      8  452.9         452.9
   55.0  20056  -71.8                          60     11  461.2         461.2
   53.9  20175  -70.5                          75     11  466.8         466.8
   50.0  20620  -72.5                         130     10  472.2         472.2
   49.0  20739  -72.7                         130     13  474.6         474.6
   47.7  20896  -72.9                         113     17  477.7         477.7
   46.4  21059  -72.1                          95     21  483.4         483.4
   45.2  21214  -68.9                          78     25  494.8         494.8
   45.0  21241  -67.6                          75     26  498.7         498.7
   44.4  21322  -63.5                          76     24  510.4         510.4
   42.3  21622  -60.7                          79     17  524.5         524.5
   42.0  21665  -60.9                          80     16  525.1         525.1
   40.0  21967  -62.1                         150     12  529.5         529.5
   37.4  22382  -63.7                         125     19  535.6         535.6
   35.0  22789  -63.1                         100     25  547.3         547.3
   34.0  22967  -62.9                                     552.5         552.5
