-----------------------------------------------------------------------------
   PRES   HGHT   TEMP   DWPT   RELH   MIXR   DRCT   SKNT   THTA   THTE   THTV
    hPa     m      C      C      %    g/kg    deg   knot     K      K      K 
-----------------------------------------------------------------------------
 1011.0     14   24.8   22.8     89  17.63      0      0  297.0  348.2  300.1
 1003.0     85   26.8   20.8     70  15.68    123      2  299.7  345.7  302.5
 1000.0    112   27.4   20.4     66  15.33    170      3  300.6  345.8  303.3
  995.0    157   27.6   20.6     66  15.61    130      3  301.2  347.3  304.0
  979.0    300   26.3   20.8     72  16.03      0      1  301.3  348.7  304.2
  946.0    603   23.6   21.1     86  16.96    290      6  301.5  351.7  304.6
  925.0    799   22.2   20.0     87  16.19    285      7  302.0  350.0  304.9
  914.0    903   21.8   18.6     82  14.95    270      8  302.7  347.1  305.4
  877.0   1261   20.6   13.6     64  11.28    285      9  305.0  339.0  307.0
  853.0   1500   18.5   14.6     78  12.38    295     10  305.2  342.4  307.4
  850.0   1530   18.2   14.7     80  12.52    300      9  305.2  342.9  307.5
  824.0   1793   16.8   13.6     81  12.00    300      6  306.4  342.8  308.7
  795.0   2097   15.2   12.3     83  11.42    235      8  307.9  342.7  310.0
  740.0   2705   12.0    9.7     86  10.31    315      8  310.8  342.6  312.7
  715.0   2996   10.5    8.4     87   9.80    300      6  312.1  342.7  314.0
  714.0   3008   10.4    8.4     87   9.78    297      6  312.2  342.7  314.0
  700.0   3173    9.8    6.8     82   8.93    250      4  313.3  341.3  315.0
  689.0   3305    9.5    5.9     78   8.52    225      6  314.4  341.3  316.0
  669.0   3550    9.0    4.2     72   7.79    262      8  316.5  341.3  318.0
  665.0   3600    8.8    3.8     71   7.59    270      8  316.8  341.0  318.2
  641.0   3903    7.2    1.1     65   6.49    285      9  318.4  339.4  319.6
  605.0   4380    4.8   -3.2     56   5.02    264     11  320.9  337.5  321.8
  574.0   4807    1.7   -4.7     63   4.74    245     12  322.1  337.9  323.0
  567.0   4906    1.0   -5.0     64   4.68    245     12  322.4  338.0  323.3
  552.0   5122    0.0   -9.0     51   3.52    245     13  323.7  335.7  324.4
  543.0   5254   -1.1   -6.1     69   4.49    245     13  323.9  339.0  324.8
  537.0   5343   -0.9  -10.9     47   3.12    245     13  325.2  335.9  325.8
  521.0   5584   -2.7   -7.7     68   4.14    245     13  325.8  339.9  326.6
  500.0   5910   -5.1   -8.5     77   4.05    245     14  326.8  340.6  327.6
  449.0   6744  -11.1  -12.0     93   3.41    253      8  329.4  341.3  330.1
  440.0   6898  -12.1  -13.0     93   3.22    255      7  330.0  341.3  330.7
  423.0   7196  -14.1  -14.9     94   2.86    270      5  331.2  341.4  331.8
  406.0   7507  -16.1  -16.9     94   2.53    240      1  332.5  341.5  333.0
  400.0   7620  -16.9  -17.6     94   2.41      0      1  332.9  341.6  333.4
  390.0   7808  -18.1  -18.8     95   2.24    285      1  333.8  341.9  334.2
  375.0   8099  -20.0  -20.6     95   1.99    105      1  335.0  342.3  335.4
  360.0   8402  -22.0  -22.5     96   1.76      0      1  336.3  342.8  336.7
  359.0   8422  -22.1  -22.6     96   1.75    353      1  336.4  342.9  336.8
  346.0   8692  -23.5  -25.5     83   1.39    255      5  338.1  343.4  338.4
  333.0   8971  -24.9  -28.6     71   1.09    237      5  339.9  344.1  340.1
  318.0   9302  -27.4  -30.8     73   0.93    215      6  341.0  344.6  341.1
  305.0   9601  -29.6  -32.7     74   0.80    180      4  341.9  345.1  342.1
  300.0   9720  -30.5  -33.5     75   0.76    180      5  342.3  345.3  342.4
  280.0  10206  -34.8  -37.5     77   0.55    165      8  342.9  345.1  343.0
  277.0  10282  -35.5  -38.1     77   0.52    151      8  342.9  345.1  343.1
  268.0  10510  -37.1  -40.9     67   0.40    110      9  343.9  345.5  343.9
  253.0  10908  -39.9  -45.9     53   0.25     93     11  345.4  346.5  345.5
  250.0  10990  -40.5                          90     12  345.7         345.7
  215.0  11990  -48.9                          75     28  347.9         347.9
  200.0  12470  -52.9                          75     33  348.8         348.8
  166.0  13639  -63.9                          78     37  349.5         349.5
  150.0  14250  -69.3                          80     39  350.5         350.5
  130.0  15089  -76.3                          80     51  352.6         352.6
  125.0  15314  -77.9                          80     54  353.8         353.8
  123.0  15406  -78.5                          78     55  354.2         354.2
  119.0  15594  -79.9                          75     56  355.0         355.0
  116.0  15738  -80.7                          73     57  356.1         356.1
  115.0  15787  -81.1                          72     57  356.3         356.3
  113.0  15886  -78.7                          70     58  362.5         362.5
  112.0  15937  -77.5                          68     55  365.7         365.7
  109.0  16093  -75.7                          63     44  371.9         371.9
  102.0  16476  -76.6                          50     18  377.4         377.4
  101.0  16533  -76.7                                     378.2         378.2
