-----------------------------------------------------------------------------
   PRES   HGHT   TEMP   DWPT   RELH   MIXR   DRCT   SKNT   THTA   THTE   THTV
    hPa     m      C      C      %    g/kg    deg   knot     K      K      K 
-----------------------------------------------------------------------------
 1009.0     14   26.4   25.0     92  20.25      0      0  298.8  358.1  302.4
 1000.0     94   26.4   22.4     79  17.39    165      2  299.6  350.6  302.7
  991.0    174   27.0   22.6     77  17.77    101      1  300.9  353.4  304.1
  977.0    299   26.1   22.1     78  17.44      0      0  301.3  352.8  304.4
  944.0    602   24.0   20.8     82  16.65    285      4  302.1  351.5  305.1
  925.0    781   22.8   20.0     84  16.19    280      5  302.6  350.7  305.6
  906.0    962   21.4   19.1     87  15.61    275      6  303.0  349.4  305.8
  850.0   1514   18.4   15.0     81  12.77    260      8  305.4  343.9  307.8
  794.0   2095   15.9   11.2     74  10.63    255      9  308.7  341.3  310.7
  766.0   2401   14.5    9.2     70   9.62    250      8  310.4  340.2  312.2
  739.0   2707   13.2    7.2     67   8.69    264      8  312.2  339.4  313.8
  708.0   3068   11.0    7.4     78   9.21    281      9  313.6  342.5  315.4
  700.0   3163   10.8    4.8     66   7.76    285      9  314.4  339.0  315.9
  689.0   3295   10.2    3.8     65   7.36    290      8  315.2  338.6  316.6
  671.0   3516    9.2    2.2     62   6.73    286      7  316.4  338.0  317.7
  596.0   4487    3.3   -0.4     77   6.29    270      3  320.5  341.1  321.8
  574.0   4795    1.5   -1.2     83   6.15    310      4  321.8  342.0  323.0
  571.0   4838    1.2   -1.3     83   6.13    306      4  322.0  342.1  323.2
  566.0   4909    1.4   -5.6     60   4.48    301      4  323.0  338.0  323.9
  555.0   5067    0.0   -3.1     80   5.52    287      3  323.2  341.5  324.3
  553.0   5096   -0.1   -3.3     79   5.47    285      3  323.4  341.5  324.4
  532.0   5406   -1.4   -5.1     76   4.93    325      5  325.4  342.0  326.4
  513.0   5696   -2.7   -6.9     73   4.47     25      1  327.3  342.5  328.2
  500.0   5900   -3.9   -7.0     79   4.55      0      0  328.2  343.8  329.1
  494.0   5994   -4.5   -7.5     79   4.44     30      2  328.7  343.9  329.6
  475.0   6299   -6.3   -9.1     80   4.08     10      3  330.1  344.2  331.0
  457.0   6599   -8.0  -10.6     82   3.75    300      3  331.6  344.7  332.4
  435.0   6982  -10.3  -12.6     83   3.36    296      5  333.4  345.3  334.1
  418.0   7287  -12.7  -13.3     95   3.30    292      6  334.2  345.9  334.8
  407.0   7489  -14.0  -14.2     98   3.14    290      7  335.0  346.2  335.7
  403.0   7564  -14.5  -14.6     99   3.08    293      6  335.3  346.3  336.0
  400.0   7620  -14.9  -15.0     99   3.00    295      5  335.5  346.3  336.1
  397.0   7677  -15.1  -15.2     99   2.97    285      5  336.0  346.6  336.6
  394.0   7734  -16.1  -19.1     78   2.16    275      5  335.4  343.3  335.9
  388.0   7850  -15.7  -20.1     69   2.01    256      6  337.4  344.8  337.8
  376.0   8085  -17.7  -22.3     67   1.71    215      7  337.9  344.2  338.2
  364.0   8328  -19.7  -24.6     65   1.44    239      7  338.3  343.7  338.6
  361.0   8389  -20.1  -24.4     69   1.48    245      7  338.5  344.1  338.8
  346.0   8703  -22.3  -23.4     91   1.69    310      5  339.7  346.0  340.1
  333.0   8984  -23.3  -26.2     77   1.36    324      5  342.1  347.3  342.4
  306.0   9597  -27.7  -30.5     77   0.99    355      6  344.3  348.2  344.5
  300.0   9740  -28.7  -31.5     77   0.92      5      5  344.8  348.4  345.0
  293.0   9904  -30.1  -33.1     75   0.81     20      3  345.2  348.4  345.4
  281.0  10196  -32.5  -35.9     72   0.64     75      3  345.9  348.4  346.0
  258.0  10791  -37.5  -41.6     65   0.39     75      4  347.1  348.7  347.2
  250.0  11010  -39.3  -43.7     63   0.32     70      5  347.5  348.9  347.6
  246.0  11120  -40.1  -44.8     61   0.29     63      5  347.9  349.1  348.0
  236.0  11397  -42.4                          45      6  348.6         348.6
  216.0  11987  -47.4                          80     19  349.8         349.8
  200.0  12500  -51.7                          75     23  350.7         350.7
  188.0  12889  -54.8                          85     33  351.9         351.9
  150.0  14310  -66.3                          90     45  355.7         355.7
  148.0  14388  -66.8                          90     46  356.2         356.2
  127.0  15275  -72.5                          70     39  361.8         361.8
  115.0  15850  -76.3                          85     19  365.2         365.2
  103.0  16489  -80.4                         115     26  369.0         369.0
  100.0  16660  -81.5                         105     26  370.0         370.0
   88.0  17369  -85.8                          55     24  375.2         375.2
   83.0  17693  -87.7                          50     20  377.6         377.6
   82.6  17720  -87.9                          50     20  377.7         377.7
   79.0  17963  -87.5                         100     17  383.3         383.3
   76.5  18138  -87.3                         107     21  387.4         387.4
   75.7  18196  -86.5                         110     22  390.2         390.2
   74.7  18270  -80.9                         113     24  403.4         403.4
   74.0  18324  -80.5                         115     25  405.2         405.2
   71.0  18559  -79.0                          90     28  413.3         413.3
   70.0  18640  -78.5                          85     27  416.1         416.1
   68.5  18764  -79.3                          92     25  417.0         417.0
   67.0  18891  -77.7                         100     23  423.1         423.1
   64.5  19110  -74.9                          90     23  433.9         433.9
   63.8  19174  -71.9                          87     23  441.8         441.8
   60.1  19531  -68.1                          70     23  457.9         457.9
   60.0  19541  -68.1                          70     23  458.0         458.0
   58.0  19744  -68.8                           0     14  461.1         461.1
   52.0  20397  -70.8                         250     10  470.9         470.9
   51.7  20432  -70.9                         232     10  471.5         471.5
   50.2  20606  -71.5                         138      8  474.1         474.1
   50.0  20630  -71.5                         125      8  474.6         474.6
   49.0  20750  -68.3                         115     13  484.9         484.9
   45.0  21264  -66.9                         100     24  500.3         500.3
   39.9  21990  -64.9                         112     23  522.8         522.8
   38.7  22178  -62.3                         115     23  533.9         533.9
   33.0  23160  -62.0                         130     21  559.7         559.7
   32.3  23293  -61.9                         122     23  563.3         563.3
   30.0  23750  -60.9                          95     28  578.0         578.0
   28.7  24027  -57.7                          83     30  594.2         594.2
   26.7  24484  -55.3                          62     35  613.4         613.4
   26.0  24652  -55.6                          55     36  617.1         617.1
   25.0  24901  -56.1                          35     27  622.7         622.7
   23.0  25428  -57.1                          40     16  634.8         634.8
   21.2  25944  -58.1                          63     24  646.7         646.7
   20.0  26310  -57.9                          80     29  658.2         658.2
   18.7  26733  -56.5                          83     35  675.3         675.3
   17.0  27342  -51.7                          86     44  709.4         709.4
   13.1  29044  -46.9                          97     67  780.8         780.8
   12.0  29623  -46.8                         100     75  800.9         800.9
   10.9  30258  -46.7                          97     77  823.6         823.6
   10.0  30830  -44.3                          95     79  853.1         853.1
    9.5  31176  -41.5                                     876.2         876.2
