-----------------------------------------------------------------------------
   PRES   HGHT   TEMP   DWPT   RELH   MIXR   DRCT   SKNT   THTA   THTE   THTV
    hPa     m      C      C      %    g/kg    deg   knot     K      K      K 
-----------------------------------------------------------------------------
 1009.0     14   26.6   24.0     86  19.04      0      0  299.0  354.7  302.4
 1007.0     31   28.0   23.0     74  17.93    350      2  300.6  353.4  303.8
 1006.0     39   29.0   24.0     74  19.09    345      3  301.6  358.2  305.1
 1000.0     89   28.6   23.6     74  18.74    315     10  301.8  357.3  305.1
  977.0    296   26.7   22.9     79  18.34    325     13  301.9  356.3  305.2
  944.0    600   24.0   21.8     88  17.77    325     17  302.1  354.8  305.3
  925.0    779   22.8   19.6     82  15.78    325     20  302.6  349.5  305.5
  850.0   1513   18.6   15.6     83  13.29    315     17  305.6  345.7  308.1
  827.0   1748   16.8   14.5     86  12.71    314     16  306.1  344.5  308.5
  766.0   2398   14.6   10.3     75  10.36    310     14  310.5  342.5  312.4
  751.0   2566   14.0    9.2     73   9.82    304     13  311.6  342.1  313.5
  713.0   3001   10.6    8.4     86   9.79    290     12  312.6  343.1  314.4
  700.0   3155    9.4    8.1     92   9.77    295     11  312.9  343.4  314.7
  696.0   3203    9.2    8.1     93   9.83    299     11  313.1  343.9  315.0
  686.0   3323    8.8    7.4     91   9.50    310     11  314.0  343.8  315.8
  677.0   3433   10.2    5.8     74   8.61    320     10  316.8  344.2  318.4
  664.0   3593    9.4    4.1     70   7.77    335     10  317.6  342.5  319.1
  626.0   4081    6.8   -1.2     57   5.63    303      8  320.0  338.5  321.1
  617.0   4199    6.0   -1.4     59   5.63    295      8  320.4  338.9  321.5
  595.0   4494    3.9   -1.9     66   5.64    320      3  321.4  340.0  322.5
  573.0   4801    1.8   -2.4     74   5.64     15      5  322.4  341.0  323.5
  563.0   4944    0.8   -2.6     78   5.65     27      6  322.8  341.5  323.9
  553.0   5088    0.4   -4.5     70   4.99     40      8  323.9  340.6  324.9
  545.0   5205    0.0   -6.0     64   4.51     32      9  324.9  340.1  325.8
  532.0   5398   -0.9  -10.9     46   3.14     20     10  326.1  336.9  326.7
  529.0   5443   -1.1  -12.1     43   2.87     22     10  326.3  336.3  326.9
  513.0   5686   -2.8  -12.2     48   2.94     35     11  327.1  337.3  327.7
  500.0   5890   -4.3  -12.3     54   2.99     35     13  327.7  338.1  328.3
  493.0   6001   -5.1  -12.3     57   3.03     30     15  328.1  338.7  328.7
  491.0   6033   -5.3  -12.3     58   3.05     31     15  328.2  338.8  328.8
  466.0   6443   -7.5  -19.5     38   1.76     45     17  330.4  336.8  330.8
  457.0   6594   -8.4  -19.0     42   1.87     50     18  331.1  337.9  331.5
  423.0   7193  -12.1  -17.1     66   2.38     25     12  333.8  342.4  334.3
  415.0   7339  -12.9  -20.9     51   1.75     28     12  334.6  341.0  334.9
  411.0   7413  -13.3  -18.0     68   2.27     30     11  335.0  343.2  335.5
  400.0   7620  -14.5  -21.5     55   1.73     35     11  336.1  342.4  336.4
  393.0   7754  -14.9  -23.9     46   1.42     35     11  337.2  342.6  337.5
  382.0   7969  -16.1  -26.1     42   1.20     35     11  338.4  342.9  338.6
  380.0   8009  -16.3  -29.3     32   0.90     35     11  338.6  342.1  338.8
  379.0   8029  -16.3  -28.3     35   0.99     35     11  338.9  342.7  339.1
  378.0   8049  -16.5  -23.5     55   1.53     35     11  338.9  344.6  339.2
  375.0   8108  -17.0  -23.2     59   1.59     35     11  339.1  345.0  339.4
  369.0   8230  -17.9  -22.5     67   1.71     30     10  339.4  345.8  339.7
  358.0   8456  -18.9  -27.9     45   1.08     21      9  341.0  345.1  341.2
  346.0   8709  -20.9  -30.5     42   0.88     10      7  341.6  345.0  341.8
  338.0   8883  -22.3  -32.3     40   0.76     23      8  342.0  345.0  342.1
  327.0   9126  -24.3  -34.3     39   0.64     41      8  342.5  345.1  342.6
  319.0   9306  -25.9  -31.3     61   0.88     55      9  342.7  346.2  342.9
  318.0   9329  -26.1  -30.9     64   0.92     54      9  342.7  346.3  342.9
  303.0   9678  -28.1  -39.1     34   0.43     47      8  344.7  346.4  344.8
  300.0   9750  -28.3  -40.3     31   0.38     45      8  345.4  347.0  345.5
  294.0   9894  -29.6  -40.9     33   0.37     45      7  345.5  347.0  345.6
  284.0  10140  -31.9  -41.9     36   0.34     76      9  345.7  347.1  345.7
  281.0  10215  -32.4  -43.5     32   0.29     85      9  345.9  347.2  346.0
  250.0  11030  -38.3  -61.3      7   0.04     90     23  349.0  349.2  349.0
  243.0  11224  -40.1  -62.1      8   0.04     91     24  349.1  349.3  349.1
  200.0  12520  -51.1                         100     27  351.7         351.7
  180.0  13179  -57.1                         115     29  352.6         352.6
  156.0  14075  -65.3                         120     30  353.5         353.5
  150.0  14320  -67.5                         110     33  353.6         353.6
  121.0  15580  -77.9                          85     45  357.0         357.0
  100.0  16650  -84.5                          95     54  364.2         364.2
   95.4  16911  -85.9                         100     55  366.4         366.4
   92.0  17111  -85.9                         100     56  370.2         370.2
   91.7  17129  -85.9                          99     55  370.6         370.6
   83.8  17636  -78.7                          59     16  394.9         394.9
   83.0  17691  -78.4                          55     12  396.6         396.6
   79.0  17977  -76.7                         320      8  405.7         405.7
   75.0  18278  -74.9                         260     14  415.5         415.5
   74.1  18348  -74.5                         258     15  417.8         417.8
   71.0  18597  -75.7                         250     18  420.4         420.4
   70.0  18680  -76.1                         250     15  421.3         421.3
   67.0  18931  -76.7                         210      3  425.3         425.3
   64.0  19193  -77.3                         215      6  429.5         429.5
   59.5  19611  -78.3                         256      7  436.4         436.4
   58.0  19756  -78.0                         270      7  440.1         440.1
   55.0  20059  -77.5                         335      9  448.0         448.0
   54.8  20080  -77.5                         345      9  448.6         448.6
   52.0  20383  -75.0                         125      6  461.2         461.2
   50.0  20610  -73.1                         115     18  470.8         470.8
   49.7  20645  -72.7                         114     20  472.6         472.6
   47.0  20979  -67.7                         100     40  492.3         492.3
   46.1  21094  -65.9                          94     40  499.2         499.2
   43.9  21392  -63.3                          79     40  512.6         512.6
   42.0  21664  -63.4                          65     40  518.9         518.9
   35.0  22783  -63.7                          45     17  545.9         545.9
   34.8  22818  -63.7                                     546.7         546.7
