-----------------------------------------------------------------------------
   PRES   HGHT   TEMP   DWPT   RELH   MIXR   DRCT   SKNT   THTA   THTE   THTV
    hPa     m      C      C      %    g/kg    deg   knot     K      K      K 
-----------------------------------------------------------------------------
 1011.0     14   25.4   23.4     89  18.30      0      0  297.6  350.9  300.9
 1003.0     83   25.4   20.4     74  15.29     62      3  298.3  342.9  301.0
 1000.0    109   25.8   19.8     69  14.76     85      4  298.9  342.2  301.6
  999.0    118   26.6   20.6     70  15.54     84      4  299.8  345.5  302.6
  979.0    297   25.5   20.6     75  15.91     70      4  300.4  347.3  303.3
  954.0    526   24.0   20.7     82  16.40    343      4  301.2  349.6  304.1
  946.0    600   23.8   19.0     75  14.84    315      4  301.7  345.6  304.3
  934.0    712   23.4   16.4     65  12.72    306      6  302.4  340.2  304.7
  925.0    797   22.6   18.1     76  14.34    300      8  302.4  345.0  305.0
  912.0    920   21.6   18.0     80  14.45    297      9  302.6  345.6  305.2
  883.0   1201   21.4   12.4     56  10.34    289     12  305.2  336.5  307.1
  850.0   1530   18.8    9.8     56   9.02    280     15  305.8  333.3  307.5
  829.0   1745   16.8   12.1     74  10.81    274     14  305.9  338.6  307.9
  791.0   2145   15.2    8.2     63   8.70    262     11  308.3  335.1  309.9
  751.0   2584   12.6    9.5     81  10.02    248      8  310.1  341.0  312.0
  741.0   2696   12.1    8.8     80   9.65    245      7  310.8  340.7  312.6
  715.0   2995   10.8    6.8     76   8.73    230      7  312.5  339.8  314.1
  700.0   3173   10.0    5.6     74   8.21    225      7  313.5  339.4  315.1
  690.0   3292    9.5    5.0     74   7.97    235      6  314.2  339.4  315.7
  641.0   3901    6.7    1.7     71   6.82    335      5  317.8  339.7  319.1
  636.0   3966    6.4    1.4     70   6.70    337      5  318.1  339.8  319.4
  618.0   4199    5.0    0.1     70   6.26    345      6  319.2  339.5  320.4
  596.0   4493    3.3   -1.6     70   5.72    315      9  320.5  339.3  321.6
  556.0   5056    0.0   -4.9     70   4.81    343     10  323.0  339.1  324.0
  553.0   5100   -0.2   -5.4     68   4.66    345     10  323.3  338.9  324.2
  534.0   5379   -1.5   -8.5     59   3.79    326      9  325.0  337.9  325.7
  500.0   5900   -4.5  -10.5     63   3.46    290      8  327.5  339.4  328.2
  494.0   5994   -5.1  -10.9     64   3.40    285      7  327.9  339.7  328.6
  475.0   6301   -7.0  -12.0     67   3.22    325      5  329.2  340.5  329.9
  472.0   6350   -7.3  -12.2     68   3.20    338      5  329.4  340.6  330.1
  458.0   6584   -8.1  -17.1     48   2.20     40      8  331.3  339.2  331.7
  457.0   6601   -8.2  -17.0     49   2.22     45      8  331.4  339.3  331.8
  436.0   6963  -10.3  -15.3     67   2.68     24     12  333.2  342.8  333.8
  423.0   7194  -11.7  -16.6     67   2.47     10     15  334.3  343.2  334.8
  407.0   7488  -13.5  -18.4     67   2.22      5     16  335.7  343.8  336.2
  405.0   7526  -13.7  -18.6     67   2.19     11     15  335.9  343.9  336.4
  400.0   7620  -14.5  -19.2     67   2.11     25     12  336.1  343.8  336.5
  393.0   7754  -14.9  -22.9     51   1.55     44     14  337.2  343.0  337.6
  391.0   7792  -15.2  -23.0     51   1.54     50     14  337.3  343.1  337.6
  361.0   8389  -20.3  -24.9     67   1.41     55     26  338.3  343.6  338.6
  351.0   8600  -22.1  -25.6     73   1.36     50     22  338.6  343.7  338.9
  342.0   8791  -22.9  -29.9     53   0.94     45     18  340.0  343.7  340.2
  332.0   9006  -24.5  -31.7     51   0.81     40     13  340.8  343.9  340.9
  306.0   9597  -28.8  -36.7     47   0.54     85      6  342.7  344.9  342.8
  300.0   9740  -29.9  -37.9     46   0.49     70      7  343.1  345.1  343.2
  293.0   9906  -31.2  -39.4     44   0.43     70      8  343.6  345.3  343.6
  266.0  10584  -36.7  -45.7     39   0.24     64     10  345.2  346.2  345.2
  252.0  10956  -40.1  -44.6     62   0.29     61     12  345.5  346.7  345.6
  250.0  11010  -40.5                          60     12  345.7         345.7
  247.0  11090  -41.2                          60     12  345.9         345.9
  200.0  12490  -53.1                          85     19  348.5         348.5
  179.0  13180  -59.0                          85     35  350.0         350.0
  150.0  14280  -68.5                          90     52  351.9         351.9
  136.0  14857  -73.5                          90     53  353.0         353.0
  120.0  15567  -77.7                          90     54  358.3         358.3
  100.0  16600  -83.7                          80     47  365.8         365.8
   91.5  17091  -85.3                          80     29  372.0         372.0
   91.0  17121  -85.2                          80     29  372.9         372.9
   90.8  17133  -85.1                          82     28  373.2         373.2
   89.7  17201  -80.3                          93     25  384.1         384.1
   87.0  17375  -79.1                         120     16  389.9         389.9
   82.5  17678  -76.9                         129     13  400.3         400.3
   82.0  17712  -77.1                         130     13  400.6         400.6
   78.0  17996  -78.7                         190      1  403.1         403.1
   71.7  18475  -81.3                         174     10  407.3         407.3
   70.0  18610  -80.9                         170     12  411.0         411.0
   64.3  19093  -77.5                         138      9  428.5         428.5
   63.0  19211  -76.5                         130      8  433.2         433.2
   61.4  19359  -75.3                         177      9  439.1         439.1
   60.7  19426  -72.5                         199     10  446.8         446.8
   60.0  19494  -72.7                         220     10  447.9         447.9
   57.0  19794  -73.4                         230     15  452.9         452.9
   51.8  20354  -74.7                         174     12  462.4         462.4
   51.0  20445  -74.7                         165     12  464.4         464.4
   50.0  20560  -74.7                         155     12  467.1         467.1
   49.0  20677  -74.9                         151     12  469.3         469.3
   46.0  21046  -72.3                         140     14  484.1         484.1
   44.4  21258  -65.5                         112     19  505.6         505.6
   44.0  21313  -65.3                         105     20  507.4         507.4
   40.0  21897  -63.1                          90     28  526.9         526.9
   38.6  22115  -62.3                          78     27  534.3         534.3
   36.0  22545  -62.4                          55     25  544.9         544.9
   35.0  22719  -62.4                          60     25  549.3         549.3
   33.0  23082  -62.4                          25     13  558.5         558.5
   31.0  23468  -62.5                         330     13  568.4         568.4
   30.2  23629  -62.5                         310      7  572.6         572.6
   30.0  23670  -62.7                         305      6  573.1         573.1
   29.0  23880  -62.5                         130     10  579.3         579.3
   27.0  24321  -62.0                         105     18  592.6         592.6
   26.0  24555  -61.8                         105     29  599.8         599.8
   25.8  24602  -61.7                         100     29  601.2         601.2
   25.0  24799  -60.5                          80     28  610.0         610.0
   23.2  25267  -57.7                          76     26  631.5         631.5
   23.0  25321  -57.8                          75     26  632.7         632.7
   21.0  25893  -58.9                          95     41  646.1         646.1
   20.0  26200  -59.5                         105     47  653.3         653.3
   19.1  26487  -58.5                         103     52  665.1         665.1
   18.0  26863  -53.1                         101     58  693.5         693.5
   15.3  27919  -48.1                          95     75  742.9         742.9
   15.0  28048  -47.5                          95     75  749.1         749.1
   14.9  28091  -47.3                          95     75  751.2         751.2
   10.9  30158  -45.1                          87     73  829.4         829.4
   10.0  30730  -45.9                          85     73  847.1         847.1
    9.0  31428  -46.9                          80     69  869.3         869.3
    8.2  32045  -47.7                                     889.4         889.4
