-----------------------------------------------------------------------------
   PRES   HGHT   TEMP   DWPT   RELH   MIXR   DRCT   SKNT   THTA   THTE   THTV
    hPa     m      C      C      %    g/kg    deg   knot     K      K      K 
-----------------------------------------------------------------------------
 1011.0     14   27.8   24.9     84  20.08      0      0  300.0  359.1  303.6
 1000.0    110   27.6   21.6     70  16.54    105      3  300.8  349.5  303.7
  995.0    154   27.4   21.4     70  16.42    121      3  301.0  349.5  303.9
  946.0    598   24.2   19.2     74  15.09    285      2  302.1  346.9  304.9
  925.0    795   22.8   18.3     76  14.52    300      6  302.6  345.8  305.2
  914.0    900   22.3   17.7     75  14.15    300      7  303.1  345.3  305.7
  885.0   1182   20.8   16.1     74  13.18    291      9  304.4  343.9  306.8
  853.0   1502   18.0   14.3     79  12.15    281     12  304.7  341.2  306.9
  850.0   1532   18.0   14.4     79  12.28    280     12  305.0  341.9  307.2
  795.0   2097   15.0   11.8     81  11.06    285      9  307.6  341.3  309.7
  767.0   2400   13.3   10.4     82  10.44    250      7  309.0  341.1  311.0
  741.0   2691   11.8    9.1     84   9.86    265      9  310.4  340.9  312.2
  719.0   2946   10.4    7.9     84   9.38    244     10  311.6  340.8  313.3
  700.0   3169   10.2    5.8     74   8.33    225     11  313.8  340.0  315.3
  693.0   3253   10.0    5.2     72   8.07    219     12  314.4  339.9  316.0
  689.0   3301    9.7    5.0     73   8.01    215     12  314.6  339.9  316.1
  664.0   3607    7.4    3.8     78   7.63    228      7  315.4  339.6  316.8
  641.0   3897    6.8    2.2     73   7.07    240      2  317.9  340.7  319.2
  633.0   4001    6.6    1.7     71   6.88    235      2  318.8  341.1  320.1
  595.0   4504    3.5   -0.3     77   6.35    210      3  320.8  341.6  322.1
  574.0   4796    1.6   -1.4     80   6.06    160      5  322.0  341.9  323.2
  556.0   5054    0.0   -2.4     84   5.80    181      7  323.0  342.2  324.2
  553.0   5098   -0.2   -2.6     83   5.73    185      7  323.3  342.3  324.4
  533.0   5392   -1.4   -4.4     80   5.22    180      5  325.3  342.8  326.3
  528.0   5468   -1.7   -4.8     79   5.10    205      4  325.8  342.9  326.8
  513.0   5697   -2.6  -10.4     55   3.40    280      2  327.3  339.1  328.0
  509.0   5759   -2.9  -11.9     50   3.03    282      3  327.8  338.3  328.4
  500.0   5900   -3.7   -9.7     63   3.68    285      4  328.5  341.2  329.2
  475.0   6303   -6.6  -10.8     72   3.57    270     10  329.7  342.1  330.4
  457.0   6606   -8.8  -11.6     80   3.48    295      9  330.7  342.8  331.4
  456.0   6623   -8.9  -11.6     81   3.47    294      9  330.7  342.8  331.4
  440.0   6898  -10.5  -13.4     80   3.12    280      5  332.0  343.0  332.7
  423.0   7200  -12.3  -15.3     78   2.76    340      7  333.5  343.3  334.1
  407.0   7497  -14.1  -17.2     77   2.45    355     11  334.9  343.7  335.4
  400.0   7630  -14.9  -18.1     77   2.31      0     10  335.5  343.9  336.0
  391.0   7801  -15.7  -19.1     76   2.18      0      7  336.6  344.6  337.1
  387.0   7879  -16.1  -19.5     75   2.12      5      7  337.1  344.9  337.6
  361.0   8394  -20.0  -22.4     81   1.77     40      4  338.7  345.3  339.1
  346.0   8708  -22.3  -24.2     85   1.57    230      3  339.7  345.6  340.0
  340.0   8837  -23.3  -24.9     87   1.50    219      4  340.1  345.7  340.4
  319.0   9300  -25.9  -31.9     57   0.83    180      8  342.7  346.0  342.9
  306.0   9598  -28.5  -33.7     61   0.73    175      7  343.2  346.1  343.3
  300.0   9740  -29.7  -34.6     62   0.68    170      6  343.4  346.1  343.5
  282.0  10177  -33.1  -36.0     75   0.63    104      7  344.6  347.2  344.8
  281.0  10201  -33.3  -36.2     75   0.62    100      7  344.7  347.2  344.9
  250.0  11010  -39.5  -43.3     67   0.33    125     14  347.2  348.6  347.3
  249.0  11038  -39.9  -43.5     68   0.33    126     14  347.0  348.4  347.1
  226.0  11684  -45.5                         150     16  348.2         348.2
  200.0  12500  -52.5                         110     25  349.5         349.5
  179.0  13190  -58.1                          85     32  351.5         351.5
  150.0  14290  -67.1                          95     53  354.3         354.3
  126.0  15303  -75.6                          95     60  357.0         357.0
  110.0  16092  -82.3                          90     66  358.6         358.6
  108.0  16196  -81.5                          90     64  361.9         361.9
  100.0  16630  -78.3                          70     33  376.2         376.2
   97.0  16803  -79.2                          60     22  377.6         377.6
   92.0  17103  -80.9                          30      7  380.1         380.1
   87.9  17361  -82.3                         175      3  382.3         382.3
   87.0  17419  -82.2                         160      3  383.7         383.7
   83.0  17685  -81.7                         340      6  389.9         389.9
   79.0  17964  -81.1                         305     11  396.6         396.6
   74.0  18332  -80.4                         295     11  405.6         405.6
   73.4  18378  -80.3                         264     10  406.7         406.7
   71.0  18568  -77.4                         135      6  416.7         416.7
   70.9  18576  -77.3                         134      6  417.2         417.2
   70.0  18650  -77.1                         125      9  419.1         419.1
   65.0  19074  -77.9                          92     17  426.3         426.3
   64.0  19163  -75.6                          85     19  433.4         433.4
   63.3  19227  -73.9                          80     17  438.4         438.4
   60.0  19543  -71.0                          55     10  451.7         451.7
   57.6  19784  -68.7                         359      7  462.1         462.1
   57.0  19847  -68.7                         345      6  463.5         463.5
   55.0  20060  -68.7                         320      4  468.3         468.3
   52.0  20395  -68.7                          80      5  475.8         475.8
   50.6  20559  -68.7                          87      7  479.6         479.6
   50.0  20630  -68.5                          90      8  481.6         481.6
   49.2  20728  -65.1                          93     10  491.9         491.9
   45.0  21270  -65.9                         110     24  502.6         502.6
   41.3  21791  -66.7                         110     30  513.2         513.2
   41.0  21835  -66.5                         110     31  514.9         514.9
   37.0  22463  -62.9                          65     24  539.4         539.4
   36.4  22563  -62.3                          52     24  543.4         543.4
   35.0  22804  -63.2                          20     24  547.1         547.1
   32.3  23297  -65.1                          56     28  554.8         554.8
   32.0  23354  -64.8                          60     28  557.1         557.1
   30.0  23750  -62.5                          55     30  573.7         573.7
   28.7  24022  -63.5                          38     23  578.2         578.2
   28.2  24130  -61.1                          32     21  587.8         587.8
   27.0  24402  -59.1                          15     14  600.8         600.8
   26.2  24590  -57.7                          25     14  609.9         609.9
   25.0  24884  -58.5                          40     14  616.0         616.0
   24.0  25141  -59.1                         110      8  621.3         621.3
   23.0  25408  -58.5                         145     26  630.5         630.5
   20.9  26010  -57.3                         121     41  651.8         651.8
   20.4  26163  -54.7                         115     45  664.2         664.2
   20.0  26290  -53.5                         110     48  671.7         671.7
   19.0  26619  -53.8                         100     49  680.8         680.8
   16.0  27721  -54.6                         100     64  712.2         712.2
   15.9  27761  -54.7                         100     64  713.4         713.4
   15.8  27801  -54.7                                     714.5         714.5
