-----------------------------------------------------------------------------
   PRES   HGHT   TEMP   DWPT   RELH   MIXR   DRCT   SKNT   THTA   THTE   THTV
    hPa     m      C      C      %    g/kg    deg   knot     K      K      K 
-----------------------------------------------------------------------------
 1010.0     14   25.0   23.9     94  18.90      0      0  297.3  352.2  300.7
 1000.0    100   25.4   22.0     81  16.96     85      4  298.6  348.1  301.6
  980.0    279   25.0   20.7     77  15.95      8      0  299.9  346.8  302.7
  978.0    297   24.9   20.6     77  15.89      0      0  299.9  346.6  302.8
  945.0    598   22.7   18.9     79  14.80    320      4  300.7  344.4  303.4
  925.0    786   21.4   17.9     80  14.15    290      9  301.2  343.0  303.7
  913.0    899   20.7   17.4     81  13.85    290     11  301.6  342.6  304.1
  882.0   1197   18.8   15.9     83  13.07    305     11  302.6  341.5  305.0
  850.0   1516   16.8   14.4     86  12.28    285     14  303.7  340.5  306.0
  830.0   1719   15.2   14.0     93  12.25    285     15  304.1  340.8  306.4
  822.0   1802   16.2   13.4     83  11.89    285     16  306.0  342.0  308.2
  795.0   2086   15.0   11.2     78  10.62    284     16  307.7  340.1  309.6
  759.0   2480   15.2    8.2     63   9.07    282     17  312.0  340.3  313.7
  714.0   2995   12.2    5.9     66   8.24    280     17  314.2  340.2  315.7
  700.0   3162   11.2    5.2     67   7.98    295     14  314.9  340.2  316.4
  689.0   3294   10.4    4.9     68   7.93    315     12  315.4  340.6  316.9
  664.0   3601    8.6    4.1     73   7.79     20      3  316.7  341.6  318.2
  622.0   4137    4.0    1.4     83   6.86     34      3  317.4  339.5  318.7
  618.0   4189    3.8    1.2     83   6.82     35      3  317.8  339.8  319.1
  595.0   4496    2.6    0.3     84   6.61    310     10  319.9  341.4  321.2
  546.0   5190    0.0   -1.9     87   6.14    293     11  324.7  345.1  325.9
  500.0   5890   -4.1   -5.8     88   4.99    275     13  328.0  344.9  329.0
  493.0   6000   -4.8   -6.5     88   4.82    285     13  328.5  344.9  329.4
  457.0   6592   -8.5   -9.9     89   3.96    305     10  331.0  344.8  331.8
  433.0   7013  -11.1  -12.4     90   3.43    281      9  332.9  344.9  333.5
  422.0   7210  -12.1  -14.1     85   3.07    270      9  334.1  345.0  334.7
  400.0   7620  -14.1  -17.5     75   2.43    280      6  336.6  345.4  337.1
  391.0   7792  -14.9  -18.8     72   2.23    280      5  337.7  345.8  338.1
  381.0   7988  -15.9  -20.3     69   2.01    277      5  338.9  346.4  339.3
  375.0   8104  -16.8  -21.1     69   1.90    275      5  339.3  346.4  339.7
  332.0   8997  -23.5  -27.7     69   1.19    195      6  342.1  346.7  342.3
  300.0   9740  -29.1  -33.1     68   0.79    185      7  344.2  347.4  344.4
  270.0  10480  -35.2  -39.3     66   0.47    195      7  345.9  347.8  346.0
  250.0  11020  -39.7  -43.9     64   0.31    155      3  346.9  348.2  347.0
  249.0  11047  -39.9  -43.8     66   0.32    153      3  347.0  348.3  347.1
  247.0  11101  -40.4                         150      3  347.1         347.1
  206.0  12304  -50.5                         155     11  349.7         349.7
  200.0  12500  -52.1                         135     11  350.1         350.1
  197.0  12595  -52.9                         120     11  350.3         350.3
  179.0  13198  -58.1                         110     14  351.5         351.5
  163.0  13787  -63.2                         125     22  352.6         352.6
  150.0  14310  -67.7                         105     28  353.3         353.3
  135.0  14932  -73.1                          91     32  354.5         354.5
  127.0  15285  -76.5                          83     34  354.6         354.6
  122.0  15515  -77.7                          77     35  356.5         356.5
  120.0  15609  -76.5                          75     36  360.4         360.4
  119.0  15657  -75.9                          76     34  362.4         362.4
  108.0  16211  -77.3                          90     13  369.8         369.8
  103.0  16481  -78.1                         150      2  373.5         373.5
  100.0  16650  -78.5                         250      5  375.8         375.8
   93.0  17060  -81.0                         235      8  378.7         378.7
   88.2  17359  -82.9                         295      3  380.7         380.7
   88.0  17372  -82.8                         305      3  381.1         381.1
   83.0  17701  -81.6                         175      3  390.0         390.0
   80.3  17886  -80.9                         138      9  395.2         395.2
   79.0  17979  -80.3                         120     12  398.3         398.3
   78.6  18007  -80.1                         129     11  399.3         399.3
   75.6  18233  -71.9                         200      7  420.9         420.9
   75.0  18280  -71.1                         215      6  423.4         423.4
   74.2  18344  -70.1                         226      6  426.9         426.9
   71.0  18606  -70.9                         270      4  430.7         430.7
   70.0  18690  -71.1                         285      5  431.9         431.9
   68.0  18860  -71.7                         285     12  434.3         434.3
   61.0  19498  -73.8                         265     17  443.3         443.3
   58.0  19794  -74.8                         230     21  447.5         447.5
   56.5  19948  -75.3                         230     18  449.7         449.7
   55.0  20104  -75.3                         230     14  453.1         453.1
   52.1  20419  -75.3                         177      5  460.2         460.2
   52.0  20430  -75.1                         175      5  460.9         460.9
   50.0  20660  -71.7                           0      0  474.1         474.1
   47.0  21028  -68.6                         180      3  489.9         489.9
   46.5  21092  -68.1                                     492.7         492.7
