-----------------------------------------------------------------------------
   PRES   HGHT   TEMP   DWPT   RELH   MIXR   DRCT   SKNT   THTA   THTE   THTV
    hPa     m      C      C      %    g/kg    deg   knot     K      K      K 
-----------------------------------------------------------------------------
 1008.0     14   29.4   24.8     76  20.02    285      4  301.9  361.3  305.5
 1000.0     85   28.6   23.9     76  19.09    250      4  301.8  358.4  305.2
  976.0    300   26.8   22.8     79  18.26    230      6  302.1  356.2  305.4
  947.0    568   24.6   21.4     82  17.27    222      6  302.4  353.7  305.5
  925.0    774   23.4   20.4     83  16.61    215      6  303.2  352.7  306.2
  912.0    897   22.7   19.7     84  16.15    210      6  303.7  351.9  306.6
  881.0   1198   20.9   18.1     84  15.06    220      5  304.9  350.1  307.6
  851.0   1499   19.1   16.5     85  14.03    250      5  306.0  348.3  308.6
  850.0   1509   19.0   16.4     85  14.00    250      6  306.0  348.3  308.6
  741.0   2680   13.6   12.1     91  12.11    282     11  312.4  350.0  314.7
  720.0   2922   11.4   10.3     93  11.04    288     12  312.6  346.9  314.6
  700.0   3158   10.4    9.2     92  10.54    295     13  314.0  347.0  316.0
  675.0   3461   10.2    6.5     78   9.07    305     12  317.0  345.9  318.8
  664.0   3598    9.8    4.1     68   7.79    310     11  318.0  343.0  319.5
  651.0   3762    9.2    1.2     57   6.45    291     10  319.2  340.2  320.4
  617.0   4204    5.5   -1.5     61   5.58    240      8  319.9  338.2  321.0
  616.0   4217    5.4   -1.6     61   5.56    242      8  319.9  338.1  321.0
  595.0   4498    3.4   -1.3     71   5.88    290      5  320.8  340.1  321.9
  560.0   4989    0.0   -0.8     94   6.49    306      3  322.4  343.7  323.6
  552.0   5103   -0.5   -1.4     94   6.30    310      3  323.1  343.8  324.3
  532.0   5397   -1.9   -2.9     93   5.83    285      8  324.9  344.3  326.0
  512.0   5702   -3.3   -4.5     91   5.37    330      5  326.7  344.8  327.8
  504.0   5827   -3.9   -5.2     91   5.19    353      4  327.5  345.0  328.5
  500.0   5890   -4.1   -6.2     85   4.84      5      4  328.0  344.4  328.9
  493.0   6001   -4.7   -8.0     77   4.26    335      4  328.6  343.2  329.4
  486.0   6113   -5.3   -9.9     70   3.73    322      3  329.2  342.1  329.9
  475.0   6293   -6.8  -10.6     75   3.62    300      2  329.4  342.0  330.2
  473.0   6326   -7.1  -10.7     75   3.60    312      2  329.5  342.0  330.2
  465.0   6459   -6.3  -10.3     73   3.78      1      4  332.1  345.3  332.9
  457.0   6594   -7.2  -11.0     74   3.64     50      6  332.6  345.3  333.3
  448.0   6749   -8.3  -11.8     76   3.48     16      5  333.1  345.4  333.9
  440.0   6888   -9.0  -14.3     65   2.88    345      5  334.0  344.3  334.6
  429.0   7084   -9.9  -17.9     52   2.19    358      7  335.3  343.2  335.7
  423.0   7192  -10.5  -18.9     50   2.03      5      8  335.8  343.2  336.2
  400.0   7620  -13.1  -23.1     43   1.50     10      3  337.9  343.5  338.2
  391.0   7793  -14.4  -23.7     45   1.45      5      4  338.4  343.8  338.6
  376.0   8090  -16.7  -24.7     50   1.38    330      5  339.1  344.4  339.4
  370.0   8212  -16.3  -31.3     26   0.76    318      5  341.2  344.2  341.4
  347.0   8692  -20.2  -34.4     27   0.60    270      4  342.2  344.7  342.4
  342.0   8801  -21.1  -35.1     27   0.57    311      3  342.5  344.8  342.6
  337.0   8910  -21.9  -35.9     27   0.53    352      3  342.8  345.0  342.9
  334.0   8976  -22.5  -35.5     30   0.56     17      2  342.9  345.1  343.0
  333.0   8998  -22.6  -33.1     38   0.71     25      2  343.0  345.9  343.2
  332.0   9020  -22.7  -30.7     48   0.90     29      2  343.2  346.7  343.4
  329.0   9087  -23.1  -27.8     65   1.19     40      3  343.5  348.1  343.8
  319.0   9313  -24.6  -29.0     67   1.09     80      6  344.4  348.7  344.7
  306.0   9617  -26.7  -30.7     69   0.97     55      9  345.7  349.5  345.9
  300.0   9760  -27.5  -32.5     62   0.84     60     12  346.5  349.8  346.7
  292.0   9952  -29.1  -37.1     46   0.54     75     13  346.9  349.1  347.0
  282.0  10194  -31.0  -38.8     46   0.48     95     14  347.7  349.6  347.8
  270.0  10496  -33.3  -40.8     47   0.40     95     16  348.6  350.3  348.7
  250.0  11030  -37.5  -44.5     48   0.29     60     15  350.2  351.4  350.2
  248.0  11085  -38.0  -45.2     47   0.27     60     15  350.2  351.4  350.3
  240.0  11311  -40.1  -48.1     42   0.20     67     16  350.4  351.3  350.4
  227.0  11683  -43.2                          80     19  351.2         351.2
  200.0  12530  -50.3                          80     26  352.9         352.9
  198.0  12593  -50.8                          80     26  353.1         353.1
  164.0  13779  -60.6                          90     33  356.2         356.2
  150.0  14340  -65.3                          90     41  357.4         357.4
  134.0  14997  -70.2                          75     38  360.4         360.4
  121.0  15591  -74.6                          80     25  363.0         363.0
  109.0  16198  -79.2                         130     19  365.4         365.4
  100.0  16700  -82.9                         110     23  367.3         367.3
   93.0  17100  -85.0                          85     15  370.9         370.9
   88.0  17404  -86.6                         125     10  373.6         373.6
   87.7  17423  -86.7                         125     11  373.7         373.7
   85.8  17543  -84.5                          92     15  380.5         380.5
   84.0  17659  -84.8                          60     19  382.2         382.2
   79.0  17997  -85.7                          80     13  387.2         387.2
   78.8  18011  -85.7                          83     13  387.4         387.4
   75.0  18286  -83.2                         145     11  398.2         398.2
   71.0  18591  -80.4                         150     20  410.4         410.4
   70.3  18646  -79.9                         150     18  412.6         412.6
   70.0  18670  -79.7                         150     17  413.6         413.6
   65.3  19063  -80.7                         111     22  419.7         419.7
   64.0  19178  -79.2                         100     23  425.3         425.3
   61.0  19452  -75.7                          85     32  438.9         438.9
   60.3  19518  -74.9                                     442.3         442.3
