-----------------------------------------------------------------------------
   PRES   HGHT   TEMP   DWPT   RELH   MIXR   DRCT   SKNT   THTA   THTE   THTV
    hPa     m      C      C      %    g/kg    deg   knot     K      K      K 
-----------------------------------------------------------------------------
 1010.0     14   24.4   23.0     92  17.87      0      0  296.7  348.5  299.9
 1000.0    102   24.8   22.1     85  17.07     90      6  297.9  347.7  301.0
  997.0    128   25.2   21.8     81  16.80     83      6  298.6  347.7  301.6
  978.0    297   24.2   21.6     86  16.91     35      6  299.2  348.8  302.2
  945.0    598   22.3   21.2     94  17.11    325      7  300.3  350.6  303.4
  943.0    617   22.2   21.2     94  17.13    325      7  300.3  350.8  303.4
  925.0    785   22.2   19.5     85  15.68    320     11  302.0  348.5  304.8
  850.0   1517   17.6   14.8     84  12.61    295     15  304.6  342.4  306.9
  840.0   1618   17.0   14.8     87  12.76    293     15  305.0  343.3  307.3
  804.0   1992   16.4   11.9     75  11.00    287     16  308.2  341.8  310.2
  794.0   2098   15.9   11.2     74  10.64    285     16  308.8  341.4  310.8
  740.0   2694   13.4    7.4     67   8.80    271     12  312.3  339.8  313.9
  700.0   3159   10.2    5.7     74   8.27    260      8  313.8  339.8  315.3
  688.0   3302    8.8    5.3     78   8.17    260      8  313.8  339.6  315.4
  677.0   3436    7.6    4.9     83   8.09    261      8  313.9  339.4  315.4
  640.0   3894    5.3    3.3     87   7.64    265     10  316.3  340.6  317.7
  595.0   4487    2.2    1.2     93   7.08    230     12  319.4  342.3  320.8
  564.0   4923    0.0   -0.3     98   6.68    255     13  321.7  343.6  323.0
  512.0   5691   -3.9   -4.2     98   5.49    300     16  326.0  344.4  327.0
  500.0   5880   -4.9   -5.2     98   5.23    295     16  327.0  344.6  328.0
  483.0   6152   -5.9   -6.9     93   4.75    290     16  329.0  345.2  330.0
  439.0   6891  -10.3  -11.8     89   3.56    275     17  332.6  345.1  333.3
  406.0   7495  -13.8  -15.7     85   2.78    270     12  335.5  345.5  336.1
  400.0   7610  -14.5  -16.5     85   2.65    265     12  336.1  345.6  336.6
  395.0   7705  -15.1  -17.3     83   2.51    262     12  336.5  345.6  337.0
  375.0   8086  -17.8  -20.2     82   2.07    250     12  337.9  345.5  338.3
  318.0   9293  -26.4  -29.3     77   1.07    245      9  342.2  346.4  342.5
  300.0   9720  -29.5  -32.5     75   0.84    225      8  343.7  347.0  343.9
  293.0   9886  -30.8  -34.0     74   0.74    230      7  344.2  347.1  344.3
  269.0  10486  -35.5  -39.2     69   0.48    285      4  345.9  347.8  346.0
  257.0  10806  -38.0  -42.0     66   0.37    245      3  346.7  348.3  346.8
  250.0  11000  -39.5  -43.7     64   0.32    240      5  347.2  348.6  347.3
  248.0  11055  -39.9  -44.4     62   0.30    238      6  347.4  348.7  347.5
  225.0  11700  -45.4                         210     12  348.8         348.8
  200.0  12480  -52.1                         215     13  350.1         350.1
  196.0  12606  -53.2                         220     13  350.4         350.4
  187.0  12901  -55.8                         205     10  350.9         350.9
  170.0  13497  -61.0                         135      9  351.9         351.9
  150.0  14280  -67.9                         105     22  352.9         352.9
  148.0  14360  -68.7                         103     23  352.9         352.9
  133.0  14990  -74.1                          83     28  354.2         354.2
  120.0  15578  -76.6                          65     34  360.2         360.2
  108.0  16180  -79.2                          45     11  366.3         366.3
  102.0  16507  -80.6                          15      6  369.6         369.6
  100.0  16620  -81.1                           5      4  370.8         370.8
   97.2  16779  -82.3                           0      1  371.5         371.5
   97.0  16791  -82.3                         165      1  371.7         371.7
   94.1  16961  -82.3                         173      4  374.9         374.9
   93.0  17027  -79.5                         177      5  381.7         381.7
   87.0  17403  -80.6                         195     12  386.8         386.8
   83.0  17669  -81.4                         165     13  390.4         390.4
   81.7  17758  -81.7                         178     11  391.6         391.6
   78.9  17958  -74.3                         206      6  410.8         410.8
   78.0  18025  -74.0                         215      5  412.7         412.7
   75.0  18255  -73.1                         210      7  419.4         419.4
   71.5  18535  -71.9                         245     12  427.6         427.6
   71.0  18576  -72.0                         250     13  428.4         428.4
   70.0  18660  -72.1                         250     16  429.8         429.8
   64.0  19186  -73.1                         280     13  438.8         438.8
   62.9  19288  -73.3                         338      9  440.5         440.5
   61.0  19470  -72.5                          80      3  446.1         446.1
   58.0  19769  -71.2                          35     14  455.4         455.4
   55.0  20084  -69.9                           0     14  465.5         465.5
   52.0  20417  -68.5                           0      7  476.3         476.3
   50.0  20650  -67.5                         155      1  484.0         484.0
   48.3  20858  -67.3                                     489.3         489.3
