-----------------------------------------------------------------------------
   PRES   HGHT   TEMP   DWPT   RELH   MIXR   DRCT   SKNT   THTA   THTE   THTV
    hPa     m      C      C      %    g/kg    deg   knot     K      K      K 
-----------------------------------------------------------------------------
 1012.0     14   25.0   23.9     94  18.86      0      0  297.1  351.9  300.5
 1000.0    117   26.4   21.8     76  16.75    110      5  299.6  348.7  302.6
  999.0    126   26.6   22.1     76  17.08    108      5  299.8  350.0  302.9
  954.0    529   23.8   21.0     84  16.71     25      7  301.0  350.3  304.0
  925.0    797   22.2   18.0     77  14.24    330      8  302.0  344.3  304.6
  922.0    826   22.0   17.8     77  14.11    329      8  302.1  343.9  304.6
  912.8    914   21.9   14.7     64  11.67    325      9  302.9  337.7  305.0
  904.0    998   21.8   11.8     53   9.70    321     10  303.6  332.8  305.4
  851.0   1524   17.7   12.8     73  11.02    295     16  304.6  337.7  306.6
  850.0   1534   17.6   12.8     73  11.04    295     15  304.6  337.8  306.6
  811.0   1936   15.0   12.9     87  11.66    291     15  305.9  341.2  308.1
  764.1   2438   12.9   10.2     83  10.29    285     14  308.9  340.5  310.8
  700.0   3176    9.8    6.1     78   8.51    270      8  313.3  340.0  314.9
  659.5   3658    7.1    3.6     78   7.56    250      3  315.6  339.7  317.1
  611.8   4267    3.7    0.4     79   6.49    280      9  318.6  339.6  319.8
  589.1   4572    2.0   -1.2     80   6.00    260      8  320.0  339.6  321.2
  546.4   5182   -1.5   -4.4     81   5.10    290      9  322.9  339.9  323.9
  526.2   5486   -3.2   -5.9     81   4.69    270      9  324.3  340.1  325.2
  506.8   5791   -4.9   -7.5     82   4.31    315      6  325.8  340.4  326.6
  500.0   5900   -5.5   -8.1     82   4.18    320      5  326.3  340.5  327.1
  468.5   6401   -8.4  -10.8     83   3.59    300      9  328.8  341.2  329.5
  450.4   6706  -10.2  -12.5     83   3.27    255     11  330.3  341.7  330.9
  432.9   7010  -11.9  -14.2     84   2.97    265     11  331.8  342.3  332.4
  400.0   7620  -15.5  -17.5     85   2.43    340      8  334.8  343.5  335.2
  368.1   8230  -19.6  -22.7     76   1.69    350      8  337.4  343.7  337.8
  353.1   8534  -21.6  -25.3     72   1.39    285      4  338.7  344.0  339.0
  338.8   8839  -23.6  -27.9     68   1.14    305      3  340.0  344.4  340.2
  324.9   9144  -25.6  -30.5     64   0.93     25      6  341.3  344.9  341.5
  311.7   9449  -27.6  -33.1     60   0.76     50      5  342.5  345.6  342.7
  300.0   9730  -29.5  -35.5     56   0.62    140      9  343.7  346.2  343.8
  299.0   9754  -29.7  -35.8     56   0.61    135      6  343.8  346.2  343.9
  273.9  10363  -34.7  -42.2     46   0.34    155     15  345.2  346.6  345.3
  250.0  11000  -39.9  -48.9     38   0.18    125     23  346.6  347.4  346.6
  239.7  11278  -42.3                         125     25  347.2         347.2
  200.0  12480  -52.7                         120     33  349.1         349.1
  156.1  14021  -66.8                         105     27  350.8         350.8
  150.0  14270  -69.1                          90     32  350.9         350.9
  119.0  15595  -74.7                          80     61  364.6         364.6
  113.8  15850  -75.8                          80     61  367.2         367.2
  100.0  16590  -78.9                          75     48  375.0         375.0
   97.0  16765  -75.6                          55     22  384.7         384.7
   96.9  16771  -75.5                          53     22  385.1         385.1
   92.0  17072  -74.0                         290     16  393.8         393.8
   91.8  17085  -73.9                         289     16  394.2         394.2
   83.0  17669  -75.8                         245     34  401.9         401.9
   81.6  17768  -76.1                                     403.2         403.2
