-----------------------------------------------------------------------------
   PRES   HGHT   TEMP   DWPT   RELH   MIXR   DRCT   SKNT   THTA   THTE   THTV
    hPa     m      C      C      %    g/kg    deg   knot     K      K      K 
-----------------------------------------------------------------------------
 1011.0     14   24.4   23.6     95  18.53     80      3  296.6  350.3  299.9
 1000.0    107   24.6   22.8     90  17.83     80      6  297.8  349.7  300.9
  988.0    213   24.8   22.9     89  18.17     43      4  299.0  352.1  302.2
  979.0    293   24.4   22.5     89  17.93     15      3  299.3  351.9  302.6
  946.0    593   22.8   21.2     91  17.06    295     11  300.7  351.0  303.8
  925.0    790   21.8   20.3     91  16.50    295     13  301.6  350.4  304.6
  852.0   1504   18.3   16.3     88  13.89    300     17  305.1  346.8  307.6
  850.0   1524   18.2   16.2     88  13.82    300     17  305.2  346.7  307.7
  836.0   1667   18.0   15.9     88  13.78    303     16  306.4  348.1  309.0
  794.0   2107   14.8   12.9     88  11.91    314     13  307.6  343.8  309.8
  769.0   2378   14.2   11.3     83  11.05    321     11  309.7  343.7  311.8
  734.0   2770   10.8    7.4     80   8.88    330      9  310.2  337.7  311.8
  715.0   2989   11.0    7.0     76   8.86    336      7  312.7  340.5  314.4
  700.0   3166    9.4    6.5     82   8.75    340      6  312.9  340.3  314.5
  697.0   3202    9.2    6.7     84   8.91    340      6  313.0  340.9  314.7
  677.0   3443    9.2    4.7     73   7.97    340      7  315.6  341.0  317.2
  664.0   3603    8.0    4.1     76   7.79    340      8  316.0  340.8  317.5
  641.0   3892    5.8    3.0     82   7.46      0      6  316.7  340.6  318.2
  613.0   4259    3.0    1.6     91   7.06     27      8  317.6  340.3  318.9
  595.0   4499    1.9    0.8     92   6.86     45      9  319.1  341.3  320.4
  563.0   4945    0.0   -0.7     95   6.50     51     13  321.9  343.2  323.1
  512.0   5701   -3.3   -4.5     91   5.37     60     21  326.8  344.8  327.8
  500.0   5890   -4.1   -5.5     90   5.11     50     20  328.0  345.3  329.0
  475.0   6295   -6.1   -7.4     90   4.64     45     15  330.4  346.3  331.3
  470.0   6379   -6.5   -7.8     90   4.55     48     14  330.9  346.5  331.8
  457.0   6596   -7.7   -9.1     90   4.23     55     11  332.0  346.7  332.9
  407.0   7495  -12.6  -14.4     86   3.10     40     10  336.9  348.0  337.5
  400.0   7630  -13.3  -15.2     86   2.95     40     11  337.6  348.3  338.2
  393.0   7764  -14.1  -16.1     85   2.79     44     11  338.3  348.4  338.9
  376.0   8093  -16.3  -18.5     83   2.38     55     12  339.7  348.4  340.2
  347.0   8690  -20.3  -22.8     81   1.78     85      9  342.1  348.8  342.5
  336.0   8930  -21.9  -24.5     79   1.57     69      8  343.1  349.1  343.4
  333.0   8995  -22.4  -25.0     79   1.51     65      8  343.3  349.1  343.6
  319.0   9306  -24.8  -27.6     78   1.25     85      5  344.2  349.0  344.4
  300.0   9750  -28.3  -31.3     75   0.94    130      7  345.4  349.1  345.6
  294.0   9892  -29.5  -32.5     75   0.85    145      8  345.7  349.1  345.9
  250.0  11030  -38.9  -42.6     68   0.36    155     14  348.1  349.6  348.2
  245.0  11169  -40.1  -44.2     65   0.31    157     14  348.3  349.6  348.4
  217.0  11977  -47.5                         170     12  349.1         349.1
  200.0  12520  -52.5                         145      8  349.5         349.5
  198.0  12583  -53.0                         155      7  349.6         349.6
  188.0  12907  -55.7                         170     12  350.6         350.6
  171.0  13500  -60.6                         135     26  352.1         352.1
  150.0  14320  -67.3                         115     32  354.0         354.0
  136.0  14899  -72.7                         100     37  354.5         354.5
  127.0  15287  -75.2                          90     40  356.9         356.9
  100.0  16640  -84.1                         100     59  365.0         365.0
   97.0  16808  -84.8                         105     58  366.8         366.8
   93.4  17016  -85.7                                     369.0         369.0
