-----------------------------------------------------------------------------
   PRES   HGHT   TEMP   DWPT   RELH   MIXR   DRCT   SKNT   THTA   THTE   THTV
    hPa     m      C      C      %    g/kg    deg   knot     K      K      K 
-----------------------------------------------------------------------------
 1011.0     14   26.4   15.4     51  11.00      0      0  298.6  330.9  300.6
 1010.0     23   27.8   23.5     77  18.44    354      0  300.1  354.4  303.4
 1009.0     32   28.8   24.3     77  19.39    348      0  301.2  358.6  304.7
 1000.0    112   28.4   22.4     70  17.39    295      1  301.6  353.0  304.7
  979.0    299   26.7   21.6     74  16.91    315      2  301.7  351.8  304.7
  946.0    601   24.0   20.3     80  16.16    270      4  301.9  349.8  304.8
  925.0    799   22.2   19.5     85  15.68    290      6  302.0  348.5  304.8
  923.0    818   22.0   19.4     85  15.62    291      6  302.0  348.3  304.8
  883.0   1201   20.1   13.3     65  11.01    305     11  303.9  337.0  305.9
  863.0   1399   19.2   10.2     56   9.13    308     10  304.9  332.6  306.6
  850.0   1529   18.2   12.2     68  10.61    310     10  305.2  337.3  307.1
  837.0   1661   17.2   14.0     81  12.15    308     10  305.5  342.1  307.7
  795.0   2101   15.8   10.7     72  10.28    300     10  308.5  340.0  310.4
  752.0   2575   14.2    7.2     63   8.54    284     12  311.7  338.4  313.3
  741.0   2699   13.5    6.5     63   8.28    280     13  312.3  338.3  313.9
  715.0   3000   11.9    5.0     62   7.68    250     11  313.8  338.0  315.2
  700.0   3179   11.0    4.0     62   7.33    250     11  314.6  337.9  316.0
  645.0   3855    7.4    1.4     66   6.61    269      7  318.0  339.4  319.3
  641.0   3906    7.1    1.3     67   6.59    270      7  318.2  339.5  319.4
  618.0   4202    5.1    0.5     72   6.45    255      4  319.3  340.3  320.6
  596.0   4496    3.2   -0.3     78   6.32    335      2  320.4  341.0  321.6
  574.0   4800    1.2   -1.1     85   6.19    345      5  321.5  341.8  322.7
  561.0   4986    0.0   -1.6     89   6.10    336      4  322.2  342.3  323.4
  553.0   5101   -0.6   -2.2     89   5.91    330      3  322.8  342.3  323.9
  547.0   5188   -1.1   -2.7     89   5.77    334      3  323.2  342.3  324.4
  546.0   5202   -0.9   -2.8     87   5.74    334      3  323.6  342.7  324.8
  531.0   5424   -0.9   -9.9     50   3.41    344      4  326.2  337.9  326.9
  528.0   5469   -1.3   -8.3     59   3.89    345      4  326.3  339.6  327.0
  513.0   5697   -2.6   -8.5     64   3.94    355      5  327.4  340.9  328.2
  500.0   5900   -3.7   -8.7     68   3.99    320      3  328.5  342.2  329.3
  494.0   5994   -4.3   -9.2     69   3.89    350      2  328.8  342.2  329.6
  476.0   6285   -6.2  -10.6     71   3.59     40      4  330.0  342.5  330.7
  458.0   6586   -8.2  -12.2     73   3.30    220      2  331.2  342.8  331.9
  440.0   6899  -10.2  -13.7     75   3.02    200      3  332.4  343.1  333.0
  436.0   6971  -10.7  -14.1     76   2.96    231      3  332.7  343.2  333.3
  423.0   7202  -12.2  -15.6     76   2.70    335      2  333.7  343.3  334.2
  407.0   7497  -14.1  -17.5     75   2.38     25      3  335.0  343.6  335.4
  400.0   7630  -14.9  -18.4     75   2.25     45      4  335.5  343.7  336.0
  397.0   7687  -15.3  -18.5     76   2.25     37      4  335.7  343.9  336.2
  391.0   7802  -16.0  -20.0     71   2.02     20      5  336.3  343.7  336.7
  376.0   8096  -17.7  -23.7     59   1.51      0      6  337.8  343.5  338.1
  361.0   8397  -19.6  -25.3     61   1.36    345      8  339.2  344.4  339.5
  347.0   8690  -21.5  -26.9     62   1.23     10      5  340.5  345.2  340.8
  333.0   8995  -23.4  -28.5     63   1.10    175      3  341.9  346.2  342.1
  331.0   9039  -23.7  -28.7     63   1.09    171      3  342.1  346.3  342.3
  306.0   9607  -28.2  -32.7     65   0.80    115      8  343.6  346.8  343.8
  300.0   9750  -29.3  -33.7     66   0.74    130      8  344.0  346.9  344.1
  281.0  10206  -33.0  -37.2     66   0.56    160     11  345.2  347.5  345.3
  258.0  10801  -37.7  -41.7     66   0.38    130     10  346.7  348.3  346.8
  250.0  11020  -39.5  -43.4     66   0.33    135     14  347.2  348.6  347.3
  248.0  11075  -39.9  -43.8     66   0.32    136     14  347.4  348.8  347.5
  206.0  12304  -50.6                         160     20  349.5         349.5
  200.0  12500  -52.3                         160     20  349.8         349.8
  188.0  12887  -55.6                         155     19  350.7         350.7
  171.0  13480  -60.7                         115     22  351.9         351.9
  150.0  14300  -67.7                         105     31  353.3         353.3
  129.0  15191  -75.3                          96     49  355.2         355.2
  117.0  15751  -79.7                          90     61  357.1         357.1
  108.0  16204  -80.9                          85     71  363.1         363.1
  100.0  16640  -78.5                          80     36  375.8         375.8
   97.0  16815  -78.0                          75     21  380.1         380.1
   92.0  17120  -77.0                         275      3  387.8         387.8
   88.3  17357  -76.3                         220     15  393.8         393.8
   88.0  17376  -76.4                         215     16  393.9         393.9
   83.0  17712  -78.9                         180     16  395.6         395.6
   81.0  17852  -79.9                         180     11  396.3         396.3
   79.0  17993  -80.2                         180      5  398.6         398.6
   75.0  18288  -80.7                         270     12  403.4         403.4
   73.7  18387  -80.9                         259     12  405.0         405.0
   70.0  18680  -78.9                         225     11  415.3         415.3
   67.0  18930  -78.1                         210      8  422.3         422.3
   64.0  19192  -77.2                         350      1  429.8         429.8
   62.4  19337  -76.7                          35      5  434.0         434.0
   61.0  19469  -75.0                          75      8  440.5         440.5
   59.1  19653  -72.7                                     449.8         449.8
   58.2  19743  -74.1                                     448.6         448.6
