-----------------------------------------------------------------------------
   PRES   HGHT   TEMP   DWPT   RELH   MIXR   DRCT   SKNT   THTA   THTE   THTV
    hPa     m      C      C      %    g/kg    deg   knot     K      K      K 
-----------------------------------------------------------------------------
 1010.0     14   27.8   23.5     77  18.44      0      0  300.1  354.4  303.4
 1000.0    103   27.8   21.8     70  16.75     65      2  300.9  350.4  304.0
  978.0    300   26.4   20.4     70  15.72     90      1  301.5  348.0  304.3
  945.0    603   24.3   18.3     69  14.22    335      4  302.3  344.6  304.9
  925.0    792   23.0   17.0     69  13.35    305      7  302.8  342.6  305.2
  914.0    897   22.5   16.1     67  12.76    290      7  303.4  341.5  305.7
  898.0   1052   21.8   14.8     64  11.92    287      8  304.2  339.9  306.3
  883.0   1198   20.8   14.8     68  12.13    285      8  304.6  341.1  306.8
  853.0   1499   18.8   14.8     78  12.56    305     12  305.5  343.4  307.8
  850.0   1530   18.6   14.8     79  12.61    300     13  305.6  343.6  307.9
  734.0   2770   10.8    9.3     90  10.12    254     22  310.2  341.4  312.1
  714.0   3001   11.5    7.0     74   8.87    245     24  313.4  341.2  315.0
  704.0   3118   11.8    5.8     67   8.28    241     25  315.0  341.2  316.6
  700.0   3166   11.4    4.4     62   7.55    240     25  315.1  339.1  316.5
  597.0   4484    5.2   -4.8     48   4.51    252     26  322.6  337.6  323.4
  544.0   5238    0.0   -6.0     64   4.52    259     26  325.1  340.3  325.9
  533.0   5401   -1.5   -6.2     71   4.56    260     26  325.1  340.5  326.0
  529.0   5462   -2.1   -6.2     73   4.57    263     25  325.1  340.6  326.0
  513.0   5706   -2.6   -6.5     75   4.60    275     21  327.3  343.0  328.2
  500.0   5910   -3.1   -6.8     76   4.62    265     20  329.2  345.0  330.1
  492.0   6038   -3.5   -7.7     73   4.38    262     19  330.2  345.3  331.1
  458.0   6595   -7.3  -10.3     79   3.82    250     16  332.3  345.6  333.1
  423.0   7214  -11.5  -13.3     87   3.26    263     11  334.6  346.1  335.2
  407.0   7508  -13.6  -14.7     91   3.01    270      8  335.5  346.3  336.1
  402.0   7602  -14.3  -15.2     93   2.94    277      8  335.8  346.4  336.4
  400.0   7640  -14.7  -15.5     94   2.88    280      8  335.8  346.1  336.4
  392.0   7793  -15.5  -16.4     93   2.72    284      8  336.7  346.5  337.2
  389.0   7851  -15.9  -16.8     93   2.66    285      8  336.9  346.5  337.4
  388.0   7870  -16.1  -16.9     94   2.64    285      8  336.9  346.4  337.4
  387.0   7889  -16.3  -17.2     93   2.58    286      8  336.9  346.2  337.4
  386.0   7909  -14.7  -17.2     81   2.59    286      8  339.2  348.7  339.8
  385.0   7928  -15.7  -17.4     87   2.55    287      8  338.2  347.5  338.7
  347.0   8693  -21.2  -23.2     84   1.72    305      7  341.0  347.4  341.3
  307.0   9593  -27.6  -30.0     80   1.04    205     12  344.1  348.2  344.3
  304.0   9665  -28.1  -30.5     80   1.00    201     13  344.4  348.3  344.6
  300.0   9760  -28.9  -31.4     79   0.93    195     15  344.5  348.2  344.7
  250.0  11030  -39.5  -44.5     59   0.29    145     12  347.2  348.4  347.3
  248.0  11085  -39.9  -44.9     59   0.28    144     12  347.4  348.6  347.5
  226.0  11700  -45.0                         130     11  348.9         348.9
  216.0  12000  -47.5                         105     14  349.6         349.6
  200.0  12510  -51.7                         110     18  350.7         350.7
  163.0  13807  -61.9                          85     29  354.7         354.7
  156.0  14078  -62.9                          80     31  357.6         357.6
  150.0  14320  -63.7                          95     16  360.1         360.1
  141.0  14686  -66.7                         145     11  361.3         361.3
  128.0  15258  -71.4                         200     14  363.0         363.0
  115.0  15891  -76.5                         225     25  364.7         364.7
  110.0  16153  -78.7                                     365.3         365.3
