-----------------------------------------------------------------------------
   PRES   HGHT   TEMP   DWPT   RELH   MIXR   DRCT   SKNT   THTA   THTE   THTV
    hPa     m      C      C      %    g/kg    deg   knot     K      K      K 
-----------------------------------------------------------------------------
 1009.0     14   29.6   23.6     70  18.57      0      0  302.0  357.1  305.3
 1000.0     98   29.0   22.0     66  16.96    285      4  302.1  352.5  305.2
  977.0    303   27.4   20.4     66  15.69    255      6  302.5  349.2  305.4
  945.0    597   25.1   18.1     65  14.01    250      3  303.1  344.9  305.6
  925.0    786   23.6   16.6     65  13.01    255      2  303.4  342.3  305.8
  882.0   1199   20.6   16.6     78  13.66    355      4  304.4  345.4  306.9
  877.0   1248   20.2   16.6     80  13.74    345      4  304.6  345.8  307.1
  855.0   1468   20.0   13.0     64  11.12    301      3  306.6  340.4  308.6
  852.0   1498   19.9   12.9     64  11.08    295      3  306.8  340.4  308.8
  850.0   1518   19.8   12.8     64  11.04    295      3  306.9  340.4  308.9
  823.0   1797   18.3   12.8     70  11.41    320      3  308.1  342.9  310.2
  815.0   1881   17.8   12.8     73  11.52    314      3  308.5  343.7  310.6
  805.0   1988   17.6    9.6     59   9.40    306      3  309.3  338.4  311.1
  793.0   2117   16.8   12.1     74  11.31    296      4  309.8  344.6  311.9
  767.0   2401   15.3   10.1     71  10.22    275      4  311.1  342.8  313.1
  726.0   2869   12.8    6.8     67   8.61    287      5  313.3  340.4  315.0
  716.0   2986   12.6    2.6     51   6.49    290      6  314.4  335.1  315.6
  700.0   3176   11.2    4.2     62   7.44    295      6  314.9  338.5  316.3
  689.0   3308   10.6    3.6     62   7.23    295      7  315.6  338.6  316.9
  641.0   3908    7.7    0.7     61   6.30    325      4  318.9  339.3  320.1
  640.0   3921    7.6    0.6     61   6.29    328      4  318.9  339.4  320.1
  618.0   4207    5.5    0.2     69   6.32     45      3  319.7  340.3  320.9
  596.0   4504    3.2   -0.2     78   6.36     70      5  320.4  341.2  321.7
  582.0   4698    1.8   -0.5     85   6.38     64      4  320.9  341.8  322.2
  574.0   4810    1.1   -1.5     82   6.01     60      4  321.4  341.2  322.6
  560.0   5009    0.0   -3.3     78   5.39    110      5  322.4  340.2  323.4
  553.0   5109   -0.7   -4.4     76   5.01    135      6  322.8  339.4  323.7
  542.0   5270   -1.7   -6.2     71   4.46    134      7  323.4  338.3  324.2
  524.0   5539   -3.1   -3.9     94   5.50    132      8  324.8  343.2  325.9
  500.0   5910   -4.9   -6.1     91   4.88    130      9  327.0  343.5  328.0
  476.0   6294   -7.2   -7.8     96   4.50    120      8  328.8  344.2  329.7
  473.0   6344   -7.5   -8.0     96   4.45    121      8  329.0  344.2  329.9
  450.0   6730   -9.5  -12.5     79   3.27    132      8  331.2  342.7  331.9
  437.0   6955  -10.1  -18.1     52   2.12    138      9  333.2  340.9  333.7
  429.0   7097  -11.1  -20.1     47   1.82    142      9  333.7  340.4  334.1
  425.0   7169  -11.7  -16.7     66   2.45    144      9  333.9  342.7  334.4
  423.0   7205  -11.8  -16.8     66   2.43    145      9  334.1  342.9  334.6
  413.0   7387  -12.5  -17.5     66   2.36    145      9  335.6  344.1  336.1
  403.0   7573  -13.5  -23.5     43   1.44    145      8  336.6  342.0  336.9
  400.0   7630  -13.7  -22.7     47   1.55    145      8  337.1  342.9  337.4
  383.0   7958  -15.9  -30.9     26   0.76    159      9  338.4  341.4  338.6
  376.0   8096  -16.9  -31.0     28   0.77    165      9  338.9  341.9  339.0
  368.0   8257  -18.1  -31.1     31   0.78    176      6  339.4  342.4  339.5
  361.0   8400  -19.2  -29.0     42   0.97    185      3  339.8  343.6  340.0
  350.0   8629  -20.9  -25.5     67   1.38     95      5  340.5  345.7  340.8
  347.0   8692  -21.3  -25.4     69   1.40     70      5  340.8  346.1  341.1
  332.0   9017  -23.3  -25.2     84   1.50     67      8  342.4  348.1  342.7
  324.0   9194  -24.5  -26.0     87   1.43     66      9  343.1  348.6  343.4
  320.0   9285  -25.0  -27.3     81   1.28     65     10  343.7  348.6  343.9
  319.0   9307  -25.1  -27.6     80   1.25     65     10  343.8  348.6  344.1
  316.0   9376  -25.7  -29.0     74   1.11     66      9  343.9  348.2  344.1
  313.0   9445  -26.1  -35.1     43   0.62     67      8  344.3  346.8  344.4
  311.0   9491  -26.3  -39.3     28   0.41     67      8  344.6  346.3  344.7
  300.0   9750  -27.9  -44.9     18   0.23     70      5  345.9  346.9  346.0
  297.0   9823  -28.5  -45.5     18   0.22     82      3  346.1  347.0  346.1
  294.0   9895  -29.1  -45.6     19   0.22     95      1  346.2  347.2  346.3
  282.0  10192  -31.6  -45.9     23   0.22    225      4  346.7  347.7  346.8
  270.0  10502  -34.3  -46.3     29   0.22    225      5  347.2  348.2  347.3
  259.0  10793  -36.6  -45.3     40   0.26    225      6  348.0  349.1  348.1
  250.0  11040  -38.5  -44.5     53   0.29    230      7  348.7  349.9  348.8
  248.0  11095  -39.0  -45.0     53   0.28    235      7  348.7  349.9  348.8
  244.0  11206  -40.1  -46.1     53   0.25    224      7  348.7  349.8  348.8
  237.0  11400  -41.8                         205      6  349.0         349.0
  207.0  12301  -49.9                          85      5  350.2         350.2
  200.0  12530  -51.9                          55      4  350.4         350.4
  198.0  12594  -52.5                          55      4  350.4         350.4
  175.0  13377  -60.1                          55      9  350.6         350.6
  172.0  13483  -60.9                          55     10  350.9         350.9
  150.0  14320  -67.5                          65     25  353.6         353.6
  130.0  15161  -75.3                          74     31  354.4         354.4
  127.0  15295  -75.6                          75     32  356.2         356.2
  120.0  15618  -76.4                          65     21  360.6         360.6
  114.0  15912  -77.1                          90      7  364.6         364.6
  109.0  16168  -77.7                         130     20  368.1         368.1
  100.0  16660  -78.9                         105     36  375.0         375.0
   98.0  16774  -79.5                          95     33  376.1         376.1
   88.0  17379  -82.7                          60     18  381.4         381.4
   86.8  17456  -83.1                          68     17  382.1         382.1
   82.9  17712  -83.7                          93     13  385.9         385.9
   79.4  17952  -82.5                         117      9  393.2         393.2
   79.0  17980  -81.7                         120      9  395.5         395.5
   77.9  18059  -79.3                         135      9  401.9         401.9
   75.0  18275  -78.8                         175      9  407.3         407.3
   72.8  18444  -78.5                         227     12  411.5         411.5
   71.0  18588  -75.7                         270     14  420.5         420.5
   70.4  18637  -74.7                         273     16  423.6         423.6
   70.0  18670  -74.5                         275     17  424.7         424.7
   64.0  19189  -76.0                         265     23  432.5         432.5
   63.5  19234  -76.1                                     433.1         433.1
