-----------------------------------------------------------------------------
   PRES   HGHT   TEMP   DWPT   RELH   MIXR   DRCT   SKNT   THTA   THTE   THTV
    hPa     m      C      C      %    g/kg    deg   knot     K      K      K 
-----------------------------------------------------------------------------
 1010.0     14   25.6   24.8     95  19.98    140      2  297.9  356.2  301.4
 1000.0     96   25.0   23.0     89  18.05    125      4  298.1  350.8  301.4
  977.0    300   25.0   22.1     84  17.52    250      2  300.1  351.7  303.3
  963.0    427   25.0   21.6     81  17.19    271      5  301.4  352.2  304.5
  944.0    601   23.7   20.7     83  16.59    300     10  301.8  350.9  304.8
  925.0    779   22.4   19.8     85  15.98    295     13  302.2  349.6  305.1
  852.0   1495   18.5   16.9     90  14.41    255     16  305.3  348.6  307.9
  850.0   1515   18.4   16.8     90  14.37    255     16  305.4  348.6  308.0
  778.0   2270   15.4   11.6     78  11.15    271     14  310.0  344.3  312.1
  739.0   2704   12.6    8.1     74   9.24    280     13  311.6  340.3  313.3
  736.0   2738   12.4    7.8     74   9.10    280     13  311.7  340.0  313.4
  722.0   2899   12.6    6.6     67   8.54    278     13  313.6  340.5  315.2
  700.0   3158   11.2    5.2     67   7.98    275     12  314.9  340.2  316.4
  617.0   4190    4.6    1.4     80   6.90    260     11  318.8  341.1  320.2
  594.0   4501    2.6    0.2     84   6.59    255      8  320.0  341.5  321.3
  565.0   4910    0.0   -1.3     91   6.20    273     10  321.6  341.9  322.8
  532.0   5388   -2.5   -3.6     92   5.56    295     12  324.1  342.6  325.2
  500.0   5880   -5.1   -5.9     94   4.95    245     10  326.8  343.5  327.7
  493.0   5991   -5.8   -6.4     95   4.84    235      9  327.3  343.7  328.2
  479.0   6218   -7.1   -7.4     98   4.61    228      6  328.3  344.0  329.2
  474.0   6300   -7.5   -8.0     97   4.45    225      5  328.7  344.0  329.6
  456.0   6602   -9.2  -10.1     93   3.90    150      1  330.3  343.8  331.1
  449.0   6722   -9.9  -11.0     92   3.70    132      3  330.9  343.8  331.7
  445.0   6792  -10.1  -13.8     74   2.98    121      4  331.5  342.0  332.1
  439.0   6896  -10.7  -13.8     78   3.02    105      5  332.1  342.7  332.7
  423.0   7183  -12.3  -13.8     89   3.13    176      5  333.5  344.6  334.2
  422.0   7201  -12.4  -13.9     88   3.10    180      5  333.6  344.6  334.3
  412.0   7385  -13.5  -15.4     86   2.82    171      6  334.5  344.6  335.1
  404.0   7534  -14.3  -18.2     72   2.27    164      7  335.4  343.6  335.8
  402.0   7572  -14.3  -21.3     55   1.75    162      7  335.8  342.3  336.2
  400.0   7610  -14.3  -23.3     46   1.47    160      7  336.3  341.8  336.6
  392.0   7763  -15.5  -26.5     38   1.13    156      8  336.7  341.0  336.9
  390.0   7801  -15.7  -25.5     43   1.24    155      8  336.9  341.6  337.1
  380.0   7996  -16.9  -20.6     73   1.96    198      7  337.9  345.1  338.2
  375.0   8095  -17.5  -21.1     74   1.91    220      6  338.3  345.4  338.7
  346.0   8691  -21.3  -23.8     80   1.63    295      4  341.1  347.3  341.5
  334.0   8953  -22.9  -25.0     83   1.51    304      5  342.3  348.1  342.6
  332.0   8996  -23.2  -25.4     83   1.47    305      5  342.5  348.1  342.8
  319.0   9286  -25.4  -27.8     80   1.23    265      4  343.4  348.2  343.7
  300.0   9730  -28.7  -31.5     77   0.92    295      3  344.8  348.4  345.0
  293.0   9896  -30.1  -33.0     75   0.82    300      3  345.2  348.5  345.4
  281.0  10189  -32.4  -35.7     73   0.65    285      5  346.0  348.6  346.1
  258.0  10789  -37.3  -41.1     68   0.41    345      7  347.3  349.0  347.4
  250.0  11010  -39.1  -43.1     66   0.34    340      8  347.8  349.2  347.9
  247.0  11093  -39.9  -43.5     68   0.33    335      7  347.9  349.3  347.9
  246.0  11120  -40.1  -43.6     69   0.33    336      7  347.9  349.3  348.0
  236.0  11397  -42.3                         345      6  348.8         348.8
  226.0  11685  -44.5                          15      6  349.7         349.7
  216.0  11987  -46.9                          55      9  350.6         350.6
  200.0  12500  -50.9                          60     25  352.0         352.0
  163.0  13780  -61.0                          85     53  356.2         356.2
  150.0  14300  -65.1                          75     50  357.7         357.7
  127.0  15273  -72.0                          40     28  362.7         362.7
  115.0  15853  -76.1                          70     28  365.5         365.5
  109.0  16166  -78.3                         100     29  367.0         367.0
  100.0  16670  -81.9                          90     32  369.2         369.2
   93.0  17069  -84.1                          70     27  372.6         372.6
   83.0  17695  -87.6                          95     29  377.8         377.8
   81.2  17816  -88.3                         100     32  378.8         378.8
   79.0  17965  -87.7                          95     40  383.0         383.0
   77.5  18069  -87.3                          88     35  385.9         385.9
   74.4  18294  -80.9                          73     25  403.9         403.9
   71.0  18560  -78.4                          55     14  414.6         414.6
   70.0  18640  -77.7                          60     12  417.8         417.8
   68.6  18756  -77.7                          74     12  420.3         420.3
   67.0  18893  -75.2                          90     13  428.6         428.6
   64.4  19124  -70.9                          94     12  442.8         442.8
   64.0  19161  -70.8                          95     12  443.9         443.9
   61.0  19447  -69.8                         270      5  452.2         452.2
   59.0  19645  -69.1                         277      6  458.1         458.1
   58.0  19747  -69.6                         280      7  459.2         459.2
   55.0  20062  -71.2                         150     10  462.6         462.6
   54.4  20127  -71.5                         139     11  463.3         463.3
   52.0  20396  -69.7                          95     15  473.5         473.5
   50.0  20630  -68.1                          65     16  482.6         482.6
   49.0  20751  -68.0                          60     15  485.6         485.6
   48.0  20874  -67.9                          60     13  488.7         488.7
   47.0  21001  -66.2                          60     11  495.7         495.7
   45.1  21251  -62.9                          98     15  509.6         509.6
   45.0  21264  -62.9                         100     15  510.0         510.0
   37.3  22421  -59.9                         114     31  545.7         545.7
   37.0  22471  -59.9                         115     32  546.9         546.9
   33.0  23180  -60.5                         105     23  563.6         563.6
   30.4  23688  -60.9                          53     21  575.9         575.9
   30.0  23770  -60.5                          45     21  579.1         579.1
   27.0  24432  -57.1                          23     12  606.4         606.4
   26.0  24669  -57.6                          15      9  611.4         611.4
   25.0  24916  -58.2                         120      5  616.6         616.6
   22.3  25634  -59.9                         124     17  632.1         632.1
   22.0  25719  -59.7                         125     18  635.2         635.2
   21.0  26011  -58.9                         115     32  646.1         646.1
   20.1  26288  -55.1                         106     45  665.8         665.8
   20.0  26320  -54.1                         105     46  669.8         669.8
   19.0  26649  -54.0                         100     53  680.0         680.0
   16.3  27633  -53.7                          87     68  711.4         711.4
   15.8  27833  -54.1                          85     71  716.5         716.5
   14.0  28623  -48.7                          75     83  759.9         759.9
   13.6  28812  -47.4                          75     83  770.6         770.6
   13.2  29007  -46.1                                     781.8         781.8
