-----------------------------------------------------------------------------
   PRES   HGHT   TEMP   DWPT   RELH   MIXR   DRCT   SKNT   THTA   THTE   THTV
    hPa     m      C      C      %    g/kg    deg   knot     K      K      K 
-----------------------------------------------------------------------------
 1008.0     14   26.4   25.2     93  20.52    100      2  298.9  359.0  302.5
 1000.0     88   26.0   23.2     85  18.28    145      2  299.1  352.7  302.4
  991.0    168   27.0   23.5     81  18.80    104      2  300.9  356.4  304.3
  976.0    302   26.0   22.6     81  18.07     35      1  301.3  354.7  304.5
  944.0    595   23.9   20.7     82  16.55    310      9  302.0  351.1  305.0
  925.0    774   22.6   19.5     83  15.68    295     12  302.4  349.0  305.2
  909.0    926   21.0   19.2     89  15.66    295     14  302.3  348.8  305.1
  881.0   1195   20.0   16.2     79  13.34    295     17  303.9  343.8  306.4
  850.0   1504   18.8   12.8     68  11.04    305     18  305.8  339.2  307.9
  848.0   1524   18.6   12.6     68  10.92    304     18  305.8  338.9  307.8
  821.0   1799   17.4   11.4     68  10.39    295     18  307.4  339.1  309.3
  724.0   2868   12.6    6.6     67   8.51    279     14  313.4  340.1  315.0
  700.0   3151   11.0    5.0     66   7.87    275     13  314.6  339.6  316.1
  663.0   3595    8.5    3.0     69   7.23    280     15  316.7  339.9  318.1
  572.0   4802    1.6   -2.3     75   5.68    270      4  322.4  341.1  323.5
  552.0   5093    0.0   -3.6     77   5.34    313      4  323.7  341.5  324.7
  551.0   5108   -0.1   -3.7     77   5.31    315      4  323.8  341.5  324.8
  531.0   5402   -1.4   -5.7     72   4.73    220      5  325.6  341.6  326.6
  512.0   5693   -2.7   -7.7     68   4.21    353      1  327.5  341.8  328.3
  511.0   5708   -2.8   -7.8     68   4.18      0      1  327.5  341.8  328.3
  500.0   5880   -4.1   -9.1     68   3.86    170      5  328.0  341.2  328.7
  493.0   5990   -4.9   -9.4     71   3.81    170      5  328.3  341.4  329.1
  474.0   6297   -7.2  -10.4     78   3.68     85      6  329.2  341.9  329.9
  468.0   6397   -7.9  -10.7     80   3.64    105      6  329.5  342.1  330.2
  456.0   6598   -8.7  -14.7     62   2.70    145      6  331.0  340.5  331.5
  445.0   6786   -9.9  -14.4     70   2.83    158      5  331.8  341.8  332.3
  439.0   6890  -10.5  -15.2     68   2.69    165      4  332.3  341.9  332.9
  431.0   7031  -11.3  -16.3     67   2.50    186      4  333.0  342.0  333.5
  429.0   7067  -11.3  -17.3     61   2.31    192      4  333.5  341.8  333.9
  428.0   7085  -11.3  -20.3     47   1.79    194      4  333.7  340.2  334.1
  425.0   7139  -11.5  -19.5     52   1.93    202      4  334.1  341.1  334.5
  424.0   7157  -11.5  -16.0     69   2.60    205      4  334.3  343.7  334.9
  421.0   7211  -11.9  -15.0     78   2.85    213      5  334.5  344.7  335.1
  419.0   7247  -12.1  -15.3     77   2.79    219      5  334.7  344.7  335.3
  418.0   7265  -12.1  -19.1     56   2.03    221      5  334.9  342.3  335.4
  411.0   7394  -12.7  -16.2     75   2.64    241      5  335.8  345.3  336.3
  406.0   7487  -13.3  -16.8     75   2.54    255      5  336.1  345.3  336.7
  400.0   7600  -14.1  -17.6     75   2.41    260      4  336.6  345.3  337.1
  390.0   7793  -15.3  -21.8     57   1.72    110      1  337.4  343.8  337.8
  382.0   7950  -16.3  -25.3     46   1.29    115      1  338.1  343.0  338.4
  378.0   8030  -17.1  -23.1     60   1.59    118      1  338.1  344.0  338.4
  375.0   8090  -17.5  -24.1     56   1.46    120      1  338.3  343.8  338.6
  368.0   8232  -18.5  -26.5     49   1.20     65      1  338.8  343.4  339.1
  360.0   8396  -19.9  -25.9     59   1.29      0      1  339.1  344.0  339.4
  355.0   8500  -20.3  -26.3     59   1.27    356      2  339.9  344.7  340.2
  352.0   8564  -20.5  -25.3     65   1.40    354      2  340.5  345.8  340.8
  350.0   8606  -20.9  -25.2     68   1.42    353      2  340.5  345.9  340.8
  348.0   8649  -21.1  -27.1     58   1.20    351      3  340.8  345.4  341.0
  347.0   8670  -21.1  -30.1     44   0.91    351      3  341.1  344.6  341.2
  346.0   8691  -21.1  -30.0     45   0.92    350      3  341.3  344.9  341.5
  340.0   8821  -21.1  -29.1     49   1.02    354      2  343.0  347.0  343.3
  333.0   8976  -21.7  -33.7     33   0.67    359      1  344.3  346.9  344.4
  332.0   8998  -21.9  -33.6     34   0.68      0      1  344.4  347.1  344.5
  318.0   9315  -24.1  -32.4     46   0.80    160      5  345.4  348.6  345.6
  317.0   9339  -24.3  -32.3     48   0.81    160      5  345.5  348.8  345.7
  308.0   9549  -25.9  -37.9     32   0.48    156      3  346.1  348.1  346.2
  306.0   9596  -26.4  -38.1     32   0.47    155      3  346.2  348.1  346.3
  300.0   9740  -27.7  -38.7     34   0.45    135      4  346.2  348.1  346.3
  281.0  10202  -31.6  -44.3     28   0.27     55      9  347.1  348.2  347.1
  277.0  10303  -32.5  -45.5     26   0.24     60     10  347.3  348.3  347.3
  267.0  10559  -35.1  -48.1     25   0.18     72     12  347.1  347.9  347.2
  261.0  10715  -36.3  -43.3     48   0.32     80     13  347.6  349.0  347.7
  251.0  10983  -38.5  -43.5     59   0.33     94     15  348.3  349.7  348.4
  250.0  11010  -38.7  -43.5     60   0.33     95     15  348.4  349.8  348.5
  247.0  11093  -39.1  -45.5     51   0.27     95     16  348.9  350.1  349.0
  242.0  11234  -39.9  -48.9     38   0.19     94     18  349.8  350.7  349.9
  216.0  11995  -46.3                          90     27  351.4         351.4
  200.0  12510  -50.7                         105     27  352.3         352.3
  158.0  13995  -63.9                         117     38  354.5         354.5
  150.0  14310  -66.3                         120     41  355.7         355.7
  134.0  14967  -70.9                         125     46  359.1         359.1
  109.0  16168  -79.4                         110     21  365.0         365.0
  103.0  16498  -81.7                         120     19  366.5         366.5
  100.0  16670  -82.9                         120     19  367.3         367.3
   93.0  17068  -85.9                         110     16  369.1         369.1
   86.5  17465  -88.9                         100     30  370.8         370.8
   83.0  17689  -87.7                          85     34  377.7         377.7
   82.5  17721  -87.5                          84     33  378.7         378.7
   81.0  17822  -84.5                          82     30  386.8         386.8
   76.5  18137  -84.7                          74     19  392.8         392.8
   75.1  18240  -82.9                          72     16  398.6         398.6
   74.6  18277  -81.9                          71     14  401.5         401.5
   74.0  18323  -77.8                          70     13  410.9         410.9
   73.1  18394  -71.7                          18     11  425.4         425.4
   71.0  18566  -71.0                         255      6  430.4         430.4
   70.0  18650  -70.7                         245      8  432.8         432.8
   58.3  19723  -75.3                         210     20  445.7         445.7
   58.0  19753  -75.1                         200     18  446.7         446.7
   56.8  19875  -74.5                         173     16  450.8         450.8
   55.2  20043  -69.1                         137     13  466.9         466.9
   52.0  20403  -66.7                          60      6  480.6         480.6
   51.8  20426  -66.5                          65      6  481.5         481.5
   50.0  20640  -67.1                         110     11  484.9         484.9
   48.7  20798  -68.5                         105     14  485.3         485.3
   45.0  21273  -68.0                          90     21  497.6         497.6
   40.2  21950  -67.3                          96     22  515.6         515.6
   37.0  22455  -62.6                         100     23  540.0         540.0
   36.8  22488  -62.3                          99     22  541.7         541.7
   33.0  23161  -62.0                          85     11  559.6         559.6
   32.0  23351  -61.9                          50      6  564.8         564.8
   30.0  23750  -61.7                         290      2  575.9         575.9
   29.0  23959  -62.4                         145      8  579.6         579.6
   28.8  24002  -62.5                         141      9  580.4         580.4
   27.0  24401  -61.7                         105     15  593.3         593.3
   26.0  24634  -61.3                          94     23  601.0         601.0
   24.0  25138  -56.2                          70     39  629.6         629.6
   23.5  25271  -54.9                          69     35  637.3         637.3
   22.0  25692  -55.1                          65     22  648.9         648.9
   20.6  26111  -55.3                          86     30  660.6         660.6
   20.0  26300  -54.7                          95     34  668.0         668.0
   16.0  27739  -51.8                          90     68  721.3         721.3
   15.1  28112  -51.1                          89     69  735.8         735.8
   11.3  30028  -43.9                          85     75  825.1         825.1
   11.1  30146  -43.5                          85     75  830.9         830.9
   11.0                                        85     75                     
