-----------------------------------------------------------------------------
   PRES   HGHT   TEMP   DWPT   RELH   MIXR   DRCT   SKNT   THTA   THTE   THTV
    hPa     m      C      C      %    g/kg    deg   knot     K      K      K 
-----------------------------------------------------------------------------
   96.4         -85.7                                     365.7         365.7
   92.0         -83.5                         100     31  374.9         374.9
   87.0         -80.9                          80     24  386.2         386.2
   83.0         -78.8                         175      3  395.8         395.8
   82.9         -78.7                         177      3  396.1         396.1
   78.0         -79.1                         295      9  402.3         402.3
   74.0         -79.4                         345     12  407.7         407.7
   71.0         -79.6                           0     11  412.1         412.1
   67.8         -79.9                          48     12  416.9         416.9
   67.0         -79.1                          60     12  420.1         420.1
   64.0         -76.0                          95     22  432.3         432.3
   63.5         -75.5                          95     21  434.5         434.5
   60.2         -75.7                          95     15  440.7         440.7
   60.0         -75.4                          95     15  441.8         441.8
   57.9         -72.1                         137     14  453.8         453.8
   57.0         -72.0                         155     14  456.1         456.1
   54.0         -71.5                         185     13  464.3         464.3
   46.4         -70.1                         144     19  488.2         488.2
   44.0         -71.5                         130     21  492.3         492.3
   43.0         -72.1                         113     23  494.0         494.0
   42.0         -69.2                          95     26  504.6         504.6
   40.7         -65.3                          95     28  518.8         518.8
   37.0         -58.9                          95     36  549.7         549.7
   34.7         -54.5                          64     28  571.2         571.2
   33.0         -55.0                          40     21  578.2         578.2
   32.0         -55.3                           0     14  582.5         582.5
   30.0         -55.9                         325     11  591.7         591.7
   29.9         -55.9                         321     11  592.2         592.2
   26.0         -60.2                         155     13  604.1         604.1
   25.0         -61.4                         150     18  607.5         607.5
   24.6         -61.9                         136     21  608.9         608.9
   24.0         -61.9                         115     26  613.3         613.3
   22.3         -61.7                          97     33  626.8         626.8
   21.0         -58.1                          82     39  648.5         648.5
   20.0         -58.3                          70     44  657.0         657.0
   19.1         -58.5                          72     48  665.1         665.1
   18.3         -55.9                          74     51  681.4         681.4
   15.3         -57.1                          83     67  713.2         713.2
   12.0         -50.2                          95     87  789.0         789.0
   11.8         -49.7                                     794.5         794.5
