-----------------------------------------------------------------------------
   PRES   HGHT   TEMP   DWPT   RELH   MIXR   DRCT   SKNT   THTA   THTE   THTV
    hPa     m      C      C      %    g/kg    deg   knot     K      K      K 
-----------------------------------------------------------------------------
 1011.0     14   23.8   23.2     96  18.08      0      0  296.0  348.2  299.2
 1002.0     92   25.2   22.1     83  17.03     49      4  298.2  347.9  301.2
 1000.0    109   25.4   21.9     81  16.85     60      5  298.6  347.8  301.6
  978.0    303   24.1   21.4     84  16.66     25      7  299.2  348.0  302.2
  945.0    603   22.2   20.5     90  16.37    330      9  300.2  348.3  303.1
  925.0    790   21.0   20.0     94  16.19    305     12  300.8  348.5  303.7
  913.0    902   20.4   19.4     94  15.79    295     14  301.2  347.9  304.1
  852.0   1498   16.9   16.2     96  13.79    305     11  303.6  344.8  306.2
  850.0   1518   16.8   16.1     96  13.73    310     10  303.7  344.8  306.2
  836.0   1659   15.4   14.2     93  12.32    300     11  303.7  340.6  305.9
  823.0   1792   16.0   13.5     85  11.97    290     12  305.7  341.8  307.9
  819.0   1833   16.2   13.3     83  11.86    290     12  306.3  342.2  308.5
  743.0   2655   12.8    6.8     67   8.41    300      7  311.3  337.5  312.9
  739.0   2700   12.5    6.7     68   8.40    300      7  311.5  337.7  313.0
  713.0   2999   10.7    6.1     73   8.35    270      5  312.7  338.9  314.3
  700.0   3152    9.8    5.8     76   8.33    225      5  313.3  339.5  314.9
  688.0   3293    8.9    5.2     78   8.16    205      5  313.9  339.6  315.4
  663.0   3596    7.0    4.1     82   7.79    190      6  315.1  339.8  316.5
  639.0   3897    5.1    2.9     86   7.44    125      5  316.2  340.0  317.6
  616.0   4197    3.2    1.8     90   7.11    135      2  317.4  340.2  318.7
  594.0   4494    1.3    0.6     95   6.78      0      1  318.5  340.4  319.8
  579.0   4704    0.0   -0.2     99   6.56    275      2  319.3  340.6  320.6
  572.0   4801   -0.4   -0.7     98   6.42    235      3  320.0  340.9  321.2
  551.0   5100   -1.5   -2.0     96   6.01    210      6  322.1  341.9  323.3
  540.0   5261   -2.1   -2.8     95   5.80    221      7  323.2  342.4  324.4
  511.0   5698   -4.4   -5.6     91   4.96    250      8  325.6  342.3  326.6
  500.0   5870   -5.3   -6.7     90   4.66    240      6  326.5  342.3  327.4
  492.0   5995   -6.0   -7.5     89   4.46    240      4  327.2  342.4  328.1
  473.0   6299   -7.6   -9.3     87   4.00    260      5  328.9  342.7  329.7
  455.0   6599   -9.2  -11.2     85   3.59      0      1  330.6  343.1  331.3
  438.0   6894  -10.7  -13.0     83   3.22    175      5  332.3  343.6  332.9
  421.0   7200  -12.3  -14.9     81   2.87    220      6  334.0  344.2  334.6
  415.0   7311  -12.9  -15.6     80   2.75    229      7  334.6  344.4  335.1
  405.0   7496  -14.0  -17.1     77   2.48    245      8  335.6  344.5  336.1
  400.0   7590  -14.5  -17.9     75   2.35    250      9  336.1  344.6  336.5
  359.0   8395  -19.9  -23.6     72   1.60    260      6  339.4  345.4  339.7
  345.0   8691  -21.8  -25.6     71   1.38    235      7  340.6  345.9  340.9
  331.0   9000  -23.9  -27.8     70   1.18    240      5  341.8  346.4  342.1
  318.0   9289  -26.2  -30.2     69   0.99    245      4  342.6  346.5  342.8
  305.0   9591  -28.6  -32.6     68   0.81    220      4  343.4  346.6  343.6
  300.0   9710  -29.5  -33.6     68   0.75    220      3  343.7  346.7  343.8
  280.0  10195  -33.5  -37.4     68   0.55    270      6  344.7  347.0  344.9
  257.0  10797  -38.5  -42.1     69   0.37    255      5  345.9  347.4  346.0
  251.0  10963  -39.9  -43.4     69   0.33    264      7  346.2  347.6  346.3
  250.0  10990  -40.1                         265      7  346.3         346.3
  215.0  11990  -48.9                         295      5  347.9         347.9
  200.0  12470  -53.1                         190      3  348.5         348.5
  196.0  12596  -54.1                         165      5  348.9         348.9
  187.0  12888  -56.6                         140      7  349.6         349.6
  178.0  13195  -59.2                         135      8  350.4         350.4
  162.0  13781  -64.1                         105     17  351.7         351.7
  150.0  14260  -68.1                         110     24  352.6         352.6
  146.0  14417  -69.4                         115     25  353.1         353.1
  126.0  15270  -76.2                          80     39  355.9         355.9
  115.0  15800  -80.5                          75     38  357.4         357.4
  113.0  15899  -79.9                          65     34  360.3         360.3
  108.0  16154  -78.3                          41     27  368.0         368.0
  102.0  16478  -79.2                          10     18  372.4         372.4
  100.0  16590  -79.5                         355     15  373.9         373.9
   97.0  16764  -79.2                         320      9  377.7         377.7
   92.3  17048  -78.7                         329      6  384.1         384.1
   92.0  17067  -78.4                         330      6  385.0         385.0
   88.9  17264  -75.7                         298      8  394.2         394.2
   83.0  17660  -77.8                         235     13  397.8         397.8
   78.0  18017  -79.7                         211     10  401.0         401.0
   74.8  18256  -79.7                         194      8  405.8         405.8
   74.0  18317  -79.0                         190      8  408.6         408.6
   72.6  18427  -77.7                         195      9  413.5         413.5
   71.5  18515  -73.7                         199     10  423.8         423.8
   70.0  18640  -73.5                         205     12  426.8         426.8
   67.0  18894  -74.0                         190     14  431.2         431.2
   64.0  19159  -74.4                         225      5  435.8         435.8
   60.0  19532  -75.1                         295     12  442.4         442.4
   57.9  19739  -75.5                         292     13  446.1         446.1
   57.0  19829  -74.7                         290     13  450.0         450.0
   55.2  20015  -72.9                         241     11  458.2         458.2
   52.0  20362  -74.5                         150      8  462.4         462.4
   51.9  20374  -74.5                         151      8  462.6         462.6
   50.0  20590  -73.7                         180      4  469.4         469.4
   49.0  20708  -74.1                         170      2  471.2         471.2
   48.4  20780  -74.3                         145      5  472.4         472.4
   47.0  20953  -73.1                          85     12  479.3         479.3
   44.6  21262  -70.9                          83     17  491.8         491.8
   41.2  21742  -63.1                          81     25  522.5         522.5
   40.0  21927  -61.3                          80     28  531.4         531.4
   38.0  22248  -58.2                          40     17  547.1         547.1
   37.8  22280  -57.9                          30     17  548.8         548.8
   37.0  22415  -58.2                         350     17  551.2         551.2
   35.0  22764  -59.2                          20      9  557.6         557.6
   32.0  23327  -60.6                         205     10  568.2         568.2
   31.5  23425  -60.9                         200     12  570.0         570.0
   30.0  23730  -60.5                         185     19  579.1         579.1
   26.4  24527  -58.9                         122     23  605.2         605.2
   26.0  24623  -57.4                         115     24  612.1         612.1
   25.6  24721  -55.9                         108     25  619.1         619.1
   24.0  25131  -55.7                          80     29  631.1         631.1
   23.0  25402  -55.6                          55     24  639.1         639.1
   21.0  25980  -55.4                          85     29  656.6         656.6
   20.0  26290  -55.3                          85     34  666.2         666.2
   19.0  26616  -55.1                          83     43  676.6         676.6
   17.0  27337  -52.3                          80     64  707.4         707.4
   13.9  28640  -47.3                          86     67  766.3         766.3
   12.0  29613  -46.4                          90     69  802.3         802.3
   10.0  30820  -45.3                          80     80  849.3         849.3
    9.4  31233  -45.3                          75     81  864.5         864.5
    9.2  31376  -45.3                          75     81  869.8         869.8
    9.0                                        75     81                     
