-----------------------------------------------------------------------------
   PRES   HGHT   TEMP   DWPT   RELH   MIXR   DRCT   SKNT   THTA   THTE   THTV
    hPa     m      C      C      %    g/kg    deg   knot     K      K      K 
-----------------------------------------------------------------------------
 1012.0     14   26.2   24.3     89  19.33      0      0  298.3  354.8  301.8
 1011.0     22   26.6   23.1     81  17.96      9      0  298.8  351.4  302.0
 1000.0    112   27.0   23.1     79  18.17    110      4  300.1  353.6  303.4
  998.0    130   27.0   23.1     79  18.20     94      4  300.3  353.9  303.6
  979.0    300   25.8   22.4     82  17.82    305      3  300.8  353.3  303.9
  925.0    803   22.2   20.5     90  16.71    315     11  302.0  351.5  305.0
  915.0    897   21.6   19.9     90  16.24    315     11  302.3  350.5  305.2
  878.0   1256   19.2   17.5     90  14.55    295     11  303.4  346.8  306.1
  850.0   1535   18.0   15.0     83  12.77    280     11  305.0  343.4  307.3
  824.0   1800   16.9   13.3     80  11.81    270     14  306.5  342.3  308.7
  760.0   2489   14.0    9.0     72   9.57    265     16  310.6  340.2  312.4
  700.0   3180   10.0    5.6     74   8.21    260     18  313.5  339.4  315.1
  643.0   3884    6.8    0.8     66   6.35    255     16  317.6  338.1  318.8
  563.0   4965    0.0   -2.7     82   5.60    246     12  321.9  340.4  323.0
  553.0   5108   -0.8   -3.1     84   5.53    245     12  322.6  340.9  323.7
  513.0   5707   -4.0   -4.8     94   5.23    245      4  325.7  343.2  326.7
  512.0   5723   -4.1   -4.9     94   5.22    242      4  325.8  343.3  326.8
  500.0   5910   -4.5   -7.1     82   4.52    210      3  327.5  342.9  328.4
  494.0   6005   -4.9   -8.1     78   4.22    185      4  328.1  342.6  329.0
  485.0   6149   -5.5   -9.7     72   3.80    222      4  329.1  342.2  329.9
  476.0   6294   -6.2  -11.0     69   3.48    260      4  330.0  342.1  330.7
  457.0   6610   -7.9  -13.9     62   2.87    310      5  331.8  342.0  332.4
  443.0   6851   -9.1  -16.1     57   2.47    296      5  333.2  342.1  333.7
  423.0   7205  -11.6  -15.6     72   2.69    275      5  334.5  344.1  335.0
  414.0   7369  -12.7  -15.4     80   2.80    290      6  335.1  345.1  335.6
  400.0   7630  -14.3  -17.2     79   2.50    315      7  336.3  345.4  336.8
  391.0   7802  -15.1  -18.6     74   2.27    325      7  337.5  345.8  338.0
  379.0   8037  -16.1  -20.5     69   1.99    305      5  339.2  346.5  339.6
  376.0   8095  -16.5  -20.9     69   1.93    300      4  339.4  346.6  339.8
  361.0   8395  -18.6  -23.1     67   1.65    210      6  340.6  346.8  340.9
  347.0   8687  -20.6  -25.3     66   1.42    195      6  341.7  347.1  342.0
  333.0   8991  -22.8  -27.5     65   1.21    150      3  342.8  347.5  343.1
  317.0   9354  -25.3  -30.2     64   0.99    145      6  344.1  348.0  344.4
  300.0   9750  -28.5  -32.8     66   0.81    140     10  345.1  348.3  345.3
  294.0   9892  -29.7  -33.8     67   0.75    135     10  345.4  348.4  345.6
  282.0  10184  -32.2  -35.9     69   0.64    110      8  346.0  348.6  346.1
  270.0  10490  -34.7  -38.1     72   0.53    145     10  346.6  348.8  346.7
  250.0  11030  -39.3  -41.9     76   0.39    125     12  347.5  349.1  347.6
  247.0  11112  -40.1  -42.6     77   0.36    125     12  347.5  349.0  347.6
  237.0  11386  -42.4                         125     11  348.2         348.2
  200.0  12510  -51.7                         150     21  350.7         350.7
  197.0  12606  -52.5                         150     20  351.0         351.0
  163.0  13808  -62.6                          95     36  353.5         353.5
  161.0  13886  -63.3                          94     37  353.6         353.6
  150.0  14320  -65.9                          85     44  356.4         356.4
  141.0  14682  -68.3                          75     40  358.4         358.4
  127.0  15293  -72.5                          55      5  361.9         361.9
  121.0  15576  -74.4                         250      8  363.4         363.4
  109.0  16186  -78.5                         235     24  366.7         366.7
  100.0  16690  -81.9                         255     22  369.2         369.2
   98.0  16803  -82.6                         250     22  370.1         370.1
   95.3  16959  -83.5                         235     18  371.2         371.2
   88.0  17402  -83.2                         175     18  380.3         380.3
   84.1  17654  -83.1                         171     15  385.5         385.5
   83.0  17728  -82.1                         170     14  389.0         389.0
   79.5  17970  -78.9                         222      9  400.4         400.4
   79.0  18006  -79.0                         230      8  400.9         400.9
   75.0  18300  -80.0                         250     22  404.9         404.9
   70.6  18642  -81.1                         237     24  409.6         409.6
   70.0  18690  -81.1                         235     24  410.6         410.6
   68.0  18855  -80.1                         215     23  416.1         416.1
   64.0  19199  -78.0                         225     10  428.0         428.0
   62.3  19352  -77.1                         289      9  433.3         433.3
   61.4  19436  -74.5                         324      9  440.9         440.9
   61.0  19474  -74.6                         340      9  441.5         441.5
   58.4  19727  -75.3                         327      9  445.4         445.4
   58.0  19767  -74.4                         325      9  448.4         448.4
   57.2  19848  -72.5                         298      8  454.4         454.4
   55.0  20077  -73.0                         220      5  458.4         458.4
   53.1  20283  -73.5                         176     10  461.9         461.9
   50.6  20569  -68.7                         115     16  479.6         479.6
   50.0  20640  -68.3                         100     18  482.1         482.1
   46.8  21040  -64.9                          88     20  499.5         499.5
   39.0  22146  -66.6                          55     27  521.8         521.8
   37.9  22319  -66.9                          52     28  525.4         525.4
   37.0  22464  -67.0                          50     29  528.7         528.7
   36.3  22579  -67.1                          42     27  531.4         531.4
   35.0  22802  -61.9                          28     24  550.5         550.5
   33.0  23164  -62.9                           5     18  557.1         557.1
   32.0  23353  -63.5                         345     19  560.6         560.6
   31.2  23509  -63.9                         341     14  563.5         563.5
   30.0  23750  -62.9                         335      5  572.6         572.6
   29.0  23960  -61.5                         105      2  582.0         582.0
   28.3  24111  -60.5                                     588.9         588.9
