-----------------------------------------------------------------------------
   PRES   HGHT   TEMP   DWPT   RELH   MIXR   DRCT   SKNT   THTA   THTE   THTV
    hPa     m      C      C      %    g/kg    deg   knot     K      K      K 
-----------------------------------------------------------------------------
 1011.0     14   24.6   23.5     94  18.42      0      0  296.8  350.2  300.1
 1000.0    113   23.4   22.1     92  17.07    100      4  296.6  346.0  299.6
  979.0    298   22.5   21.3     93  16.60    275      4  297.5  345.7  300.4
  925.0    793   20.2   19.2     94  15.38    280     12  300.0  345.2  302.7
  882.0   1201   18.5   17.7     95  14.65    280     13  302.3  345.8  305.0
  850.0   1518   17.2   16.5     96  14.09    260     15  304.1  346.3  306.7
  822.0   1805   16.2   15.6     96  13.75    250     17  306.0  347.5  308.5
  794.0   2097   14.3   13.3     93  12.21    240     20  307.1  344.1  309.3
  732.0   2784   10.0    7.8     86   9.15    263     15  309.6  337.8  311.2
  700.0   3156    8.6    7.6     93   9.44    275     12  312.0  341.4  313.8
  663.0   3599    6.5    5.7     94   8.71    280     11  314.5  342.0  316.1
  639.0   3900    5.1    4.3     95   8.24    275     13  316.2  342.4  317.8
  594.0   4496    2.2    1.7     97   7.36    305      7  319.6  343.4  321.0
  572.0   4804    0.8    0.4     97   6.93      0      8  321.3  343.9  322.6
  561.0   4962    0.0   -0.3     98   6.72     12      7  322.2  344.2  323.5
  546.0   5180   -0.3   -0.8     96   6.66     28      5  324.4  346.4  325.6
  531.0   5401   -1.6   -2.2     96   6.19     45      3  325.4  346.0  326.6
  500.0   5880   -4.3   -5.1     94   5.27     60      4  327.7  345.6  328.8
  474.0   6293   -6.6   -7.7     92   4.54     70      5  329.9  345.5  330.8
  456.0   6593   -8.3   -9.6     90   4.07    110      7  331.5  345.6  332.3
  421.0   7211  -11.7  -13.5     86   3.22    125      8  334.8  346.2  335.4
  400.0   7600  -13.9  -16.0     84   2.76    135      9  336.8  346.8  337.4
  375.0   8082  -17.1  -19.3     83   2.23    150      5  338.9  347.1  339.4
  346.0   8682  -21.1  -23.4     82   1.69    205      6  341.4  347.8  341.7
  332.0   8990  -23.1  -25.5     81   1.46    195      7  342.6  348.2  342.9
  324.0   9173  -24.3  -26.7     80   1.34    171      8  343.4  348.5  343.7
  319.0   9285  -25.1  -27.6     80   1.24    155      9  343.7  348.5  344.0
  300.0   9730  -28.5  -31.4     76   0.93    155     12  345.1  348.8  345.3
  250.0  11010  -39.1  -42.9     67   0.35    160     10  347.8  349.3  347.9
  247.0  11093  -39.9  -43.9     65   0.32    160      9  347.9  349.2  347.9
  246.0  11121  -40.1  -44.2     65   0.31    160      9  347.9  349.2  348.0
  206.0  12303  -50.6                         150     11  349.6         349.6
  200.0  12500  -52.3                         135     10  349.8         349.8
  188.0  12887  -55.7                          90     13  350.6         350.6
  150.0  14300  -67.9                         100     35  352.9         352.9
  147.0  14420  -69.3                          99     36  352.6         352.6
  126.0  15300  -75.4                          95     46  357.4         357.4
  102.0  16507  -83.7                          80     62  363.7         363.7
  100.0  16620  -84.5                          85     63  364.2         364.2
   92.0  17083  -82.7                          90     50  376.5         376.5
   90.1  17199  -82.3                                     379.6         379.6
