-----------------------------------------------------------------------------
   PRES   HGHT   TEMP   DWPT   RELH   MIXR   DRCT   SKNT   THTA   THTE   THTV
    hPa     m      C      C      %    g/kg    deg   knot     K      K      K 
-----------------------------------------------------------------------------
 1009.0     14   26.8   22.6     78  17.45      0      0  299.2  350.3  302.3
 1008.0     22   27.8   22.8     74  17.69    343      1  300.3  352.3  303.4
 1007.0     31   28.8   23.8     74  18.84    326      2  301.4  357.1  304.7
 1000.0     91   28.8   22.8     70  17.83    205      8  301.9  354.8  305.2
  977.0    298   27.2   21.6     72  16.98    210      8  302.3  352.8  305.4
  925.0    785   23.4   18.9     76  15.09    215      7  303.2  348.2  306.0
  864.0   1376   19.6   13.6     68  11.45    215      5  305.2  339.8  307.3
  852.0   1496   19.1   13.1     68  11.23    215      4  305.9  339.9  308.0
  850.0   1516   19.0   13.0     68  11.19    215      4  306.0  339.9  308.1
  822.0   1804   17.5   13.3     76  11.80    225      2  307.4  343.3  309.6
  820.0   1825   17.4   13.3     77  11.84    229      2  307.5  343.5  309.7
  814.0   1888   17.6   11.6     68  10.65    239      2  308.4  340.9  310.3
  794.0   2099   16.5   10.5     68  10.15    275      3  309.4  340.6  311.3
  714.0   2999   11.9    5.9     67   8.20    250      4  313.8  339.7  315.4
  700.0   3167   11.0    5.0     66   7.87    280      4  314.6  339.6  316.1
  689.0   3299   10.2    5.0     70   8.02    300      4  315.2  340.6  316.7
  673.0   3495    9.0    5.1     77   8.25    303      3  315.9  342.2  317.5
  665.0   3594    8.9    3.1     67   7.23    305      3  316.9  340.1  318.3
  660.0   3657    8.8    1.8     61   6.65    304      3  317.5  338.9  318.8
  653.0   3745    8.4    0.4     57   6.07    302      3  318.0  337.7  319.2
  642.0   3885    7.2    3.2     76   7.56    299      4  318.2  342.5  319.6
  595.0   4507    2.9   -0.2     80   6.37    285      6  320.2  340.9  321.4
  586.0   4631    2.0   -0.9     81   6.15    295      7  320.5  340.7  321.7
  555.0   5069    0.0   -6.0     64   4.43    333     10  323.2  338.0  324.1
  553.0   5098   -0.1   -6.1     64   4.40    335     10  323.4  338.1  324.2
  532.0   5406   -1.6   -7.6     64   4.09    320     10  325.2  339.1  326.0
  500.0   5900   -3.9   -9.9     63   3.63    355     13  328.2  340.7  328.9
  494.0   5995   -4.6  -10.6     63   3.48    350     12  328.5  340.6  329.2
  491.0   6043   -4.9  -10.9     63   3.41    352     11  328.7  340.5  329.4
  475.0   6302   -6.3  -13.3     57   2.90      5      8  330.1  340.3  330.7
  446.0   6794   -8.9  -17.9     48   2.11     21      9  332.8  340.4  333.2
  445.0   6811   -9.1  -16.1     57   2.46     22      9  332.8  341.6  333.3
  441.0   6881   -9.5  -18.5     48   2.03     24      9  333.1  340.5  333.5
  440.0   6899   -9.5  -22.5     34   1.44     25      9  333.4  338.7  333.6
  407.0   7497  -12.3  -27.7     26   0.97     10      6  337.3  341.0  337.5
  400.0   7630  -12.9  -28.9     25   0.88      5      5  338.1  341.6  338.3
  391.0   7803  -14.1  -29.8     25   0.83    355      5  338.8  342.0  338.9
  376.0   8099  -16.2  -31.2     26   0.76    345      6  339.9  342.8  340.0
  375.0   8119  -16.3  -31.3     26   0.75    347      6  339.9  342.9  340.1
  361.0   8403  -18.4  -33.4     26   0.64     15      3  340.9  343.4  341.0
  347.0   8698  -20.5  -35.5     25   0.54    145      3  341.9  344.0  342.0
  342.0   8807  -21.3  -36.3     25   0.50    151      4  342.2  344.2  342.3
  320.0   9290  -25.2  -35.1     39   0.61    180      9  343.4  345.9  343.6
  307.0   9592  -27.6  -34.3     53   0.68    190      9  344.1  346.9  344.3
  300.0   9760  -28.9  -33.9     62   0.73    200      7  344.5  347.4  344.7
  298.0   9808  -29.3  -34.1     63   0.72    210      6  344.6  347.5  344.8
  294.0   9903  -30.1  -35.0     62   0.67    230      5  344.9  347.6  345.0
  282.0  10195  -32.4  -37.6     60   0.54    325      3  345.6  347.8  345.7
  270.0  10500  -34.9  -40.4     57   0.42     40      7  346.3  348.1  346.4
  250.0  11040  -39.3  -45.3     53   0.27     25      7  347.5  348.6  347.6
  248.0  11095  -39.9  -45.9     53   0.25     23      7  347.4  348.5  347.5
  237.0  11395  -42.6                          10      6  347.9         347.9
  227.0  11681  -45.2                         350      5  348.3         348.3
  217.0  11980  -47.9                         320      4  348.6         348.6
  207.0  12292  -50.6                           0      0  348.9         348.9
  200.0  12520  -52.7                         175      3  349.1         349.1
  198.0  12583  -53.2                         165      3  349.4         349.4
  171.0  13509  -60.6                          85     22  352.1         352.1
  162.0  13851  -63.3                          91     27  353.0         353.0
  150.0  14320  -67.3                         100     34  354.0         354.0
  135.0  14947  -72.7                         100     42  355.2         355.2
  127.0  15302  -75.7                         100     47  356.0         356.0
  126.0  15348  -76.1                          97     46  356.1         356.1
  114.0  15924  -76.6                          60     30  365.6         365.6
  111.0  16078  -76.7                                     368.1         368.1
