-----------------------------------------------------------------------------
   PRES   HGHT   TEMP   DWPT   RELH   MIXR   DRCT   SKNT   THTA   THTE   THTV
    hPa     m      C      C      %    g/kg    deg   knot     K      K      K 
-----------------------------------------------------------------------------
 1010.0     14   26.6   24.3     87  19.37      0      0  298.9  355.6  302.4
 1000.0    102   27.6   21.6     70  16.54    140      5  300.8  349.5  303.7
  997.0    129   27.8   20.8     66  15.77    122      4  301.2  347.8  304.1
  977.0    306   26.9   18.7     61  14.07      0      1  302.0  343.8  304.6
  947.0    580   25.4   15.4     54  11.75    299      6  303.2  338.4  305.4
  945.0    599   25.3   15.4     54  11.80    295      6  303.3  338.6  305.4
  925.0    785   23.8   15.8     61  12.35    300      6  303.6  340.6  305.9
  882.0   1199   20.6   14.3     67  11.78    320      9  304.5  339.9  306.7
  852.0   1501   18.4   13.3     72  11.37    305      7  305.2  339.4  307.2
  850.0   1521   18.2   13.2     73  11.34    305      6  305.2  339.4  307.3
  822.0   1806   16.2   12.3     78  11.08    250      4  306.0  339.6  308.1
  794.0   2100   14.2   11.5     84  10.82    165      2  306.9  339.8  308.9
  789.0   2154   13.8   11.3     85  10.77    156      3  307.1  339.8  309.0
  781.0   2240   14.8    9.8     72   9.83    142      3  309.0  339.2  310.9
  766.0   2403   14.5    8.7     68   9.27    115      5  310.4  339.1  312.1
  745.0   2638   14.0    7.0     63   8.50    107      3  312.4  339.0  313.9
  740.0   2695   13.7    6.8     63   8.42    105      3  312.6  339.0  314.2
  714.0   2994   11.8    5.5     65   7.99    175      3  313.8  339.0  315.3
  700.0   3160   10.8    4.8     66   7.76    185      5  314.4  339.0  315.9
  664.0   3594    8.3    3.1     70   7.26    250      9  316.4  339.7  317.8
  555.0   5067    0.0   -2.6     83   5.73    285     13  323.2  342.2  324.3
  500.0   5900   -4.7   -6.5     87   4.73    305     16  327.2  343.3  328.2
  475.0   6298   -6.7   -9.1     83   4.08    315     19  329.6  343.7  330.4
  440.0   6893   -9.6  -12.9     77   3.25    300     14  333.2  344.7  333.8
  437.0   6946   -9.9  -13.2     77   3.18    302     14  333.5  344.8  334.1
  407.0   7488  -13.3  -16.2     79   2.67    320     14  336.0  345.6  336.5
  400.0   7620  -14.1  -16.9     79   2.56    325     13  336.6  345.8  337.1
  361.0   8386  -19.4  -22.4     77   1.77    305     14  339.6  346.2  339.9
  333.0   8988  -23.5  -26.6     75   1.31    325     11  341.8  346.8  342.1
  324.0   9193  -24.9  -28.1     75   1.17    318      9  342.6  347.1  342.8
  300.0   9750  -29.1  -32.3     74   0.85    300      4  344.2  347.6  344.4
  293.0   9914  -30.4  -33.7     73   0.76    290      1  344.7  347.7  344.9
  281.0  10206  -32.8  -36.1     72   0.63    155      4  345.5  348.0  345.6
  258.0  10801  -37.5  -41.1     69   0.41    140     11  347.0  348.7  347.1
  250.0  11020  -39.3  -42.9     69   0.35    115     14  347.5  349.0  347.6
  247.0  11102  -39.9  -43.4     69   0.33    110     16  347.8  349.2  347.9
  206.0  12304  -50.7                          85     23  349.3         349.3
  200.0  12500  -52.5                          90     24  349.5         349.5
  163.0  13780  -63.7                          90     39  351.6         351.6
  150.0  14300  -68.3                          85     39  352.2         352.2
  133.0  15010  -73.8                          80     42  354.8         354.8
  131.0  15100  -74.5                                     355.1         355.1
