-----------------------------------------------------------------------------
   PRES   HGHT   TEMP   DWPT   RELH   MIXR   DRCT   SKNT   THTA   THTE   THTV
    hPa     m      C      C      %    g/kg    deg   knot     K      K      K 
-----------------------------------------------------------------------------
 1011.0     14   24.8   23.3     91  18.19      0      0  297.0  349.8  300.2
 1010.0     22   25.8   21.3     76  16.07     10      0  298.1  344.9  301.0
 1000.0    107   26.8   20.8     70  15.73    115      4  299.9  346.2  302.8
  996.0    143   27.4   20.4     66  15.40    105      4  300.9  346.4  303.7
  978.0    303   26.0   20.4     71  15.69     60      3  301.1  347.4  303.9
  950.0    560   23.8   20.4     81  16.16    337      6  301.3  349.1  304.2
  946.0    597   23.6   20.2     81  16.00    325      7  301.5  348.8  304.4
  925.0    793   22.4   19.0     81  15.19    320     11  302.2  347.3  305.0
  850.0   1526   18.4   14.3     77  12.20    315     15  305.4  342.2  307.6
  700.0   3167    9.8    5.1     73   7.93    290     17  313.3  338.3  314.8
  681.0   3396    9.2    5.0     75   8.09    287     17  315.1  340.8  316.6
  618.0   4189    4.4    1.1     79   6.76    275     15  318.4  340.3  319.7
  566.0   4906    0.0   -2.4     84   5.70    283     13  321.4  340.1  322.5
  553.0   5091   -1.1   -3.2     86   5.48    285     12  322.2  340.3  323.2
  532.0   5398   -3.0   -4.7     89   5.12    270      9  323.5  340.5  324.5
  500.0   5890   -6.1   -6.9     94   4.59    205      3  325.5  341.0  326.4
  493.0   5999   -6.7   -7.5     94   4.45    185      3  326.1  341.2  327.0
  457.0   6587   -9.8  -10.6     94   3.76    190      9  329.3  342.3  330.1
  439.0   6899  -11.5  -12.2     95   3.43    220     12  331.0  343.0  331.7
  437.0   6934  -11.7  -12.4     95   3.40    220     12  331.2  343.1  331.9
  417.0   7293  -12.5  -14.8     83   2.93    220     10  334.6  345.1  335.2
  406.0   7497  -13.9  -16.2     83   2.67    220      9  335.4  345.0  335.9
  400.0   7610  -14.7  -17.0     83   2.54    210      8  335.8  345.0  336.3
  390.0   7800  -15.7  -18.9     76   2.21    200      9  336.9  345.0  337.4
  362.0   8360  -18.7  -24.7     59   1.43    200     11  340.2  345.6  340.5
  346.0   8689  -21.2  -27.9     55   1.12    200     13  341.2  345.5  341.4
  319.0   9282  -25.7  -33.7     47   0.70    185     10  343.0  345.8  343.1
  300.0   9730  -29.1  -38.1     42   0.48    200      9  344.2  346.2  344.4
  293.0   9899  -30.2  -40.5     36   0.38    200      9  345.0  346.6  345.0
  289.0   9997  -30.9  -41.9     33   0.34    195     10  345.4  346.8  345.4
  258.0  10790  -37.8  -44.9     47   0.27    150     19  346.6  347.8  346.7
  250.0  11010  -39.7  -45.7     53   0.26    150     20  346.9  348.0  347.0
  249.0  11037  -39.9  -45.9     53   0.25    149     20  347.0  348.1  347.1
  200.0  12490  -52.7                         115     20  349.1         349.1
  179.0  13196  -59.1                         105     24  349.9         349.9
  170.0  13512  -61.7                         100     26  350.8         350.8
  151.0  14240  -67.7                         105     41  352.6         352.6
  150.0  14280  -68.3                         105     42  352.2         352.2
  147.0  14400  -68.5                         100     42  354.0         354.0
  134.0  14952  -69.3                          56     21  362.0         362.0
  127.0  15263  -71.1                          30      9  364.4         364.4
  120.0  15592  -72.9                         295      5  367.0         367.0
  114.0  15890  -74.6                         280      7  369.2         369.2
  103.0  16478  -77.9                         335     13  373.7         373.7
  100.0  16650  -78.9                         345     14  375.0         375.0
   98.0  16764  -79.5                           5     13  376.0         376.0
   89.3  17290  -82.3                         355      5  380.6         380.6
   88.0  17373  -82.1                          10      3  382.7         382.7
   83.0  17704  -81.1                         330      5  391.1         391.1
   79.0  17984  -80.3                         295     11  398.4         398.4
   75.0  18278  -79.4                         295     17  406.1         406.1
   71.9  18516  -78.7                         260     18  412.5         412.5
   71.0  18589  -78.0                         250     18  415.4         415.4
   70.0  18670  -77.3                         240     21  418.7         418.7
   68.8  18770  -75.7                         236     24  424.2         424.2
   67.0  18923  -76.1                         230     28  426.5         426.5
   65.4  19063  -76.5                         238     22  428.6         428.6
   64.0  19189  -74.4                         245     17  435.9         435.9
   63.8  19207  -74.1                         249     17  437.0         437.0
   61.0  19470  -73.8                         300     12  443.3         443.3
   58.0  19766  -73.4                         315     15  450.6         450.6
   55.0  20078  -73.0                         270     14  458.3         458.3
   52.5  20351  -72.7                         214     15  465.2         465.2
   50.0  20640  -70.1                         155     17  477.9         477.9
   48.1  20871  -67.7                         145     20  488.9         488.9
   41.0  21827  -67.5                         105     30  512.2         512.2
   40.1  21960  -67.5                         102     29  515.5         515.5
   37.0  22445  -64.8                          90     27  534.4         534.4
   36.9  22461  -64.7                          88     27  535.1         535.1
   35.7  22663  -62.7                          68     25  545.4         545.4
   35.1  22768  -58.7                          58     25  558.4         558.4
   33.0  23150  -60.2                          20     22  564.4         564.4
   32.0  23340  -60.9                           5     18  567.4         567.4
   30.0  23740  -62.5                          20     11  573.7         573.7
   29.0  23949  -62.9                           5      8  578.3         578.3
   27.8  24208  -63.3                          35      6  584.1         584.1
   27.1  24365  -63.7                          52      5  587.2         587.2
   27.0  24388  -63.1                          55      5  589.4         589.4
   26.5  24503  -60.3                          97      9  600.6         600.6
   26.0  24623  -59.4                         140     13  606.5         606.5
   24.3  25048  -56.1                         115     38  627.8         627.8
   24.0  25127  -56.2                         110     43  629.8         629.8
   22.2  25621  -56.7                          99     46  642.4         642.4
   20.2  26226  -52.1                          86     51  674.0         674.0
   20.0  26290  -51.9                          85     51  676.6         676.6
   14.0  28650  -44.5                          85     72  774.4         774.4
   11.7  29837  -40.7                          85     72  828.5         828.5
   10.0  30900  -41.5                          85     72  863.5         863.5
    9.6  31178  -40.8                          80     73  876.2         876.2
    9.1  31542  -39.9                          80     65  893.2         893.2
    9.0                                        80     63                     
