-----------------------------------------------------------------------------
   PRES   HGHT   TEMP   DWPT   RELH   MIXR   DRCT   SKNT   THTA   THTE   THTV
    hPa     m      C      C      %    g/kg    deg   knot     K      K      K 
-----------------------------------------------------------------------------
 1007.0     14   27.6   25.7     89  21.18      0      0  300.1  362.6  303.9
 1006.0     23   25.8   24.0     90  19.09    358      1  298.4  354.2  301.8
 1000.0     77   25.0   23.2     90  18.28    345      9  298.1  351.5  301.4
  987.0    192   26.4   23.8     86  19.23    327     13  300.7  357.4  304.1
  975.0    300   26.1   23.9     88  19.61    310     17  301.4  359.4  304.9
  965.0    391   25.8   24.0     90  19.93    309     17  302.0  361.2  305.6
  925.0    763   23.2   21.3     89  17.58    305     19  303.0  355.4  306.2
  913.0    877   21.8   19.8     88  16.20    303     19  302.7  350.9  305.6
  850.0   1497   18.4   17.5     94  15.04    290     21  305.4  350.6  308.2
  819.0   1816   16.4   15.4     94  13.62    288     21  306.6  347.7  309.1
  764.0   2406   14.2   13.5     95  12.86    285     21  310.3  349.8  312.7
  741.0   2666   13.2   12.6     96  12.53    279     20  312.0  350.7  314.3
  712.0   3001   11.0   10.5     97  11.32    270     19  313.1  348.3  315.2
  700.0   3144   10.0    9.6     97  10.84    270     20  313.5  347.4  315.6
  682.0   3361    8.4    7.7     95   9.76    267     18  314.1  344.7  315.9
  625.0   4081    5.6    5.0     96   8.83    257     12  318.8  347.1  320.5
  616.0   4199    4.9    4.4     96   8.58    255     11  319.3  346.9  321.0
  593.0   4509    3.1    2.8     98   7.96    310      6  320.7  346.5  322.2
  575.0   4760    1.6    1.5     99   7.48    156      9  321.8  346.2  323.3
  572.0   4802    1.4    1.4     99   7.44    130     10  322.1  346.4  323.6
  551.0   5104    0.4    0.4    100   7.19    175     14  324.3  348.1  325.8
  543.0   5221    0.0    0.0    100   7.10    175     14  325.2  348.7  326.6
  519.0   5583   -2.1   -2.1    100   6.36    175     13  326.9  348.2  328.2
  500.0   5880   -2.7   -3.0     98   6.18    175     13  329.7  350.6  330.9
  498.0   5912   -2.1   -2.9     94   6.25    176     13  330.8  352.0  332.0
  493.0   5991   -2.7   -3.4     95   6.08    179     13  331.0  351.7  332.2
  492.0   6007   -2.9   -3.9     93   5.86    180     13  331.0  350.9  332.1
  491.0   6024   -3.1   -4.4     91   5.66    182     13  330.9  350.2  332.0
  490.0   6040   -2.5   -4.0     89   5.84    184     13  331.8  351.8  333.0
  488.0   6072   -3.7   -6.0     84   5.04    188     12  330.8  348.0  331.8
  476.0   6267   -4.1   -5.7     89   5.29    211     10  332.6  350.8  333.7
  474.0   6300   -4.6   -7.3     82   4.69    215     10  332.4  348.6  333.3
  473.0   6317   -4.9   -8.1     78   4.42    216     10  332.2  347.6  333.1
  439.0   6892   -8.2  -10.6     83   3.91    235     12  335.2  349.0  336.0
  406.0   7495  -11.6  -13.2     88   3.43    145      4  338.3  350.6  339.0
  400.0   7610  -12.3  -13.7     89   3.34    125      5  338.9  350.9  339.6
  390.0   7802  -13.4  -14.9     88   3.09    170      3  339.9  351.1  340.5
  375.0   8098  -15.2  -16.9     87   2.74    265     10  341.4  351.4  342.0
  361.0   8386  -16.9  -18.7     85   2.43    225      6  342.9  351.9  343.4
  346.0   8707  -18.8  -20.8     84   2.12    150      4  344.5  352.4  344.9
  342.0   8795  -19.3  -21.4     83   2.04    121      4  344.9  352.6  345.3
  333.0   8992  -20.6  -22.8     83   1.84     55      4  345.7  352.7  346.1
  300.0   9760  -25.9  -28.4     79   1.23     60     11  348.8  353.6  349.0
  283.0  10179  -29.1  -31.8     77   0.95     60     15  350.0  353.8  350.2
  282.0  10204  -29.3  -32.0     77   0.93     60     15  350.1  353.8  350.3
  250.0  11050  -36.9  -40.1     72   0.47     60     14  351.1  353.0  351.2
  248.0  11105  -37.4  -40.6     72   0.45     65     14  351.2  353.1  351.3
  236.0  11446  -40.1  -43.6     69   0.34     73     13  352.1  353.5  352.1
  227.0  11705  -42.5                          80     12  352.4         352.4
  200.0  12550  -50.1                          85     15  353.3         353.3
  198.0  12613  -50.7                          90     15  353.3         353.3
  172.0  13498  -59.3                         115     24  353.6         353.6
  156.0  14112  -65.3                         115     40  353.4         353.4
  150.0  14350  -65.5                         115     46  357.1         357.1
  149.0  14391  -65.4                         115     47  357.9         357.9
  143.0  14640  -64.9                         110     38  363.0         363.0
  128.0  15285  -70.6                          95     14  364.4         364.4
  116.0  15857  -75.7                          90      7  365.4         365.4
  104.0  16492  -81.3                          70      6  366.3         366.3
  100.0  16720  -83.3                          80      9  366.5         366.5
   94.0  17060  -85.5                         110     16  368.8         368.8
   87.4  17459  -88.1                          97     29  371.3         371.3
   84.7  17629  -88.9                          91     35  373.0         373.0
   84.0  17674  -88.0                          90     36  375.8         375.8
   81.4  17845  -84.5                          98     34  386.3         386.3
   79.0  18011  -83.9                         105     33  390.9         390.9
   75.0  18300  -82.8                          85     27  399.0         399.0
   74.7  18322  -82.7                                     399.7         399.7
