-----------------------------------------------------------------------------
   PRES   HGHT   TEMP   DWPT   RELH   MIXR   DRCT   SKNT   THTA   THTE   THTV
    hPa     m      C      C      %    g/kg    deg   knot     K      K      K 
-----------------------------------------------------------------------------
 1010.0     14   29.8   25.6     78  20.99      0      0  302.1  364.5  305.9
 1000.0     98   28.8   21.8     66  16.75    305      5  301.9  351.6  305.0
  978.0    296   27.1   21.4     71  16.69    315      7  302.1  351.6  305.1
  945.0    601   24.4   20.7     80  16.60    335      7  302.4  351.6  305.4
  943.0    620   24.2   20.7     81  16.59    335      7  302.4  351.6  305.4
  925.0    790   23.6   16.6     65  13.01    330     10  303.4  342.3  305.8
  883.0   1193   21.1   12.8     59  10.65    325     10  304.9  337.1  306.9
  861.0   1412   19.8   10.8     56   9.53    292      8  305.8  334.7  307.5
  853.0   1493   19.1   12.2     65  10.61    280      7  305.8  337.9  307.8
  850.0   1523   18.8   12.8     68  11.04    280      7  305.8  339.2  307.9
  823.0   1800   17.4   12.7     74  11.30    260      7  307.1  341.5  309.2
  813.0   1905   16.8   12.6     76  11.40    264      7  307.6  342.4  309.7
  795.0   2095   15.8   11.5     76  10.86    270      8  308.5  341.8  310.6
  767.0   2398   14.2    9.8     75  10.04    235      9  310.0  341.0  311.9
  741.0   2690   12.7    8.2     74   9.29    225      4  311.4  340.3  313.2
  715.0   2992   11.1    6.5     73   8.57    260      2  312.9  339.7  314.5
  700.0   3171   10.2    5.5     73   8.16      0      1  313.8  339.4  315.3
  690.0   3291    9.7    4.2     69   7.56    205      1  314.4  338.4  315.9
  682.0   3389    9.2    3.2     66   7.11    251      2  315.0  337.6  316.3
  665.0   3597    7.7    2.7     71   7.04    350      4  315.6  338.1  316.9
  641.0   3901    5.5    2.0     78   6.94      5      5  316.5  338.7  317.8
  635.0   3979    5.0    1.8     80   6.91    360      5  316.7  338.9  318.0
  618.0   4200    4.1    0.6     78   6.49    345      4  318.1  339.1  319.4
  596.0   4494    2.9   -1.1     75   5.97    305      5  320.0  339.5  321.2
  547.0   5192    0.0   -5.0     69   4.85    294      8  324.5  340.8  325.5
  513.0   5705   -2.3  -10.7     53   3.33    285     11  327.8  339.3  328.4
  507.0   5799   -2.7  -11.7     50   3.10    292     11  328.4  339.2  329.0
  500.0   5910   -3.3  -13.3     46   2.76    300     12  328.9  338.6  329.5
  478.0   6262   -6.3  -12.3     62   3.13    314      6  329.5  340.4  330.1
  476.0   6295   -6.4  -12.4     62   3.11    315      5  329.7  340.6  330.4
  463.0   6510   -7.3  -13.3     62   2.98     16      5  331.3  341.8  331.9
  457.0   6611   -7.6  -16.6     49   2.30     45      5  332.1  340.4  332.6
  455.0   6645   -7.7  -17.7     45   2.10     46      5  332.4  340.0  332.9
  444.0   6834   -7.9  -21.9     32   1.50     53      6  334.5  340.1  334.8
  440.0   6903   -8.5  -22.0     33   1.50     55      6  334.6  340.2  334.9
  423.0   7204  -11.0  -22.4     38   1.51    215      3  335.2  340.8  335.5
  407.0   7498  -13.4  -22.8     45   1.51    110      1  335.8  341.4  336.1
  404.0   7555  -13.9  -22.9     47   1.51     95      2  335.9  341.5  336.2
  400.0   7630  -14.5  -23.5     46   1.45     75      4  336.1  341.4  336.4
  391.0   7802  -15.8  -24.0     49   1.42     75      9  336.5  341.8  336.8
  389.0   7841  -16.1  -24.1     50   1.41     74      9  336.6  341.9  336.9
  384.0   7938  -16.9  -24.9     50   1.33     73     10  336.8  341.8  337.1
  381.0   7996  -17.5  -25.5     50   1.27     72     10  336.8  341.6  337.1
  379.0   8036  -17.7  -25.7     50   1.25     71     10  337.1  341.8  337.3
  377.0   8075  -18.1  -23.1     65   1.59     70     10  337.0  342.9  337.4
  376.0   8095  -18.3  -20.3     84   2.04     70     10  337.0  344.5  337.4
  362.0   8378  -18.7  -30.7     34   0.82     65     12  340.2  343.4  340.3
  361.0   8399  -18.9  -30.6     35   0.83     65     12  340.2  343.5  340.4
  358.0   8461  -19.3  -30.3     37   0.86     69     11  340.4  343.8  340.6
  357.0   8482  -19.5  -26.5     54   1.24     70     11  340.4  345.2  340.7
  333.0   8993  -23.0  -33.3     39   0.70    100      4  342.4  345.2  342.6
  321.0   9262  -24.9  -36.9     32   0.51    134      4  343.5  345.5  343.6
  319.0   9307  -25.2  -37.4     31   0.49    140      4  343.6  345.6  343.7
  304.0   9655  -27.9  -40.9     28   0.35    167      3  344.6  346.1  344.7
  300.0   9750  -28.5  -40.5     31   0.37    175      3  345.1  346.6  345.2
  294.0   9894  -29.9  -39.7     38   0.41    185      3  345.2  346.9  345.2
  282.0  10191  -32.7  -38.0     59   0.51    170      3  345.3  347.4  345.4
  281.0  10216  -32.9  -37.9     61   0.52    162      3  345.3  347.4  345.4
  270.0  10494  -35.1  -40.0     61   0.44     75      9  346.1  347.9  346.2
  250.0  11030  -39.3  -44.0     61   0.31     75     18  347.5  348.8  347.6
  247.0  11112  -39.9  -44.3     63   0.30     77     18  347.8  349.1  347.9
  237.0  11386  -42.2                          85     19  348.4         348.4
  207.0  12282  -49.9                          95     19  350.1         350.1
  200.0  12510  -51.9                          95     20  350.4         350.4
  150.0  14300  -68.1                          65     32  352.6         352.6
  140.0  14710  -72.0                          70     33  352.7         352.7
  135.0  14926  -74.1                          75     38  352.7         352.7
  114.0  15886  -80.6                         100     59  358.0         358.0
  100.0  16630  -85.7                          90     51  361.9         361.9
   97.6  16763  -86.7                          95     53  362.5         362.5
   92.3  17069  -86.0                          95     53  369.7         369.7
   91.5  17116  -85.9                          97     51  370.8         370.8
   87.0  17396  -80.5                         111     41  387.1         387.1
   82.8  17678  -80.0                         125     31  393.6         393.6
   74.3  18288  -79.0                         125     19  408.0         408.0
   72.1  18461  -78.7                         148     15  412.2         412.2
   70.5  18593  -77.0                         165     12  418.6         418.6
   70.0  18630  -76.5                         120     21  420.4         420.4
   67.3  18857  -75.1                                     428.2         428.2
