-----------------------------------------------------------------------------
   PRES   HGHT   TEMP   DWPT   RELH   MIXR   DRCT   SKNT   THTA   THTE   THTV
    hPa     m      C      C      %    g/kg    deg   knot     K      K      K 
-----------------------------------------------------------------------------
  856.0   1472   20.0   18.5     91  15.92                306.5  354.6  309.4
  800.0   2053   16.0   11.0     72  10.41                308.2  340.0  310.1
  760.0   2488   13.0    9.5     79   9.90                309.5  340.0  311.3
  750.0   2599   13.0    8.0     72   9.05                310.7  338.8  312.4
  730.0   2827   13.0    9.5     79  10.31                313.1  345.3  315.0
  650.0   3794    7.0   -2.0     53   5.11                316.8  333.5  317.8
  640.0   3921    6.0    2.5     78   7.21                317.1  340.2  318.5
  560.0   5001   -1.5   -6.0     71   4.39                320.6  335.2  321.4
  550.0   5145   -2.1  -17.1     31   1.83                321.5  327.9  321.9
  520.0   5588   -4.5  -29.5     12   0.64                323.8  326.2  324.0
  510.0   5741   -3.5  -22.5     21   1.24                326.9  331.4  327.1
  450.0   6719   -9.5  -17.5     52   2.16                331.2  339.0  331.6
  390.0   7811  -15.5  -41.5      9   0.26                337.2  338.2  337.2
  180.0  13145  -59.5                                     348.7         348.7
