-----------------------------------------------------------------------------
   PRES   HGHT   TEMP   DWPT   RELH   MIXR   DRCT   SKNT   THTA   THTE   THTV
    hPa     m      C      C      %    g/kg    deg   knot     K      K      K 
-----------------------------------------------------------------------------
  859.0   1472   21.4   12.4     56  10.64      0      0  307.6  340.1  309.6
  800.0   2085   17.0   10.0     63   9.73                309.2  339.2  311.1
  760.0   2519   13.0    7.0     67   8.33                309.5  335.3  311.1
  750.0   2631   12.4    7.4     72   8.68                310.0  336.9  311.6
  650.0   3815    4.0    1.0     81   6.37                313.4  333.7  314.7
  610.0   4329    1.0   -2.5     77   5.25                315.7  332.7  316.7
  570.0   4873    0.0  -21.0     19   1.26                320.7  325.2  321.0
  550.0   5159    1.4  -34.6      5   0.37                325.7  327.1  325.8
  450.0   6743   -8.5  -41.5      5   0.22                332.5  333.4  332.5
  390.0   7836  -16.1  -47.1      5   0.14                336.4  337.0  336.4
  350.0   8639  -23.1  -34.1     36   0.61                337.5  339.9  337.6
  330.0   9067  -26.5  -32.5     57   0.76                338.6  341.5  338.7
  260.0  10750  -37.5  -55.5     14   0.08                346.3  346.6  346.3
  210.0  12185  -49.5  -57.5     39   0.08                349.3  349.7  349.3
  175.0  13353  -59.1                                     352.2         352.2
  155.0  14104  -64.5                                     355.4         355.4
  125.0  15396  -71.1                                     366.0         366.0
   80.0  17980  -79.5                                     398.5         398.5
   70.0  18740  -78.1                                     417.0         417.0
   60.0  19633  -72.5                                     448.3         448.3
   40.0  22079  -61.5                                     530.9         530.9
