-----------------------------------------------------------------------------
   PRES   HGHT   TEMP   DWPT   RELH   MIXR   DRCT   SKNT   THTA   THTE   THTV
    hPa     m      C      C      %    g/kg    deg   knot     K      K      K 
-----------------------------------------------------------------------------
  860.0   1472   19.0   14.5     75  12.21      0      0  305.0  341.8  307.2
  750.0   2621    9.0    6.5     84   8.16                306.3  331.3  307.8
  740.0   2728   -9.5  -10.0     96   2.43                287.3  294.6  287.8
  680.0   3395    5.0    4.0     93   7.55                310.6  334.1  312.0
  650.0   3764    9.0  -20.0     11   1.21                319.1  323.4  319.3
  560.0   4979    4.4   -0.1     73   6.83                327.6  350.4  328.9
  550.0   5123   -0.5   -7.5     59   3.98                323.4  336.9  324.2
  450.0   6690   -9.5  -14.5     67   2.78                331.2  341.0  331.8
  380.0   7970  -16.5  -29.5     32   0.88                338.4  341.8  338.6
  350.0   8578  -21.1  -35.1     27   0.56                340.2  342.4  340.3
  175.0  13303  -56.1                                     357.1         357.1
  100.0  16626  -81.5                                     370.0         370.0
   95.0  16913  -80.1                                     378.2         378.2
   80.0  17876  -80.5                                     396.4         396.4
   70.0  18630  -77.1                                     419.1         419.1
   60.0  19517  -76.1                                     440.2         440.2
   40.0  21933  -63.1                                     526.9         526.9
