-----------------------------------------------------------------------------
   PRES   HGHT   TEMP   DWPT   RELH   MIXR   DRCT   SKNT   THTA   THTE   THTV
    hPa     m      C      C      %    g/kg    deg   knot     K      K      K 
-----------------------------------------------------------------------------
  854.0   1472   17.0   14.5     85  12.30     90      4  303.5  340.3  305.8
  800.0   2027   14.4    9.4     72   9.34                306.5  334.9  308.2
  771.0   2338   13.4    6.4     63   7.88                308.6  333.0  310.1
  760.0   2459   14.0    4.0     51   6.75                310.6  331.7  311.8
  750.0   2570   13.4    3.4     51   6.56                311.1  331.7  312.3
  650.0   3759    7.4   -4.6     42   4.20                317.3  331.1  318.1
  550.0   5112   -0.5   -9.5     51   3.40                323.4  335.0  324.1
  470.0   6350   -7.5  -10.0     82   3.83                329.6  342.8  330.4
  450.0   6687   -8.5  -16.5     52   2.35                332.5  340.9  332.9
  419.0   7237  -10.5  -43.5      5   0.19                336.8  337.6  336.8
  350.0   8597  -18.5  -49.5      5   0.12                343.7  344.2  343.8
  210.0  12187  -46.5  -53.5     45   0.13                354.0  354.6  354.0
  180.0  13192  -53.5                                     358.5         358.5
  175.0  13372  -55.1                                     358.8         358.8
  125.0  15434  -71.5                                     365.3         365.3
   80.0  18000  -81.1                                     395.2         395.2
   70.0  18760  -75.5                                     422.5         422.5
   60.0  19657  -73.1                                     446.9         446.9
   40.0  22067  -67.1                                     516.9         516.9
