-----------------------------------------------------------------------------
   PRES   HGHT   TEMP   DWPT   RELH   MIXR   DRCT   SKNT   THTA   THTE   THTV
    hPa     m      C      C      %    g/kg    deg   knot     K      K      K 
-----------------------------------------------------------------------------
  855.0   1472   19.4   15.4     78  13.04     40      3  305.9  345.3  308.3
  800.0   2041   16.4   11.4     72  10.69                308.6  341.4  310.6
  750.0   2588   14.0    7.0     63   8.45                311.8  338.1  313.3
  665.0   3587    6.4   -1.6     57   5.14                314.1  330.6  315.1
  650.0   3774    7.4   -0.6     57   5.67                317.3  335.7  318.4
  638.0   3928    8.4  -22.6      9   0.98                320.1  323.7  320.3
  550.0   5137    3.0  -33.0      5   0.43                327.6  329.3  327.7
  450.0   6717  -10.1  -43.1      5   0.19                330.5  331.2  330.5
  350.0   8589  -26.1  -55.1      5   0.06                333.5  333.7  333.5
  340.0   8798  -27.5  -56.5      5   0.05                334.3  334.6  334.3
  290.0   9917  -37.1  -51.1     22   0.12                336.2  336.7  336.2
  242.0  11136  -47.5  -71.5      5   0.01                338.4  338.5  338.4
  175.0  13194  -64.1                                     344.0         344.0
  125.0  15197  -74.5                                     359.8         359.8
   80.0  17776  -76.1                                     405.5         405.5
   70.0  18550  -73.1                                     427.7         427.7
   60.0  19462  -69.1                                     455.9         455.9
   40.0  21919  -63.1                                     526.9         526.9
