-----------------------------------------------------------------------------
   PRES   HGHT   TEMP   DWPT   RELH   MIXR   DRCT   SKNT   THTA   THTE   THTV
    hPa     m      C      C      %    g/kg    deg   knot     K      K      K 
-----------------------------------------------------------------------------
  855.0   1472   17.0   15.0     88  12.70      0      0  303.4  341.4  305.7
  800.0   2036   13.0   10.5     85  10.06                305.0  335.4  306.8
  750.0   2575    9.4    7.4     87   8.68                306.8  333.3  308.4
  720.0   2912    7.0    4.5     84   7.39                307.7  330.5  309.1
  660.0   3628    8.0  -12.0     23   2.32                316.6  324.4  317.0
  650.0   3754    8.0  -13.0     21   2.17                318.0  325.4  318.4
  620.0   4143    8.0  -18.0     14   1.50                322.3  327.6  322.6
  550.0   5115    1.0  -25.0     12   0.92                325.2  328.6  325.4
  512.0   5685   -3.5  -29.5     11   0.65                326.5  328.9  326.6
  480.0   6194   -2.5  -36.5      5   0.35                333.8  335.2  333.9
  450.0   6701   -6.5  -39.5      5   0.28                335.0  336.1  335.0
  350.0   8606  -21.1  -51.1      5   0.10                340.2  340.6  340.2
  125.0  15424  -72.1                                     364.2         364.2
   80.0  17991  -80.5                                     396.4         396.4
   70.0  18730  -87.1                                     397.7         397.7
   60.0  19593  -76.5                                     439.3         439.3
   40.0  22016  -61.5                                     530.9         530.9
