-----------------------------------------------------------------------------
   PRES   HGHT   TEMP   DWPT   RELH   MIXR   DRCT   SKNT   THTA   THTE   THTV
    hPa     m      C      C      %    g/kg    deg   knot     K      K      K 
-----------------------------------------------------------------------------
  854.0   1472   19.0   14.0     73  11.90                305.6  341.6  307.8
  800.0   2029   15.4   10.4     72   9.99                307.6  338.1  309.4
  790.0   2135   15.0   10.0     72   9.85                308.2  338.4  310.1
  750.0   2573   13.4    7.4     67   8.68                311.1  338.1  312.7
  671.0   3498    7.4    2.4     71   6.83                314.4  336.1  315.7
  650.0   3759    7.4   -4.6     42   4.20                317.3  331.1  318.1
  620.0   4147    7.4  -30.6      5   0.49                321.6  323.4  321.7
  550.0   5115    0.4  -26.6     11   0.79                324.5  327.4  324.7
  450.0   6692   -8.1  -37.1      8   0.35                333.0  334.4  333.1
  350.0   8592  -20.1  -34.1     28   0.61                341.6  344.0  341.7
  175.0  13316  -59.1                                     352.2         352.2
   80.0  17941  -82.1                                     393.1         393.1
   70.0  18690  -79.5                                     414.0         414.0
   60.0  19580  -72.5                                     448.3         448.3
   50.0  20665  -67.1                                     484.9         484.9
