-----------------------------------------------------------------------------
   PRES   HGHT   TEMP   DWPT   RELH   MIXR   DRCT   SKNT   THTA   THTE   THTV
    hPa     m      C      C      %    g/kg    deg   knot     K      K      K 
-----------------------------------------------------------------------------
  857.0   1472   19.0   16.0     83  13.53     90      4  305.3  346.0  307.8
  852.0   1518   19.0   16.0     83  13.61                305.8  346.9  308.3
  850.0   1537   18.4   15.4     83  13.11                305.4  344.9  307.8
  800.0   2057   15.0   11.5     80  10.76                307.1  339.9  309.1
  750.0   2603   11.4    7.4     76   8.68                308.9  335.7  310.5
  700.0   3179    8.0    3.5     73   7.08                311.3  333.5  312.6
  650.0   3788    5.0    0.0     70   5.92                314.6  333.5  315.7
  550.0   5135   -2.1   -4.1     86   5.16                321.5  338.6  322.5
  530.0   5429   -2.1  -17.1     31   1.90                325.0  331.7  325.3
  500.0   5890   -4.5  -14.5     46   2.50                327.5  336.3  328.0
  494.0   5985   -5.5  -11.5     63   3.23                327.4  338.6  328.0
  450.0   6714   -8.1  -40.1      6   0.26                333.0  334.0  333.0
  400.0   7620  -14.1  -19.1     66   2.12                336.6  344.3  337.0
  370.0   8207  -16.5  -42.5      9   0.25                341.0  342.0  341.0
  350.0   8620  -20.1  -40.1     15   0.33                341.6  342.9  341.6
  300.0   9740  -28.5  -43.5     22   0.27                345.1  346.2  345.1
  250.0  11020  -38.1  -61.1      7   0.04                349.3  349.5  349.3
  234.0  11469  -41.5  -61.5     10   0.04                350.8  351.0  350.8
  200.0  12510  -49.5  -58.5     34   0.07                354.2  354.6  354.2
  175.0  13369  -56.1                                     357.1         357.1
  150.0  14330  -63.1                                     361.2         361.2
  100.0  16710  -80.5                                     371.9         371.9
   90.0  17299  -84.5                                     375.4         375.4
   80.0  17957  -80.1                                     397.3         397.3
   70.0  18720  -76.5                                     420.4         420.4
   60.0  19608  -76.5                                     439.3         439.3
   50.0  20670  -72.1                                     473.2         473.2
   40.0  22005  -66.1                                     519.4         519.4
   30.0  23780  -59.1                                     582.9         582.9
