-----------------------------------------------------------------------------
   PRES   HGHT   TEMP   DWPT   RELH   MIXR   DRCT   SKNT   THTA   THTE   THTV
    hPa     m      C      C      %    g/kg    deg   knot     K      K      K 
-----------------------------------------------------------------------------
  853.0   1472   26.0   23.0     84  21.26                313.1  379.3  317.0
  800.0   2033   19.0   15.0     78  13.59                311.4  353.3  313.9
  750.0   2586   16.4   10.4     68  10.67                314.4  347.8  316.4
  690.0   3289   10.0    2.0     58   6.45                314.8  335.4  316.0
  650.0   3782    6.0    0.0     65   5.92                315.7  334.8  316.8
  609.0   4313    2.0    1.0     93   6.80                317.0  338.9  318.3
  588.0   4597    4.0   -9.0     38   3.31                322.6  333.8  323.2
  550.0   5139    3.0  -33.0      5   0.43                327.6  329.3  327.7
  520.0   5589   -1.1  -17.1     29   1.94                327.9  334.8  328.3
  450.0   6726   -8.5  -30.5     15   0.68                332.5  335.1  332.6
  350.0   8626  -21.5  -37.5     22   0.44                339.7  341.4  339.8
