-----------------------------------------------------------------------------
   PRES   HGHT   TEMP   DWPT   RELH   MIXR   DRCT   SKNT   THTA   THTE   THTV
    hPa     m      C      C      %    g/kg    deg   knot     K      K      K 
-----------------------------------------------------------------------------
  856.0   1472   18.4   16.9     91  14.36      0      0  304.8  347.9  307.4
  800.0   2047   14.0   11.5     85  10.76                306.1  338.7  308.0
  790.0   2153   15.0    9.0     67   9.20                308.2  336.5  309.9
  750.0   2589   12.0    7.0     71   8.45                309.6  335.7  311.1
  650.0   3769    5.4    1.4     75   6.56                315.0  336.0  316.3
  570.0   4827   -0.5   -5.0     72   4.65                320.1  335.5  321.1
  550.0   5111   -2.1   -4.1     86   5.16                321.5  338.6  322.5
  540.0   5256   -2.5   -3.5     93   5.50                322.8  341.0  323.8
  490.0   6020   -5.5  -13.5     53   2.77                328.2  337.9  328.7
  450.0   6680   -9.5  -11.8     83   3.46                331.2  343.3  331.9
  440.0   6853  -10.5  -11.0     96   3.78                332.1  345.3  332.8
  370.0   8164  -17.1  -25.1     50   1.35                340.2  345.3  340.4
  350.0   8577  -20.1  -29.1     45   0.99                341.6  345.4  341.8
  175.0  13301  -58.5                                     353.2         353.2
  125.0  15326  -74.5                                     359.8         359.8
   70.0  18660  -77.1                                     419.1         419.1
