-----------------------------------------------------------------------------
   PRES   HGHT   TEMP   DWPT   RELH   MIXR   DRCT   SKNT   THTA   THTE   THTV
    hPa     m      C      C      %    g/kg    deg   knot     K      K      K 
-----------------------------------------------------------------------------
  854.0   1472   20.0   16.5     80  14.02     30      2  306.7  349.1  309.2
  830.0   1719   21.4   13.4     60  11.77                310.7  347.0  312.9
  800.0   2037   19.0   13.0     68  11.90                311.4  348.2  313.6
  750.0   2587   14.0   10.5     79  10.74                311.8  345.1  313.8
  730.0   2815   12.0   11.0     94  11.42                312.0  347.4  314.1
  650.0   3778    6.0    4.5     90   8.19                315.7  341.7  317.3
  642.0   3879    5.0    3.0     87   7.45                315.7  339.4  317.1
  615.0   4229    4.0   -7.0     45   3.70                318.4  330.7  319.2
  550.0   5127   -1.1  -25.1     14   0.91                322.7  326.1  322.9
  480.0   6198   -7.5  -30.5     14   0.63                327.6  330.0  327.8
  450.0   6695  -11.5  -22.5     40   1.40                328.7  333.8  329.0
  435.0   6955  -11.5  -36.5     11   0.39                331.9  333.4  332.0
  350.0   8591  -20.1  -50.1      5   0.11                341.6  342.1  341.6
  175.0  13334  -58.1                                     353.9         353.9
  125.0  15371  -74.1                                     360.6         360.6
   80.0  17913  -82.5                                     392.3         392.3
   70.0  18670  -76.1                                     421.3         421.3
   60.0  19568  -72.1                                     449.2         449.2
