-----------------------------------------------------------------------------
   PRES   HGHT   TEMP   DWPT   RELH   MIXR   DRCT   SKNT   THTA   THTE   THTV
    hPa     m      C      C      %    g/kg    deg   knot     K      K      K 
-----------------------------------------------------------------------------
  857.0   1472   21.0   12.0     56  10.38    110      6  307.4  339.1  309.3
  800.0   2062   15.4    7.4     59   8.14                307.6  332.6  309.1
  750.0   2607   12.0    6.0     67   7.88                309.6  334.0  311.1
  720.0   2948   11.0    2.0     54   6.18                312.1  331.7  313.3
  650.0   3785    0.0   -7.0     59   3.50                308.9  320.1  309.6
  640.0   3910    3.4   -2.6     65   4.96                314.2  330.1  315.1
  625.0   4103    6.0  -31.0      5   0.46                319.3  321.0  319.4
  550.0   5136   -0.5  -35.5      5   0.34                323.4  324.8  323.5
  450.0   6708  -10.5  -43.5      5   0.18                330.0  330.7  330.0
  350.0   8583  -26.1  -55.1      5   0.06                333.5  333.7  333.5
  175.0  13220  -63.1                                     345.6         345.6
