-----------------------------------------------------------------------------
   PRES   HGHT   TEMP   DWPT   RELH   MIXR   DRCT   SKNT   THTA   THTE   THTV
    hPa     m      C      C      %    g/kg    deg   knot     K      K      K 
-----------------------------------------------------------------------------
  857.0   1472   19.4   15.4     78  13.00     20      3  305.7  345.0  308.1
  800.0   2060   15.4   10.9     75  10.34                307.6  339.1  309.5
  750.0   2604   12.0    8.0     77   9.05                309.6  337.5  311.3
  650.0   3784    4.0    1.0     81   6.37                313.4  333.7  314.7
  620.0   4168    5.4  -12.6     26   2.35                319.3  327.4  319.8
  550.0   5136    1.0  -24.0     13   1.01                325.2  328.9  325.4
  520.0   5583   -1.1  -29.1     10   0.67                327.9  330.5  328.1
  450.0   6717   -8.1  -35.1      9   0.43                333.0  334.7  333.1
  350.0   8610  -22.5  -49.5      7   0.12                338.3  338.8  338.4
  300.0   9723  -29.1  -52.1      9   0.10                344.2  344.7  344.3
  175.0  13328  -59.1                                     352.2         352.2
  125.0  15362  -73.1                                     362.4         362.4
   70.0  18720  -76.5                                     420.4         420.4
