-----------------------------------------------------------------------------
   PRES   HGHT   TEMP   DWPT   RELH   MIXR   DRCT   SKNT   THTA   THTE   THTV
    hPa     m      C      C      %    g/kg    deg   knot     K      K      K 
-----------------------------------------------------------------------------
  855.0   1472   21.0   14.0     64  11.89                307.6  343.8  309.8
  800.0   2045   17.4   13.4     77  12.22                309.7  347.2  311.9
  750.0   2593   14.0   -8.0     21   2.80                311.8  321.0  312.3
  650.0   3784    7.0   -1.0     57   5.50                316.8  334.7  317.9
  572.0   4822    0.0  -16.0     29   1.93                320.4  327.1  320.8
  552.0   5106   -1.5  -18.5     26   1.62                321.9  327.6  322.2
  500.0   5888   -5.1  -23.1     23   1.20                326.8  331.1  327.0
  460.0   6538   -9.1  -11.1     85   3.58                329.6  342.1  330.4
  450.0   6708  -10.1  -12.1     85   3.38                330.5  342.2  331.1
  360.0   8394  -20.5  -24.0     74   1.54                338.3  344.0  338.6
  350.0   8602  -22.1  -27.1     64   1.19                338.9  343.4  339.1
  230.0  11557  -43.5  -57.5     20   0.07                349.5  349.8  349.5
  175.0  13334  -58.5                                     353.2         353.2
  125.0  15359  -76.5                                     356.2         356.2
  110.0  16083  -83.1                                     357.1         357.1
   70.0  18680  -70.5                                     433.2         433.2
