-----------------------------------------------------------------------------
   PRES   HGHT   TEMP   DWPT   RELH   MIXR   DRCT   SKNT   THTA   THTE   THTV
    hPa     m      C      C      %    g/kg    deg   knot     K      K      K 
-----------------------------------------------------------------------------
  856.0   1472   18.0   16.5     91  13.99                304.4  346.3  306.9
  813.0   1911   14.4   13.9     97  12.43                305.1  342.5  307.4
  800.0   2047   15.4   13.4     88  12.22                307.6  344.7  309.8
  750.0   2592   12.4   10.9     91  11.04                310.0  344.0  312.1
  650.0   3779    6.0    4.0     87   7.90                315.7  340.8  317.2
  550.0   5125   -2.5   -3.0     96   5.61                321.1  339.5  322.1
  540.0   5270   -3.5   -4.0     96   5.30                321.6  339.1  322.6
  460.0   6526   -7.5  -32.5     12   0.55                331.6  333.8  331.8
  450.0   6696   -9.1  -28.1     20   0.85                331.7  334.9  331.9
  388.0   7821  -17.5  -21.0     74   1.86                335.1  341.9  335.4
  350.0   8585  -22.1  -26.6     67   1.25                338.9  343.6  339.1
  175.0  13293  -59.1                                     352.2         352.2
  125.0  15320  -74.5                                     359.8         359.8
   80.0  17876  -79.5                                     398.5         398.5
   70.0  18640  -75.1                                     423.4         423.4
   60.0  19545  -70.1                                     453.6         453.6
   40.0  21994  -63.5                                     525.9         525.9
