-----------------------------------------------------------------------------
   PRES   HGHT   TEMP   DWPT   RELH   MIXR   DRCT   SKNT   THTA   THTE   THTV
    hPa     m      C      C      %    g/kg    deg   knot     K      K      K 
-----------------------------------------------------------------------------
  854.0   1472   19.4   16.4     83  13.93      0      2  306.0  348.1  308.6
  800.0   2032   16.0   14.5     91  13.15                308.2  348.2  310.6
  750.0   2579   12.4   11.9     97  11.81                310.0  346.3  312.2
  650.0   3766    5.4    2.9     84   7.31                315.0  338.3  316.4
  640.0   3894    9.0  -12.0     21   2.39                320.5  328.7  321.0
  550.0   5123   -1.1  -27.1     12   0.76                322.7  325.5  322.9
  450.0   6696   -9.5  -42.5      5   0.20                331.2  332.0  331.3
  350.0   8592  -21.1  -51.1      5   0.10                340.2  340.6  340.2
  175.0  13317  -59.1                                     352.2         352.2
  125.0  15350  -74.1                                     360.6         360.6
   80.0  17909  -80.1                                     397.3         397.3
   70.0  18680  -71.5                                     431.1         431.1
   60.0  19598  -68.1                                     458.1         458.1
   40.0  22079  -60.1                                     534.4         534.4
