-----------------------------------------------------------------------------
   PRES   HGHT   TEMP   DWPT   RELH   MIXR   DRCT   SKNT   THTA   THTE   THTV
    hPa     m      C      C      %    g/kg    deg   knot     K      K      K 
-----------------------------------------------------------------------------
  857.0   1472   17.0   15.0     88  12.67     30      3  303.2  341.0  305.5
  850.0   1544   17.0   15.0     88  12.77                303.9  342.2  306.3
  800.0   2059   14.0   11.0     82  10.41                306.1  337.6  308.0
  750.0   2601   11.0    7.0     76   8.45                308.5  334.5  310.1
  700.0   3175    9.0    3.0     66   6.83                312.4  334.0  313.7
  670.0   3539   10.0  -28.0      5   0.57                317.5  319.6  317.6
  650.0   3791    8.0  -13.0     21   2.17                318.0  325.4  318.4
  630.0   4048    6.4   -7.6     36   3.44                319.0  330.5  319.7
  550.0   5152    0.0  -21.0     19   1.31                324.0  328.7  324.3
  500.0   5910   -5.1  -19.1     32   1.70                326.8  332.8  327.1
  480.0   6229   -7.1  -18.1     41   1.93                328.1  335.0  328.5
  450.0   6731   -6.5  -29.5     14   0.74                335.0  337.9  335.1
  440.0   6906   -6.5  -40.5      5   0.26                337.1  338.2  337.2
  400.0   7640  -12.1  -44.1      5   0.19                339.2  340.0  339.2
  350.0   8647  -19.5  -51.5      4   0.10                342.4  342.8  342.4
  300.0   9770  -29.1  -57.1      5   0.06                344.2  344.5  344.3
  250.0  11050  -39.1  -65.1      5   0.02                347.8  347.9  347.8
  200.0  12530  -51.5  -69.5     10   0.02                351.1  351.1  351.1
  175.0  13388  -58.1                                     353.9         353.9
  150.0  14350  -64.1                                     359.5         359.5
  125.0  15440  -72.1                                     364.2         364.2
  100.0  16720  -80.5                                     371.9         371.9
   80.0  17979  -81.5                                     394.4         394.4
   74.0  18417  -82.1                                     402.0         402.0
   70.0  18730  -80.1                                     412.7         412.7
   60.0  19615  -73.5                                     446.0         446.0
   50.0  20700  -66.1                                     487.3         487.3
   40.0  22065  -62.5                                     528.4         528.4
   30.0  23860  -57.5                                     587.3         587.3
