-----------------------------------------------------------------------------
   PRES   HGHT   TEMP   DWPT   RELH   MIXR   DRCT   SKNT   THTA   THTE   THTV
    hPa     m      C      C      %    g/kg    deg   knot     K      K      K 
-----------------------------------------------------------------------------
  856.0   1472    0.0    0.0    100   4.49                285.6  298.5  286.3
  850.0   1535   18.4   16.4     88  14.00                305.4  347.5  308.0
  825.0   1799   17.0   14.5     85  12.74                306.5  345.1  308.9
  800.0   2069   15.4   11.4     77  10.69                307.6  340.1  309.5
  760.0   2479  -33.7  -43.7     36   0.11                259.0  259.3  259.0
  750.0   2585   12.4    6.4     67   8.10                310.0  335.2  311.5
  710.0   3057    9.4    7.4     87   9.18                311.6  340.2  313.3
  700.0   3178    9.0    4.0     71   7.33                312.4  335.5  313.8
  660.0   3663    7.0   -4.0     45   4.33                315.5  329.6  316.3
  650.0   3788    6.0   -3.0     52   4.74                315.7  331.1  316.6
  584.0   4656    2.0  -12.0     35   2.62                320.9  329.8  321.4
  556.0   5050   -1.1   -3.6     83   5.30                321.7  339.3  322.8
  550.0   5136   -1.5   -6.5     69   4.30                322.2  336.6  323.1
  540.0   5282   -2.1  -17.1     31   1.86                323.2  329.8  323.6
  500.0   5890   -4.1   -7.1     80   4.52                328.0  343.4  328.9
  456.0   6612   -8.5  -34.5     10   0.45                331.2  333.0  331.3
  450.0   6715   -9.1  -26.1     24   1.02                331.7  335.5  331.9
  428.0   7102  -11.1  -14.9     74   2.83                333.9  344.0  334.5
  400.0   7620  -13.1  -31.1     21   0.72                337.9  340.7  338.0
  394.0   7735  -13.5  -42.5      7   0.23                338.8  339.8  338.9
  350.0   8619  -20.1  -50.1      5   0.11                341.6  342.1  341.6
  300.0   9740  -27.5  -52.5      7   0.10                346.5  346.9  346.5
  280.0  10196  -31.1  -53.1     10   0.10                348.2  348.7  348.2
  250.0  10930  -37.5  -45.5     43   0.26                350.2  351.3  350.2
  230.0  11541  -41.5  -45.5     65   0.29                352.5  353.8  352.6
  200.0  12540  -48.5  -50.0     84   0.20                355.8  356.7  355.9
  175.0  13401  -56.1                                     357.1         357.1
  150.0  14360  -64.1                                     359.5         359.5
  125.0  15454  -72.1                                     364.2         364.2
  100.0  16740  -80.5                                     371.9         371.9
   94.0  17087  -82.1                                     375.4         375.4
   80.0  17993  -80.5                                     396.4         396.4
   70.0  18750  -78.1                                     417.0         417.0
   60.0  19637  -74.5                                     443.8         443.8
   50.0  20710  -69.1                                     480.2         480.2
   40.0  22061  -64.5                                     523.4         523.4
   30.0  23840  -60.5                                     579.1         579.1
