-----------------------------------------------------------------------------
   PRES   HGHT   TEMP   DWPT   RELH   MIXR   DRCT   SKNT   THTA   THTE   THTV
    hPa     m      C      C      %    g/kg    deg   knot     K      K      K 
-----------------------------------------------------------------------------
  853.0   1472   20.0   17.5     86  14.98                306.8  352.1  309.5
  800.0   2023   16.0   12.0     77  11.13                308.2  342.2  310.2
  770.0   2347   13.4   12.4     94  11.89                308.8  345.1  311.0
  750.0   2568   12.0   11.0     94  11.11                309.6  343.7  311.6
  650.0   3753    5.0   -1.0     65   5.50                314.6  332.2  315.6
  630.0   4008    4.0    3.5     97   7.87                316.3  341.3  317.8
  620.0   4139    6.0  -11.0     28   2.68                320.0  329.1  320.5
  560.0   4965    2.0  -29.0      8   0.63                324.7  327.1  324.9
  550.0   5109    1.0  -35.0      5   0.36                325.2  326.6  325.3
  480.0   6189   -5.5  -17.5     38   2.03                330.1  337.4  330.5
  450.0   6691   -9.1  -20.1     41   1.73                331.7  338.0  332.1
  390.0   7781  -17.1  -23.1     60   1.54                335.1  340.8  335.4
  350.0   8585  -21.5  -51.5      5   0.10                339.7  340.1  339.7
  175.0  13312  -58.5                                     353.2         353.2
  125.0  15356  -72.5                                     363.5         363.5
   80.0  17923  -80.5                                     396.4         396.4
   70.0  18690  -73.1                                     427.7         427.7
   60.0  19604  -68.1                                     458.1         458.1
   40.0  22071  -62.5                                     528.4         528.4
