-----------------------------------------------------------------------------
   PRES   HGHT   TEMP   DWPT   RELH   MIXR   DRCT   SKNT   THTA   THTE   THTV
    hPa     m      C      C      %    g/kg    deg   knot     K      K      K 
-----------------------------------------------------------------------------
  853.0   1472   18.4   15.1     81  12.81                305.1  343.6  307.4
  840.0   1604   21.0   14.0     64  12.10                309.2  346.3  311.4
  750.0   2570   16.0    2.0     39   5.93                313.9  332.9  315.1
  725.0   2854   14.0   -3.0     31   4.25                314.8  328.6  315.6
  700.0   3147   12.0   -2.0     38   4.74                315.7  331.2  316.6
  650.0   3759    6.0   -4.0     49   4.40                315.7  330.1  316.6
  610.0   4274    1.4   -5.6     60   4.15                316.2  329.8  317.0
  580.0   4682    5.0  -26.0      8   0.80                325.0  327.9  325.1
  550.0   5111    2.0  -26.0     10   0.84                326.4  329.5  326.6
  500.0   5880    4.0  -22.0     13   1.32                337.9  342.8  338.1
  485.0   6123   -5.5  -31.5     11   0.57                329.1  331.3  329.2
  450.0   6704  -10.1  -30.1     18   0.70                330.5  333.1  330.6
  405.0   7506  -15.5  -29.5     29   0.82                333.6  336.7  333.7
  400.0   7600  -16.1  -31.1     26   0.72                334.0  336.7  334.1
  350.0   8593  -22.1  -49.1      7   0.13                338.9  339.4  338.9
  345.0   8698  -22.5  -52.5      5   0.09                339.7  340.1  339.7
  300.0   9710  -29.1  -57.1      5   0.06                344.2  344.5  344.3
  250.0  10980  -39.1  -65.1      5   0.02                347.8  347.9  347.8
  200.0  12470  -52.1  -75.1      5   0.01                350.1  350.1  350.1
  175.0  13321  -60.1                                     350.6         350.6
  150.0  14270  -67.1                                     354.3         354.3
  125.0  15349  -74.1                                     360.6         360.6
  100.0  16630  -79.5                                     373.9         373.9
