-----------------------------------------------------------------------------
   PRES   HGHT   TEMP   DWPT   RELH   MIXR   DRCT   SKNT   THTA   THTE   THTV
    hPa     m      C      C      %    g/kg    deg   knot     K      K      K 
-----------------------------------------------------------------------------
  856.0   1472   20.0   13.0     64  11.11     60      3  306.5  340.2  308.5
  850.0   1533   20.0   12.0     60  10.47                307.1  339.0  309.0
  830.0   1738   20.0    7.0     43   7.62                309.2  332.9  310.6
  750.0   2600   13.0    4.0     54   6.84                310.7  332.1  311.9
  740.0   2712   12.0    4.0     58   6.93                310.8  332.5  312.1
  665.0   3595    5.0   -2.0     61   4.99                312.5  328.5  313.5
  650.0   3782    7.0   -5.0     42   4.08                316.8  330.2  317.6
  630.0   4040   10.0  -28.0      5   0.61                323.1  325.4  323.2
  550.0   5146    1.0  -35.0      5   0.36                325.2  326.6  325.3
  450.0   6718  -11.5  -44.5      5   0.16                328.7  329.4  328.7
  350.0   8582  -27.5  -56.5      5   0.05                331.6  331.8  331.6
  175.0  13174  -65.5                                     341.7         341.7
  125.0  15177  -73.5                                     361.7         361.7
   80.0  17765  -76.1                                     405.5         405.5
   70.0  18540  -73.1                                     427.7         427.7
   60.0  19449  -70.1                                     453.6         453.6
   40.0  21919  -60.1                                     534.4         534.4

