-----------------------------------------------------------------------------
   PRES   HGHT   TEMP   DWPT   RELH   MIXR   DRCT   SKNT   THTA   THTE   THTV
    hPa     m      C      C      %    g/kg    deg   knot     K      K      K 
-----------------------------------------------------------------------------
 1007.0      2   28.0   25.8     88  21.31    320     29  300.6  363.5  304.4
 1003.0     40   27.5   25.2     87  20.59    305     13  300.4  361.2  304.1
 1000.0     69   27.2   24.7     86  20.06    305     18  300.4  359.5  303.9
  960.0    430   24.0   24.0    100  20.04    313     24  300.6  359.8  304.2
  951.0    513   23.5   23.3     99  19.39    315     25  301.0  358.2  304.5
  929.0    718   22.4   21.6     95  17.85    300     23  301.8  354.7  305.1
  925.0    756   22.2   21.3     95  17.58    305     23  302.0  354.1  305.2
  887.0   1122   21.0   19.5     91  16.37    316     21  304.4  353.4  307.4
  854.0   1451   19.9   17.2     84  14.66    325     20  306.6  350.9  309.3
  850.0   1492   19.8   16.9     83  14.46    325     20  306.9  350.6  309.5
  830.0   1698   19.2   15.6     80  13.61    320     20  308.3  349.8  310.9
  770.0   2336   15.5   11.8     79  11.45    305     19  311.0  346.4  313.1
  716.0   2954   11.9    8.2     78   9.61    315     20  313.6  343.7  315.4
  709.0   3037   11.4    7.7     78   9.39    311     20  313.9  343.4  315.7
  700.0   3144   10.6    8.4     86   9.98    305     19  314.2  345.5  316.1
  692.0   3240   10.0    9.4     96  10.81    298     18  314.6  348.5  316.6
  671.0   3496    8.9    7.2     89   9.58    280     15  316.2  346.5  318.0
  649.0   3772    7.8    4.8     81   8.38    276     15  317.9  344.7  319.5
  620.0   4146    5.5    3.4     86   7.95    270     15  319.5  345.1  321.0
  588.0   4579    2.9    1.8     92   7.48    275     11  321.3  345.6  322.7
  582.0   4663    2.4    1.5     94   7.39    286     11  321.6  345.7  323.1
  575.0   4761    2.0    1.2     95   7.33    300     11  322.2  346.2  323.7
  542.0   5237   -0.1   -0.1    100   7.06    326      6  325.3  348.6  326.6
  501.0   5864   -3.2   -3.2    100   6.06      0      0  328.9  349.3  330.1
  500.0   5880   -3.3   -3.3    100   6.04      0      0  328.9  349.4  330.1
  430.0   7063   -8.7  -10.3     88   4.09    216      9  336.6  351.0  337.4
  423.0   7190   -9.7  -10.9     91   3.97    200     10  336.9  351.0  337.7
  414.0   7356  -10.9  -11.6     95   3.83    194      8  337.4  351.0  338.2
  400.0   7620  -12.3  -13.2     93   3.48    185      5  338.9  351.4  339.6
  346.0   8709  -19.0  -21.1     83   2.06    305     11  344.2  351.9  344.6
  333.0   8996  -20.8  -23.2     81   1.78    315     10  345.5  352.3  345.9
  314.0   9437  -23.5  -26.4     77   1.42    301      8  347.6  353.1  347.9
  303.0   9698  -25.7  -27.7     83   1.30    292      7  348.1  353.1  348.3
  300.0   9770  -26.3  -28.7     80   1.20    290      7  348.2  352.9  348.4
  272.0  10463  -31.8  -34.8     75   0.74    290     10  350.1  353.1  350.3
  250.0  11060  -36.5  -40.0     70   0.47    295      8  351.7  353.6  351.8
  233.0  11540  -40.5  -44.3     67   0.32    295     10  352.8  354.1  352.8
  228.0  11687  -41.7  -45.6     66   0.28    320     12  353.1  354.3  353.1
  221.0  11900  -43.5  -47.5     64   0.24    307     10  353.5  354.5  353.6
  220.0  11930  -43.8  -47.7     65   0.23    305     10  353.4  354.5  353.5
  215.0  12083  -45.5  -48.8     69   0.21    307     10  353.2  354.1  353.2
  200.0  12560  -49.5  -54.5     56   0.12    315      9  354.2  354.8  354.2
  190.0  12892  -52.5  -58.1     51   0.08    310     10  354.6  354.9  354.6
  182.0  13170  -55.1  -61.1     47   0.06    304     10  354.8  355.1  354.8
  165.0  13785  -61.3  -67.3     45   0.03    290     10  354.4  354.6  354.4
  162.0  13900  -62.5  -68.5     44   0.02    293     10  354.3  354.4  354.3
  156.0  14130  -64.5  -70.0     47   0.02    300     11  354.8  354.9  354.9
  150.0  14370  -66.5  -71.5     49   0.02    280      8  355.3  355.4  355.3
  145.0  14566  -68.3  -73.3     49   0.01    275     10  355.6  355.7  355.6
  106.0  16374  -85.3  -90.2     42   0.00    275     21  356.8  356.8  356.8
  104.0  16484  -86.3  -91.2     41   0.00    280     27  356.7  356.7  356.7
  100.0  16700  -83.7  -89.7     35   0.00    295     19  365.8  365.8  365.8
   96.0  16927  -83.3  -89.5     33   0.00    335     10  370.9  370.9  370.9
   87.0  17475  -82.2  -89.1     30   0.00     60     32  383.6  383.6  383.6
   86.2  17527  -82.1  -89.1     30   0.00     68     33  384.9  384.9  384.9
   86.1  17533  -82.1  -89.1     30   0.00     69     33  385.0  385.0  385.0
   86.0  17540  -82.1  -89.1     30   0.00     70     33  385.0  385.0  385.0
   82.0  17803  -83.8  -89.7     36   0.00     75     27  386.8  386.8  386.8
   77.9  18087  -85.7  -90.3     44   0.00     64     22  388.7  388.7  388.7
   75.0  18295  -87.0  -92.9     34   0.00     55     18  390.2  390.2  390.2
   74.8  18309  -87.1  -93.1     33   0.00     56     18  390.3  390.3  390.3
   74.0  18368  -86.5  -94.2     24   0.00     60     17  392.7  392.7  392.7
   73.4  18412  -86.1  -95.1     19   0.00     64     17  394.5  394.5  394.5
   70.7  18623  -76.7  -88.7     14   0.00     85     19  418.8  418.8  418.8
   70.0  18680  -76.1  -89.1     11   0.00     90     20  421.3  421.3  421.3
   69.0  18763  -75.2  -90.4      8   0.00    100     26  424.8  424.8  424.8
   68.6  18797  -74.9  -90.9      7   0.00     99     27  426.3  426.3  426.3
   66.0  19021  -74.5  -93.3      4   0.00     95     37  431.9  431.9  431.9
   64.9  19119  -74.3  -94.3      3   0.00     86     33  434.4  434.4  434.4
   59.0  19682  -67.7  -92.7      2   0.00     35     11  461.2  461.2  461.2
   56.0  19993  -68.5  -92.5      2   0.00     35     10  466.4  466.4  466.4
   55.0  20101  -68.7  -92.5      2   0.00     40     10  468.2  468.2  468.2
   54.0  20210  -69.0  -92.4      2   0.00     70      6  470.1  470.1  470.1
   53.0  20322  -69.3  -92.3      2   0.00    110     10  471.9  472.0  471.9
   50.0  20670  -70.1  -92.1      3   0.00    110     24  477.9  477.9  477.9
   49.8  20694  -70.1  -92.1      3   0.00    109     24  478.4  478.4  478.4
   47.0  21039  -69.0  -92.8      2   0.00     95     24  489.0  489.0  489.0
   45.0  21299  -68.2  -93.4      2   0.00    105     17  497.1  497.1  497.1
   43.8  21460  -67.7  -93.7      1   0.00     99     16  502.2  502.2  502.2
   43.0  21572  -66.2  -94.0      1   0.00     95     16  508.5  508.5  508.5
   42.0  21715  -64.3  -94.3      1   0.00     60     19  516.7  516.7  516.7
   41.6  21773  -63.5  -94.5      1   0.00     62     17  520.0  520.0  520.0
   41.0  21862  -63.5  -94.5      1   0.00     65     14  522.3  522.3  522.3
   40.0  22014  -63.4  -94.6      1   0.00     75     13  526.1  526.1  526.1
   39.0  22169  -63.3  -94.7      1   0.00    105     15  530.1  530.1  530.1
   37.0  22492  -63.2  -94.9      1   0.00     80     21  538.5  538.5  538.5
   35.3  22781  -63.1  -95.1      1   0.00     90     25  546.1  546.1  546.1
   33.3  23138  -64.5  -94.5      1   0.00    103     30  551.5  551.5  551.5
   33.0  23194  -64.2  -94.5      1   0.00    105     31  553.8  553.8  553.8
   31.0  23578  -62.0  -94.8      1   0.00     80     36  569.6  569.6  569.6
   30.0  23780  -60.9  -94.9      0   0.00     90     37  578.0  578.0  578.0
   29.1  23969  -59.5  -94.5      0   0.00     83     38  586.9  587.0  586.9
   28.0  24211  -59.2  -94.2      0   0.00     75     39  594.3  594.3  594.3
   26.0  24675  -58.6  -93.6      0   0.00     80     22  608.6  608.6  608.6
   24.0  25176  -58.0  -93.0      0   0.00     75     34  624.5  624.5  624.5
   23.7  25255  -57.9  -92.9      0   0.00     82     33  627.0  627.1  627.0
   23.0  25443  -58.1  -93.1      0   0.00    100     32  631.9  632.0  631.9
   22.0  25722  -58.3  -93.3      0   0.00     80     37  639.2  639.2  639.2
   20.0  26320  -58.9  -93.9      0   0.00     80     46  655.1  655.2  655.1
   19.0  26641  -59.7  -94.7      0   0.00     78     52  662.3  662.4  662.3
   17.4  27192  -58.7  -93.7      0   0.00     76     61  682.4  682.4  682.4
   17.0  27340  -56.8  -92.5      0   0.00     75     64  693.1  693.2  693.1
   15.8  27808  -50.7  -88.7      0   0.01     79     68  727.6  727.7  727.6
   13.0  29103  -44.3  -84.5      0   0.02     90     79  791.6  791.9  791.6
   12.7  29258  -43.5  -84.0      0   0.03     90     79  799.5  799.9  799.6
   12.1  29579  -41.9  -82.9      0   0.03     91     77  816.3  816.7  816.3
   11.0  30223  -42.7  -82.7      0   0.04     93     72  836.0  836.4  836.0
   10.0  30870  -39.5  -81.5      0   0.05     95     68  871.0  871.6  871.0
    9.0  31594  -38.1  -80.1      0   0.07     90     74  903.0  904.0  903.1
    8.5  31987  -37.3  -79.3      0   0.09                920.9  922.1  921.0
Station information and sounding indices
