-----------------------------------------------------------------------------
   PRES   HGHT   TEMP   DWPT   RELH   MIXR   DRCT   SKNT   THTA   THTE   THTV
    hPa     m      C      C      %    g/kg    deg   knot     K      K      K 
-----------------------------------------------------------------------------
 1004.0      2   26.0   24.8     93  20.10    300     47  298.8  357.7  302.4
 1003.0     13   25.8   24.6     93  19.82    295     18  298.6  356.6  302.2
 1000.0     48   25.0   23.8     93  18.98    300     23  298.1  353.5  301.5
  972.0    298   23.2   21.4     90  16.81    290     36  298.8  347.9  301.8
  958.0    425   23.8   20.2     80  15.78    285     42  300.6  347.1  303.5
  954.0    462   24.0   19.8     77  15.49    285     42  301.2  346.9  304.0
  925.0    732   22.0   19.7     87  15.88    285     40  301.8  348.8  304.7
  894.0   1028   19.6   18.4     93  15.13    287     41  302.3  347.2  305.0
  850.0   1464   18.2   15.7     85  13.37    290     43  305.2  345.4  307.6
  844.0   1524   17.9   15.6     86  13.36    290     44  305.5  345.8  308.0
  818.0   1791   16.7   15.0     90  13.31    275     43  307.0  347.4  309.5
  753.0   2498   13.6   13.6    100  13.17    284     31  311.0  351.5  313.4
  747.0   2565   13.4   12.9     97  12.67    285     30  311.4  350.5  313.8
  724.0   2829   12.4   10.1     86  10.83    285     31  313.1  346.9  315.2
  700.0   3112   10.4    9.2     92  10.54    285     33  314.0  347.0  316.0
  678.0   3377    8.9    6.9     87   9.28    290     38  315.2  344.5  317.0
  658.0   3625    7.6    4.7     82   8.21    290     38  316.4  342.5  318.0
  578.0   4681    0.6    0.4     99   6.86    290     38  320.2  342.5  321.5
  572.0   4765    1.0    0.3     95   6.89    290     38  321.6  344.1  322.9
  548.0   5108   -0.2   -0.7     97   6.67    290     38  324.1  346.1  325.4
  509.0   5697   -2.4   -2.5     99   6.31    280     44  328.4  349.6  329.6
  500.0   5840   -2.9   -2.9    100   6.22    280     43  329.4  350.5  330.7
  475.0   6248   -4.7   -4.9     99   5.63    285     41  332.1  351.4  333.2
  474.0   6264   -4.8   -5.0     98   5.60    285     41  332.2  351.4  333.3
  403.0   7532  -11.4  -12.5     92   3.67    255     34  339.4  352.5  340.1
  400.0   7590  -11.7  -12.8     92   3.59    260     33  339.7  352.6  340.4
  377.0   8035  -14.3  -15.8     89   2.99    265     30  342.0  352.9  342.6
  321.0   9244  -21.6  -23.7     82   1.76    240     26  348.1  354.9  348.5
  320.0   9268  -21.7  -23.9     82   1.74    240     26  348.2  354.9  348.6
  300.0   9740  -25.3  -27.8     80   1.30    245     25  349.6  354.7  349.9
  277.0  10311  -29.5  -32.7     74   0.89    240     26  351.6  355.2  351.8
  276.0  10337  -29.7  -32.9     74   0.87    241     26  351.7  355.2  351.9
  250.0  11030  -35.3  -38.0     76   0.58    260     23  353.4  355.9  353.6
  243.0  11228  -37.0  -39.0     82   0.54    260     23  353.7  355.9  353.8
  242.0  11257  -37.3  -39.2     82   0.53    260     23  353.7  356.0  353.9
  234.0  11489  -39.1  -41.7     76   0.42    258     22  354.4  356.2  354.5
  210.0  12225  -45.3  -48.5     70   0.22    253     19  355.9  356.9  355.9
  205.0  12386  -47.1  -48.6     84   0.23    251     18  355.5  356.5  355.6
  200.0  12550  -48.5  -50.3     81   0.19    250     17  355.8  356.7  355.9
  161.0  13936  -61.3  -63.1     79   0.05    225     19  357.0  357.2  357.0
  153.0  14249  -64.3  -69.3     50   0.02    236     18  357.1  357.2  357.1
  150.0  14370  -65.7  -69.5     59   0.02    240     18  356.7  356.8  356.7
  148.0  14451  -66.5  -70.2     59   0.02    245     18  356.7  356.8  356.7
  147.0  14492  -66.9  -70.6     59   0.02    243     18  356.7  356.8  356.7
  140.0  14784  -69.3  -72.6     62   0.01    225     17  357.5  357.6  357.5
  138.0  14869  -70.1  -75.2     47   0.01    220     17  357.6  357.6  357.6
  137.0  14913  -70.5  -76.5     41   0.01    220     17  357.6  357.6  357.6
  125.0  15447  -75.6  -78.5     63   0.01    220     14  357.9  357.9  357.9
  123.0  15541  -76.5  -78.9     69   0.01    220     15  357.9  357.9  357.9
  116.0  15872  -79.2  -82.8     56   0.00    220     20  358.9  358.9  358.9
  111.0  16121  -81.2  -85.7     47   0.00    210     19  359.6  359.7  359.6
  108.0  16276  -82.5  -87.5     42   0.00    194     20  360.1  360.1  360.1
  100.0  16700  -86.1  -90.5     46   0.00    150     24  361.1  361.1  361.1
   95.0  16980  -87.3  -91.3     48   0.00    155     37  364.1  364.1  364.1
   89.4  17312  -88.7  -92.3     52   0.00    130     42  367.7  367.7  367.7
   86.0  17522  -88.2  -92.1     48   0.00    115     47  372.9  372.9  372.9
   85.7  17541  -88.1  -92.1     48   0.00    115     46  373.4  373.4  373.4
   82.0  17789  -78.8  -87.1     25   0.00    115     30  397.0  397.1  397.0
   81.4  17830  -77.3  -86.3     23   0.00    109     29  401.0  401.0  401.0
   77.0  18151  -76.0  -87.9     14   0.00     65     21  410.1  410.1  410.1
   75.3  18280  -75.5  -88.5     12   0.00     51     17  413.8  413.8  413.8
   74.0  18382  -73.5  -88.2      9   0.00     40     14  420.1  420.1  420.1
   73.0  18462  -71.9  -87.9      8   0.00     44     15  425.1  425.1  425.1
   70.0  18710  -72.5  -87.5      9   0.00     55     17  428.9  429.0  429.0
   69.0  18795  -72.1  -87.6      8   0.00     50     20  431.6  431.6  431.6
   68.0  18881  -71.7  -87.7      8   0.00     30     17  434.4  434.4  434.4
   64.5  19192  -70.1  -88.1      6   0.00    359     13  444.4  444.4  444.4
   63.0  19331  -70.6  -88.3      6   0.00    345     11  446.3  446.3  446.3
   62.0  19426  -70.9  -88.5      6   0.00    340     10  447.6  447.6  447.6
   59.0  19718  -72.0  -89.0      6   0.00     40      2  451.6  451.7  451.6
   58.6  19758  -72.1  -89.1      6   0.00     45      2  452.2  452.2  452.2
   51.9  20478  -68.5  -87.5      5   0.00    141      9  476.6  476.6  476.6
   51.0  20582  -69.0  -88.0      5   0.00    155     10  477.8  477.9  477.8
   50.0  20700  -69.5  -88.5      5   0.00    135     11  479.3  479.3  479.3
   49.2  20796  -70.1  -89.1      5   0.00    127     10  480.1  480.1  480.1
   49.0  20820  -69.7  -88.9      5   0.00    125     10  481.7  481.8  481.7
   48.0  20944  -67.4  -88.1      4   0.00    130     14  490.0  490.0  490.0
   47.8  20969  -66.9  -87.9      4   0.00    126     15  491.7  491.7  491.7
   47.0  21071  -66.8  -88.0      4   0.00    110     21  494.2  494.3  494.2
   44.0  21469  -66.6  -88.4      3   0.00    150     17  504.2  504.3  504.2
   43.0  21608  -66.5  -88.5      3   0.00    139     17  507.8  507.8  507.8
   39.7  22096  -61.7  -86.7      2   0.01     99     18  531.6  531.6  531.6
   39.0  22206  -61.6  -86.5      2   0.01     90     18  534.4  534.5  534.4
   38.0  22367  -61.6  -86.2      2   0.01    100     21  538.6  538.6  538.6
   35.0  22876  -61.3  -85.3      3   0.01     70     30  552.1  552.1  552.1
   34.9  22894  -61.3  -85.3      3   0.01     70     30  552.5  552.6  552.5
   33.5  23147  -62.5  -84.5      4   0.01     66     31  555.9  556.0  555.9
   33.0  23240  -62.2  -84.9      3   0.01     65     31  558.9  559.0  558.9
   32.0  23431  -61.8  -85.8      3   0.01     85     39  565.2  565.3  565.2
   30.0  23830  -60.7  -87.7      2   0.01     75     30  578.6  578.6  578.6
   29.1  24020  -59.9  -83.9      3   0.01     71     43  585.8  585.9  585.8
   29.0  24041  -59.3  -83.6      3   0.01     70     44  588.1  588.2  588.1
   28.8  24085  -58.1  -83.1      3   0.01     77     43  592.5  592.7  592.5
   28.0                                       105     40                     
   26.0                                        80     40                     
Station information and sounding indices
