-----------------------------------------------------------------------------
   PRES   HGHT   TEMP   DWPT   RELH   MIXR   DRCT   SKNT   THTA   THTE   THTV
    hPa     m      C      C      %    g/kg    deg   knot     K      K      K 
-----------------------------------------------------------------------------
 1006.0      2   31.0   26.1     75  21.73      0      5  303.6  368.8  307.6
 1000.0     65   28.2   24.4     80  19.69    355      6  301.4  359.7  304.9
  936.0    650   22.8   22.3     97  18.49     29      5  301.6  356.3  304.9
  925.0    753   22.4   21.7     96  18.03     35      5  302.2  355.7  305.5
  862.0   1367   19.2   19.2    100  16.53     35      7  305.0  354.6  308.0
  850.0   1488   18.6   17.4     93  14.94     35      7  305.6  350.6  308.4
  741.0   2662   14.8    9.8     72  10.37     46      7  313.7  346.1  315.6
  700.0   3142   11.6    8.1     79   9.77     50      7  315.3  346.1  317.1
  633.0   3980    6.6    4.7     88   8.53     43      7  318.8  346.2  320.4
  500.0   5890   -3.1   -5.0     87   5.31     25      7  329.2  347.2  330.2
  495.0   5970   -3.7   -4.5     94   5.57     26      7  329.4  348.3  330.5
  427.0   7127   -8.9  -14.9     62   2.83     45      9  337.0  347.2  337.6
  409.0   7459  -11.1  -17.1     61   2.46     50     10  338.3  347.3  338.8
  406.0   7516  -11.5  -17.5     61   2.40     40     10  338.5  347.3  339.0
  403.0   7573  -11.8  -15.5     74   2.86     30     10  338.8  349.2  339.4
  402.0   7592  -11.9  -14.8     79   3.03     27     10  338.9  349.9  339.6
  400.0   7630  -12.3  -15.4     78   2.90     20      9  338.9  349.4  339.5
  397.0   7687  -12.5  -18.5     61   2.25     20      9  339.4  347.7  339.9
  382.0   7980  -14.3  -17.7     75   2.51     18      9  340.8  350.0  341.3
  332.0   9023  -20.6  -29.2     46   1.04     10     10  346.1  350.2  346.3
  312.0   9485  -23.4  -34.2     36   0.68     30     10  348.4  351.2  348.6
  311.0   9508  -23.5  -34.5     36   0.66     28     10  348.5  351.2  348.7
  300.0   9770  -25.7  -35.7     39   0.61      5      9  349.0  351.5  349.2
  283.0  10184  -29.2  -40.3     33   0.41    335     10  349.9  351.7  350.0
  256.0  10896  -35.1  -48.1     25   0.19    323     10  351.4  352.2  351.4
  250.0  11060  -36.7  -48.7     28   0.18    320     10  351.4  352.2  351.4
  226.0  11750  -42.7  -53.7     29   0.11    314     12  352.5  353.0  352.5
  224.0  11810  -43.3  -49.3     51   0.19    314     12  352.4  353.3  352.5
  220.0  11930  -44.7  -51.7     45   0.15    313     12  352.1  352.8  352.1
  209.0  12270  -47.7  -58.8     27   0.07    310     13  352.6  352.9  352.6
  204.0  12430  -49.1  -62.1     20   0.04    296     11  352.9  353.1  352.9
  202.0  12495  -49.5  -62.5     20   0.04    290     10  353.2  353.4  353.2
  200.0  12560  -49.9  -62.9     20   0.04    285     11  353.6  353.8  353.6
  183.0  13133  -55.5  -64.5     32   0.04    270     10  353.6  353.8  353.6
  177.0  13345  -56.9  -69.9     18   0.02    229      7  354.7  354.8  354.7
  175.0  13416  -57.6  -69.8     20   0.02    215      6  354.7  354.8  354.7
  165.0  13785  -61.1  -69.5     32   0.02    180     10  354.8  354.9  354.8
  164.0  13823  -61.5  -69.5     34   0.02    178     11  354.8  354.9  354.8
  159.0  14014  -63.1  -67.8     53   0.03    165     16  355.3  355.4  355.3
  157.0  14092  -63.7  -67.1     63   0.03    166     17  355.5  355.6  355.5
  150.0  14370  -65.9  -70.0     56   0.02    170     21  356.4  356.5  356.4
  138.0  14870  -70.5  -74.2     58   0.01    175     21  356.9  356.9  356.9
  135.0  15002  -71.7  -75.3     59   0.01    171     22  357.0  357.0  357.0
  134.0  15045  -72.0  -75.6     58   0.01    170     23  357.2  357.2  357.2
  128.0  15307  -74.0  -77.6     57   0.01    135     25  358.4  358.4  358.4
  100.0  16720  -84.5  -88.4     51   0.00    125     40  364.2  364.2  364.2
   91.0  17233  -88.1  -92.1     48   0.00    125     33  367.0  367.0  367.0
   86.0  17540  -90.3  -94.3     47   0.00    105     26  368.6  368.6  368.6
   83.0  17731  -88.3  -94.1     34   0.00     85     16  376.4  376.4  376.4
   82.7  17751  -88.1  -94.1     33   0.00     85     15  377.2  377.2  377.2
   80.7  17886  -79.9  -88.9     22   0.00     89     11  396.7  396.7  396.7
   80.0  17935  -80.0  -88.8     22   0.00     90     10  397.5  397.5  397.5
   77.0  18151  -80.3  -88.6     24   0.00     40     10  401.2  401.2  401.2
   75.1  18292  -80.5  -88.5     26   0.00     55      8  403.7  403.7  403.7
   71.0  18610  -79.7  -89.3     20   0.00     90      4  411.9  411.9  411.9
   70.0  18690  -79.5  -89.5     18   0.00    110      6  414.0  414.0  414.0
   66.3  18999  -77.3  -89.3     13   0.00    117      6  425.2  425.2  425.2
   62.0  19382  -78.3  -90.3     13   0.00    125      6  431.3  431.3  431.3
   61.0  19475  -78.5  -90.5     13   0.00    140     10  432.8  432.8  432.8
   60.3  19540  -78.7  -90.7     13   0.00    140     14  433.8  433.8  433.8
   59.0  19667  -77.0  -91.0      9   0.00    140     21  440.4  440.4  440.4
   57.0  19866  -74.2  -91.3      6   0.00    120     26  450.9  450.9  450.9
   55.2  20052  -71.7  -91.7      4   0.00     94     20  460.9  460.9  460.9
   53.0  20294  -70.1  -91.4      3   0.00     60     13  469.9  469.9  469.9
   50.0  20640  -67.9  -90.9      2   0.00    115     14  483.1  483.1  483.1
   47.0  21018  -66.3  -90.6      2   0.00    125     18  495.5  495.5  495.5
   44.0  21421  -64.6  -90.3      2   0.00     95     15  509.1  509.1  509.1
   43.0  21561  -64.0  -90.2      2   0.00    105     16  513.9  513.9  513.9
   39.6  22064  -61.9  -89.9      1   0.00     78     19  531.4  531.5  531.4
   37.0  22485  -62.3  -89.7      1   0.00     55     21  540.9  541.0  540.9
   36.0  22654  -62.4  -89.6      2   0.00     55     22  544.8  544.8  544.8
   35.4  22758  -62.5  -89.5      2   0.00     65     22  547.2  547.2  547.2
   34.0  23010  -61.6  -89.3      1   0.00     90     22  556.0  556.0  556.0
   33.0  23196  -60.9  -89.2      1   0.00    115     17  562.5  562.6  562.5
   30.0  23790  -58.7  -88.7      1   0.01     90     31  584.0  584.1  584.0
   29.0  24003  -58.1  -88.4      1   0.01    105     26  591.4  591.5  591.4
   28.0  24224  -57.4  -88.1      1   0.01     95     34  599.2  599.2  599.2
   27.0  24452  -56.8  -87.7      1   0.01     80     25  607.3  607.4  607.3
   26.9  24476  -56.7  -87.7      1   0.01     80     25  608.1  608.2  608.1
   24.7  25010  -59.9  -88.9      1   0.01     85     25  613.9  614.0  613.9
   23.0  25454  -59.9  -88.9      1   0.01     88     23  626.6  626.6  626.6
   22.0  25733  -58.9  -88.5      1   0.01     90     21  637.6  637.7  637.6
   21.0  26024  -57.8  -88.1      1   0.01    100     28  649.4  649.4  649.4
   20.0  26330  -56.7  -87.7      1   0.01     95     35  661.9  662.0  661.9
   17.7  27111  -51.9  -85.9      1   0.01     90     49  700.6  700.7  700.6
   16.0  27774  -50.7  -85.4      1   0.02     85     60  725.0  725.2  725.0
   11.0  30234  -46.2  -83.6      1   0.03    100     70  823.1  823.5  823.1
   10.8  30355  -46.0  -83.5      1   0.03    100     70  828.2  828.7  828.3
   10.0  30860  -45.1  -83.1      1   0.04     95     69  850.1  850.6  850.1
    8.4  32028  -43.5  -83.5      0   0.04     95     64  899.8  900.4  899.8
    8.0                                        95     63                     
Station information and sounding indices
