-----------------------------------------------------------------------------
   PRES   HGHT   TEMP   DWPT   RELH   MIXR   DRCT   SKNT   THTA   THTE   THTV
    hPa     m      C      C      %    g/kg    deg   knot     K      K      K 
-----------------------------------------------------------------------------
 1009.0      2   30.2   25.2     75  20.50    280     14  302.6  363.6  306.3
 1005.0     38   28.0   23.9     78  19.00    279     14  300.7  356.8  304.1
  965.0    398   25.0   22.7     87  18.38    272     13  301.2  355.5  304.5
  957.0    471   24.6   22.4     88  18.15    270     13  301.5  355.2  304.7
  908.0    930   21.7   20.2     92  16.75    280     14  303.1  353.0  306.1
  887.0   1134   20.4   19.3     93  16.16    265     15  303.8  352.0  306.7
  874.0   1263   19.6   18.7     95  15.79    274     14  304.2  351.5  307.1
  859.0   1413   19.1   17.4     90  14.80    285     13  305.2  349.7  307.9
  832.0   1688   18.1   15.1     82  13.10    280     12  307.0  346.7  309.4
  818.0   1834   17.6   13.8     78  12.27    288     12  307.9  345.3  310.2
  799.0   2035   16.4   15.9     97  14.43    298     11  308.7  352.7  311.4
  787.0   2162   15.8   15.0     95  13.85    305     11  309.4  351.8  312.0
  721.0   2894   12.2   10.0     87  10.82    300     11  313.3  347.0  315.3
  677.0   3420    9.6    6.4     81   9.00    320     14  316.1  344.6  317.8
  622.0   4129    6.1    1.6     73   6.94    320     19  319.8  342.3  321.1
  603.0   4388    4.8   -0.2     70   6.29    316     17  321.2  341.8  322.4
  576.0   4761    2.5   -0.4     81   6.47    310     14  322.7  344.0  324.0
  570.0   4846    2.0   -0.5     84   6.52    313     14  323.1  344.6  324.4
  547.0   5177    0.9   -3.4     73   5.46    325     12  325.6  343.9  326.7
  530.0   5432    0.1   -5.7     65   4.75    310     11  327.5  343.7  328.5
  527.0   5477   -0.1   -6.1     64   4.63    309     11  327.9  343.6  328.8
  495.0   5974   -3.6  -10.9     57   3.37    300     11  329.6  341.3  330.2
  480.0   6219   -5.3  -13.3     53   2.87    314      9  330.3  340.5  330.9
  468.0   6417   -6.7  -10.9     72   3.58    325      8  331.0  343.5  331.7
  464.0   6484   -6.9  -16.9     45   2.21    329      8  331.6  339.5  332.0
  455.0   6637   -7.7   -9.8     85   4.02    337      7  332.4  346.4  333.2
  450.0   6723   -8.1  -14.1     62   2.87    342      6  333.0  343.2  333.6
  413.0   7383  -12.0  -15.2     77   2.86     20      2  336.2  346.5  336.8
  396.0   7706  -13.9  -15.7     86   2.86      7      6  337.8  348.1  338.4
  376.0   8094  -16.3  -19.1     79   2.26    350     10  339.6  348.0  340.1
  365.0   8317  -17.7  -21.0     75   1.97    325     10  340.7  348.0  341.1
  341.0   8827  -20.9  -25.5     67   1.42    328     12  343.0  348.4  343.3
  331.0   9045  -22.6  -28.0     62   1.17    330     13  343.6  348.2  343.9
  323.0   9224  -24.0  -30.0     58   0.99    345     13  344.2  348.0  344.4
  311.0   9501  -26.1  -33.1     52   0.76    337     13  344.9  347.9  345.1
  301.0   9735  -28.0  -32.5     65   0.84    330     13  345.5  348.8  345.7
  291.0   9978  -29.9  -31.8     83   0.92    337     15  346.1  349.8  346.3
  287.0  10077  -30.5  -35.3     63   0.67    340     16  346.7  349.4  346.8
  284.0  10151  -30.9  -37.9     50   0.52    338     16  347.1  349.2  347.2
  277.0  10328  -32.5  -38.5     55   0.50    332     15  347.3  349.3  347.4
  271.0  10482  -33.7  -41.7     44   0.36    327     14  347.7  349.2  347.8
  256.0  10877  -37.0  -41.6     63   0.39    315     12  348.5  350.1  348.6
  248.0  11097  -38.9  -41.5     76   0.41    321     15  348.9  350.6  349.0
  242.0  11262  -40.4  -42.6     79   0.37    325     18  349.1  350.7  349.2
  236.0  11431  -41.9  -43.6     83   0.34    315     19  349.4  350.8  349.5
  217.0  11997  -46.9  -47.3     96   0.25    310     18  350.1  351.1  350.1
  201.0  12499  -51.4  -55.5     62   0.10    305     17  350.7  351.2  350.7
  200.0  12532  -51.7  -56.0     60   0.10    305     17  350.7  351.2  350.8
  172.0  13490  -60.7  -61.3     93   0.06    317     11  351.3  351.6  351.3
  165.0  13746  -63.2  -65.6     73   0.03    320     10  351.3  351.4  351.3
  160.0  13935  -65.1  -68.8     60   0.02    345      4  351.2  351.3  351.2
  157.0  14050  -65.8  -70.9     49   0.02      0      0  352.0  352.1  352.0
  148.0  14406  -67.9  -77.3     25   0.01    115     10  354.3  354.4  354.3
  143.0  14613  -69.1  -81.1     16   0.00    125     12  355.7  355.7  355.7
  137.0  14861  -70.7  -82.1     17   0.00    105     18  357.3  357.3  357.3
  134.0  14989  -71.5  -82.6     18   0.00     60     23  358.1  358.1  358.1
  132.0  15076  -72.0  -82.9     18   0.00     50     24  358.6  358.7  358.6
  130.0  15164  -72.6  -83.3     19   0.00     35     22  359.2  359.2  359.2
  105.0  16399  -80.5  -88.2     27   0.00     90     16  366.8  366.8  366.8
  100.0  16681  -82.3  -89.3     30   0.00     50     20  368.5  368.5  368.5
   98.0  16794  -83.0  -90.0     29   0.00     40     17  369.2  369.2  369.2
   97.8  16805  -83.1  -90.1     29   0.00     40     16  369.3  369.3  369.3
   94.0  17027  -81.5  -89.1     27   0.00     40      8  376.6  376.6  376.6
   91.1  17203  -80.3  -88.3     26   0.00    346     14  382.4  382.4  382.4
   90.0  17272  -80.3  -88.4     25   0.00    325     17  383.7  383.7  383.7
   88.0  17398  -80.3  -88.6     25   0.00    320     21  386.2  386.2  386.2
   81.0  17866  -80.3  -89.2     22   0.00    225     10  395.4  395.4  395.4
   80.0  17937  -80.3  -89.3     21   0.00    205     12  396.9  396.9  396.9
   79.0  18009  -78.6  -89.0     17   0.00    185     15  401.8  401.8  401.8
   77.1  18148  -75.3  -88.3     12   0.00    176     18  411.4  411.5  411.4
   76.0  18231  -75.0  -88.5     11   0.00    170     19  413.7  413.7  413.7
   74.0  18387  -74.5  -88.8     10   0.00    105     12  417.9  417.9  417.9
   70.0  18710  -73.5  -89.5      7   0.00     65      8  426.8  426.8  426.8
   69.8  18727  -73.5  -89.5      7   0.00     64      8  427.2  427.2  427.2
   63.0  19321  -75.9  -90.0      9   0.00     40      4  434.5  434.5  434.5
   61.0  19509  -76.7  -90.2     10   0.00     90     11  436.8  436.8  436.8
   60.0  19605  -77.1  -90.3     11   0.00     80     14  438.0  438.0  438.0
   59.5  19653  -77.3  -90.3     11   0.00     73     14  438.6  438.6  438.6
   58.0  19802  -76.4  -90.5      9   0.00     50     12  443.9  443.9  443.9
   54.0  20217  -73.8  -91.2      6   0.00     75     29  458.9  458.9  458.9
   53.0  20326  -73.2  -91.3      5   0.00     65     31  462.9  462.9  462.9
   52.0  20437  -72.5  -91.5      4   0.00     70     33  467.0  467.0  467.0
   51.0  20552  -70.4  -91.4      3   0.00     75     35  474.4  474.5  474.4
   50.0  20670  -68.3  -91.3      2   0.00     85     30  482.1  482.1  482.1
   47.6  20967  -64.9  -89.9      2   0.00     85     30  497.1  497.1  497.1
   43.0  21589  -63.7  -89.5      2   0.00     85     30  514.7  514.8  514.7
   42.4  21675  -63.5  -89.5      2   0.00     82     30  517.2  517.2  517.2
   40.0  22033  -63.6  -89.7      2   0.00     70     28  525.5  525.5  525.5
   38.0  22347  -63.8  -89.8      2   0.00     85     25  532.9  533.0  532.9
   36.4  22611  -63.9  -89.9      2   0.00     97     25  539.2  539.3  539.2
   36.0  22679  -63.4  -89.8      2   0.00    100     25  542.2  542.3  542.2
   33.3  23162  -59.9  -88.9      1   0.00    104     28  563.7  563.7  563.7
   33.0  23218  -60.1  -88.9      1   0.00    105     28  564.6  564.7  564.6
   31.0  23607  -61.4  -88.7      2   0.00     80     39  571.2  571.3  571.2
   30.6  23687  -61.7  -88.7      2   0.00     80     38  572.6  572.6  572.6
   30.0  23810  -61.3  -89.3      1   0.00     80     36  577.0  577.0  577.0
   27.0  24473  -59.6  -88.5      1   0.01    110     38  599.3  599.4  599.3
   24.0  25213  -57.7  -87.5      1   0.01     95     40  625.4  625.4  625.4
   23.4  25373  -57.3  -87.3      1   0.01     95     46  631.1  631.2  631.1
   22.0  25769  -55.5  -86.3      1   0.01     95     61  647.7  647.8  647.7
   20.0  26380  -52.7  -84.7      1   0.02     90     57  674.1  674.3  674.1
   19.0  26716  -51.0  -84.0      1   0.02     95     52  689.4  689.5  689.4
   18.0  27070  -49.2  -83.3      1   0.02     80     71  705.8  706.0  705.8
   16.4  27680  -46.1  -82.1      1   0.03     82     73  734.8  735.1  734.8
   14.0  28743  -44.2  -81.3      1   0.04     85     77  775.0  775.5  775.0
   13.9  28792  -44.2  -81.3      1   0.04     85     77  776.9  777.4  776.9
   11.0  30365  -41.4  -80.1      1   0.06     85     57  840.5  841.3  840.5
   10.5  30677  -40.9  -79.9      1   0.06                853.8  854.6  853.8
Station information and sounding indices
