-----------------------------------------------------------------------------
   PRES   HGHT   TEMP   DWPT   RELH   MIXR   DRCT   SKNT   THTA   THTE   THTV
    hPa     m      C      C      %    g/kg    deg   knot     K      K      K 
-----------------------------------------------------------------------------
 1002.0      2   27.0   25.2     90  20.65    290     31  300.0  360.8  303.7
 1000.0     29   26.6   24.9     90  20.31    290     29  299.8  359.5  303.4
  960.0    389   23.6   23.5     99  19.42    287     30  300.2  357.4  303.7
  925.0    714   22.6   20.2     86  16.40    285     30  302.4  351.1  305.4
  850.0   1449   18.8   18.4     98  15.93    270     23  305.8  353.8  308.7
  810.0   1860   16.9   16.3     96  14.60    270     20  308.0  352.4  310.7
  780.0   2183   15.3   14.6     96  13.62    260     11  309.7  351.4  312.2
  765.0   2348   14.6   13.8     95  13.13    250     12  310.6  351.0  313.0
  736.0   2678   13.0   12.1     94  12.20    257     19  312.3  350.2  314.6
  707.0   3016   11.4   10.2     92  11.16    265     27  314.2  349.1  316.3
  700.0   3100   11.0    9.7     92  10.91    270     25  314.6  348.9  316.7
  682.0   3317    9.8    7.4     85   9.54    280     24  315.6  345.7  317.4
  677.0   3379    9.4    6.7     83   9.17    279     24  315.9  344.9  317.6
  582.0   4616    2.3    1.7     96   7.47    260     23  321.5  345.8  322.9
  557.0   4975    0.2    0.2    100   7.02    284     19  323.1  346.2  324.5
  532.0   5344   -0.1   -0.1    100   7.21    310     15  327.0  351.0  328.4
  530.0   5374   -0.1   -0.1    100   7.22    309     15  327.4  351.4  328.8
  515.0   5604   -1.1   -1.1    100   6.91    300     18  328.9  352.1  330.2
  500.0   5840   -2.1   -2.1    100   6.61    310     14  330.4  352.8  331.7
  497.0   5887   -2.3   -2.4    100   6.52    315     15  330.7  352.8  332.0
  450.0   6666   -6.3   -6.6     98   5.21    290     15  335.2  353.3  336.2
  425.0   7115   -8.7   -9.1     97   4.55    300     17  337.8  353.8  338.7
  400.0   7590  -11.1  -11.7     95   3.93    290     18  340.5  354.6  341.3
  391.0   7764  -12.0  -13.0     92   3.61    285     18  341.5  354.6  342.3
  384.0   7902  -12.7  -14.1     89   3.37    290     18  342.4  354.6  343.1
  357.0   8451  -16.3  -17.3     92   2.77    310     16  344.8  355.0  345.3
  348.0   8643  -17.5  -18.4     93   2.58    290     16  345.6  355.2  346.1
  333.0   8974  -19.7  -20.4     94   2.28    301     15  347.0  355.6  347.5
  328.0   9085  -20.4  -21.3     92   2.14    305     15  347.5  355.6  348.0
  314.0   9405  -22.5  -24.0     88   1.76    295     12  349.0  355.8  349.3
  307.0   9571  -23.6  -25.4     85   1.59    310     13  349.7  355.9  350.0
  300.0   9740  -24.7  -26.8     83   1.43    300     13  350.5  356.1  350.8
  286.0  10086  -27.1  -29.3     82   1.19    296     13  351.8  356.6  352.1
  254.0  10927  -34.0  -36.1     81   0.69    285     12  353.8  356.7  353.9
  250.0  11040  -34.9  -37.0     81   0.64    285     12  354.0  356.7  354.2
  245.0  11181  -36.1  -37.8     84   0.60    286     12  354.3  356.8  354.4
  232.0  11559  -39.3  -42.3     73   0.40    289     11  355.0  356.7  355.1
  202.0  12493  -47.7  -52.1     60   0.15    295      8  356.1  356.8  356.1
  200.0  12560  -48.3  -52.8     59   0.14    295      8  356.1  356.8  356.1
  199.0  12593  -48.5  -53.3     57   0.14    295      8  356.3  356.9  356.3
  182.0  13173  -53.9  -56.8     70   0.10    300     13  356.7  357.2  356.8
  150.0  14380  -65.3  -69.5     56   0.02    295     15  357.4  357.5  357.4
  143.0  14668  -68.3  -75.3     36   0.01    282     17  357.1  357.1  357.1
  142.0  14708  -68.7  -75.6     36   0.01    280     17  357.1  357.2  357.2
  126.0  15391  -75.0  -81.0     39   0.00    290     22  358.2  358.2  358.2
  108.0  16271  -83.0  -87.9     44   0.00    245     16  359.0  359.0  359.0
  103.0  16541  -85.5  -90.0     46   0.00    245     18  359.2  359.2  359.2
  100.0  16710  -87.1  -91.3     47   0.00    220     15  359.2  359.2  359.2
   96.0  16931  -88.2  -92.1     48   0.00    165     17  361.4  361.4  361.4
   91.1  17215  -89.5  -93.2     50   0.00    150     31  364.1  364.1  364.1
   87.2  17451  -89.9  -93.3     53   0.00    131     40  367.9  367.9  367.9
   85.5  17558  -85.7  -91.7     34   0.00    123     44  378.5  378.5  378.5
   85.0  17590  -85.2  -90.8     37   0.00    120     45  380.1  380.1  380.1
   83.9  17662  -84.1  -88.9     43   0.00    115     45  383.8  383.8  383.8
   80.0  17925  -85.2  -89.8     44   0.00     95     43  386.8  386.9  386.8
   78.8  18008  -85.5  -90.1     44   0.00     83     37  387.8  387.8  387.8
   76.2  18195  -80.3  -87.3     31   0.00     57     25  402.4  402.4  402.4
   76.0  18210  -80.2  -87.4     30   0.00     55     24  403.0  403.0  403.0
   74.0  18362  -78.9  -88.4     20   0.00     70      9  408.8  408.8  408.8
   71.9  18526  -77.5  -89.5     13   0.00     60     10  415.1  415.1  415.1
   71.0  18599  -77.2  -89.2     13   0.00     55     10  417.2  417.2  417.2
   70.0  18680  -76.9  -88.9     13   0.00     70     10  419.6  419.6  419.6
   66.0  19019  -76.3  -89.3     11   0.00    120      5  428.0  428.0  428.0
   65.0  19107  -76.1  -89.4     11   0.00    120     10  430.2  430.2  430.2
   63.0  19287  -75.8  -89.6     10   0.00    135     17  434.8  434.8  434.8
   62.4  19342  -75.7  -89.7     10   0.00    123     18  436.2  436.2  436.2
   61.0  19476  -72.2  -90.1      5   0.00     95     22  446.9  446.9  446.9
   60.0  19573  -69.6  -90.4      3   0.00     80     10  454.8  454.8  454.8
   58.9  19683  -66.7  -90.7      2   0.00     69      7  463.7  463.7  463.7
   58.7  19703  -66.7  -90.7      2   0.00     67      7  464.1  464.1  464.1
   57.0  19880  -67.2  -90.0      3   0.00     50      3  467.0  467.0  467.0
   55.0  20095  -67.7  -89.2      3   0.00    125     10  470.5  470.5  470.5
   54.4  20161  -67.9  -88.9      4   0.00    119     12  471.6  471.6  471.6
   53.0  20319  -67.3  -88.9      3   0.00    105     18  476.5  476.5  476.5
   50.0  20670  -65.9  -88.9      3   0.00    130     18  487.8  487.8  487.8
   48.0  20917  -66.7  -89.7      3   0.00    130     18  491.7  491.7  491.7
   46.9  21057  -67.1  -90.1      3   0.00    116     23  493.9  493.9  493.9
   46.0  21175  -66.2  -89.8      2   0.00    105     27  498.9  498.9  498.9
   43.0  21588  -63.0  -88.6      2   0.00     65     24  516.5  516.5  516.5
   41.2  21850  -60.9  -87.9      2   0.00     69     16  528.0  528.0  528.0
   41.0  21880  -61.0  -87.9      2   0.00     70     15  528.5  528.5  528.5
   39.0  22188  -61.7  -88.0      2   0.00     95     22  534.3  534.3  534.3
   36.0  22681  -62.9  -88.0      2   0.00     65     32  543.7  543.7  543.7
   33.0  23217  -64.1  -88.1      2   0.01     65     31  554.0  554.1  554.0
   32.0  23409  -61.8  -87.4      2   0.01     90     37  565.1  565.2  565.1
   31.0  23606  -59.4  -86.7      2   0.01     90     31  576.8  576.8  576.8
   30.0  23810  -56.9  -85.9      1   0.01    105     36  588.9  589.0  588.9
   29.9  23831  -56.9  -85.9      1   0.01    105     36  589.5  589.6  589.5
   27.7  24314  -58.1  -86.1      2   0.01    101     46  599.2  599.2  599.2
   27.0  24477  -57.1  -85.8      2   0.01    100     49  606.4  606.5  606.4
   26.0  24718  -55.6  -85.3      1   0.01     85     58  617.2  617.3  617.2
   24.0  25229  -52.5  -84.3      1   0.01     60     45  640.6  640.7  640.6
   23.9  25256  -52.3  -84.3      1   0.01     61     44  641.8  642.0  641.8
   22.0  25788  -54.0  -84.7      1   0.01     85     34  652.0  652.2  652.0
   21.1  26057  -54.9  -84.9      1   0.01     85     41  657.2  657.4  657.3
   20.0  26400  -53.7  -84.7      1   0.02     85     50  671.0  671.2  671.1
   18.0  27096  -51.9  -84.1      1   0.02     80     67  697.3  697.5  697.3
   13.0  29246  -46.2  -82.2      1   0.04     80     60  784.7  785.2  784.8
   10.0  30980  -41.7  -80.7      1   0.06     85     66  862.8  863.5  862.8
    9.5  31328  -41.3  -81.3      1   0.06     88     69  877.0  877.8  877.0
    8.3  32253  -36.7  -79.7      0   0.08     98     75  929.6  930.8  929.6
    8.0  32508  -36.9  -79.7      0   0.09    100     77  938.7  940.0  938.8
    7.0  33430  -37.5  -79.7      0   0.10     90     85  972.7  974.1  972.7
    6.7  33733  -37.7  -79.7      0   0.10                984.1  985.6  984.1
Station information and sounding indices
